res	aa	Beta	Turn	Helix	Aggregation	Conc-Stab_Aggregation
01	  P	  0.0	  0.0	0.000	0.000	0.000
02	  A	  0.2	  0.0	0.000	0.000	0.000
03	  W	  0.8	  0.0	0.000	0.000	0.000
04	  L	  1.3	  0.0	0.000	0.000	0.000
05	  V	  4.9	  0.0	0.000	0.000	0.000
06	  D	  4.4	  0.0	0.000	0.000	0.000
07	  C	  3.9	  0.2	0.000	0.000	0.000
08	  P	  0.0	  0.2	0.000	0.000	0.000
09	  C	  0.4	  0.5	0.000	0.000	0.000
10	  V	  0.4	  2.1	0.000	0.000	0.000
11	  G	  0.4	  2.1	0.109	0.000	0.000
12	  D	  0.1	  2.1	1.116	0.000	0.000
13	  D	  0.7	  2.2	2.634	0.000	0.000
14	  I	  1.7	  0.5	2.634	0.000	0.000
15	  S	  1.7	  0.4	2.760	0.000	0.000
16	  R	  1.5	  0.4	2.760	0.000	0.000
17	  L	  0.7	  0.1	2.760	0.000	0.000
18	  L	  0.7	  0.1	2.505	0.000	0.000
19	  T	  0.4	  0.2	1.790	0.000	0.000
20	  R	  0.3	  0.3	1.790	0.000	0.000
21	  G	  0.1	  0.3	0.672	0.000	0.000
22	  E	  0.0	  0.2	0.114	0.000	0.000
23	  K	  0.0	  0.0	0.000	0.000	0.000
