res	aa	Beta	Turn	Helix	Aggregation	Conc-Stab_Aggregation
01	  M	  0.1	  0.2	0.000	0.000	0.000
02	  S	  0.1	  0.2	0.000	0.000	0.000
03	  D	  1.0	  0.9	0.000	0.000	0.000
04	  I	  1.9	  0.9	0.000	0.000	0.000
05	  N	  2.0	  0.9	0.000	0.000	0.000
06	  A	  1.2	  0.9	0.000	0.000	0.000
07	  T	  1.1	  0.2	0.000	0.000	0.000
08	  R	  1.1	  0.2	0.000	0.000	0.000
09	  L	  0.9	  0.0	0.000	0.000	0.000
10	  P	  0.1	  0.0	0.000	0.115	0.115
11	  V	  1.8	  0.0	0.000	22.752	22.752
12	  W	  1.9	  0.0	0.000	22.752	22.752
13	  I	  2.0	  0.0	0.000	22.752	22.752
14	  G	  0.3	  0.0	0.000	22.752	22.752
15	  Y	  0.6	  0.0	0.000	22.752	22.752
16	  S	  0.5	  0.2	0.000	0.000	0.000
17	  P	  0.4	  0.2	0.000	0.000	0.000
18	  C	  0.4	  0.4	0.000	0.000	0.000
19	  V	  0.4	  2.1	0.000	0.000	0.000
20	  G	  0.4	  2.2	0.370	0.000	0.000
21	  D	  0.0	  2.2	1.703	0.000	0.000
22	  D	  0.0	  1.9	3.397	0.000	0.000
23	  A	  0.4	  0.3	3.397	15.092	15.092
24	  V	  3.6	  0.0	3.397	16.730	16.730
25	  A	  3.9	  0.0	3.397	16.730	16.730
26	  L	  3.9	  0.0	3.397	16.730	16.730
27	  L	  0.7	  0.0	3.241	16.730	16.730
28	  N	  0.4	  0.4	2.354	2.226	2.226
29	  R	  0.1	  0.5	1.206	0.000	0.000
30	  G	  0.0	  0.5	0.163	0.000	0.000
31	  E	  0.0	  0.5	0.000	0.000	0.000
32	  G	  0.0	  0.1	0.000	0.000	0.000
