res	aa	Beta	Turn	Helix	Aggregation	Conc-Stab_Aggregation
01	  M	  1.9	  0.0	0.000	0.000	0.000
02	  Q	  2.9	  0.0	0.000	0.000	0.000
03	  M	  3.2	  0.1	0.000	0.000	0.000
04	  T	  1.4	  0.2	1.622	0.000	0.000
05	  D	  0.3	  0.3	4.433	0.000	0.000
06	  R	  0.1	  0.3	4.433	0.000	0.000
07	  G	  0.1	  0.2	6.325	8.660	8.660
08	  L	  0.2	  0.1	6.325	24.443	24.443
09	  L	  0.5	  0.0	6.325	24.443	24.443
10	  A	  0.7	  0.0	6.325	24.443	24.443
11	  L	  0.7	  0.0	6.325	24.443	24.443
12	  V	  2.6	  0.0	5.547	23.781	23.781
13	  R	  2.7	  0.1	5.547	0.000	0.000
14	  H	  2.5	  0.6	1.732	0.000	0.000
15	  E	  0.4	  0.6	0.607	0.000	0.000
16	  G	  0.1	  0.6	0.000	0.000	0.000
17	  I	  0.7	  0.6	0.000	0.000	0.000
18	  V	  0.7	  0.0	0.000	0.000	0.000
19	  P	  0.6	  0.1	0.000	0.000	0.000
20	  G	  0.0	  0.3	0.000	0.000	0.000
21	  P	  0.0	  0.3	0.000	0.000	0.000
22	  Y	  1.7	  0.4	0.000	0.000	0.000
23	  T	  2.1	  0.3	0.000	0.000	0.000
24	  D	  3.4	  0.1	0.000	0.000	0.000
25	  V	  3.6	  0.2	0.000	0.000	0.000
26	  K	  3.3	  0.0	0.000	0.000	0.000
27	  Q	  2.8	  0.0	0.000	2.049	2.049
28	  V	  2.8	  0.0	0.000	45.745	45.745
29	  W	 10.0	  0.0	0.000	46.377	46.377
30	  T	 10.1	  0.1	0.000	46.377	46.377
31	  F	  8.7	  0.4	0.000	46.377	46.377
32	  G	  1.3	  0.6	0.000	46.125	46.125
33	  I	  0.4	  0.6	0.000	45.576	45.576
34	  G	  0.1	  0.5	0.000	8.378	8.378
35	  H	  0.0	  0.2	0.000	0.000	0.000
