res	aa	Beta	Turn	Helix	Aggregation	Conc-Stab_Aggregation
01	  M	  0.1	  0.0	0.000	0.000	0.000
02	  A	  0.1	  0.3	0.000	0.000	0.000
03	  A	  0.2	  0.3	0.000	0.000	0.000
04	  D	  1.6	  0.3	0.000	0.000	0.000
05	  I	  3.6	  0.3	0.000	4.300	4.300
06	  I	  4.4	  0.0	0.000	4.543	4.543
07	  S	  3.3	  0.0	0.000	4.543	4.543
08	  T	  1.7	  0.2	0.300	4.962	4.962
09	  I	  0.8	  2.0	0.300	5.654	5.654
10	  G	  0.4	  2.0	0.535	4.476	4.476
11	  D	  0.2	  2.0	1.363	5.063	5.063
12	  L	  0.7	  1.9	1.363	34.598	34.598
13	  V	  3.2	  0.0	1.363	39.705	39.705
14	  K	  3.3	  0.0	1.363	39.774	39.774
15	  W	  3.5	  0.0	1.063	39.857	39.857
16	  I	  1.8	  0.0	0.946	39.857	39.857
17	  I	  2.7	  0.0	0.946	39.614	39.614
18	  D	  2.5	  0.0	1.116	34.794	34.794
19	  T	  7.1	  0.0	0.791	34.013	34.013
20	  V	  6.2	  0.0	0.791	33.540	33.540
21	  N	  5.8	  0.0	0.791	1.387	1.387
22	  K	  1.5	  0.0	0.534	0.083	0.083
23	  F	  2.5	  0.0	0.413	0.083	0.083
24	  K	  2.4	  0.0	0.105	0.000	0.000
25	  I	  1.4	  0.0	0.000	0.000	0.000
