res	aa	Beta	Turn	Helix	Aggregation	Conc-Stab_Aggregation
01	  M	  0.1	  0.0	0.000	0.000	0.000
02	  I	  0.6	  0.1	0.150	0.000	0.000
03	  E	  0.7	  0.1	0.437	0.000	0.000
04	  S	  0.7	  0.1	4.218	0.000	0.000
05	  M	  0.3	  0.1	4.218	0.000	0.000
06	  A	  0.3	  0.2	4.218	0.000	0.000
07	  A	  0.2	  0.3	4.218	0.000	0.000
08	  R	  0.2	  0.5	4.218	0.000	0.000
09	  G	  0.1	  0.6	3.781	0.000	0.000
10	  N	  0.1	  0.3	2.929	0.000	0.000
11	  L	  0.2	  0.3	1.320	0.060	0.060
12	  L	  3.8	  0.0	1.090	0.060	0.060
13	  T	 13.1	  0.0	1.090	0.060	0.060
14	  Y	 13.1	  0.0	1.090	0.060	0.060
15	  W	  9.6	  0.1	1.222	0.060	0.060
16	  P	  0.1	  0.1	0.266	0.445	0.445
17	  L	  0.3	  0.2	0.266	31.614	31.614
18	  A	  0.4	  0.2	0.266	31.892	31.892
19	  L	  1.0	  0.1	0.266	31.893	31.893
20	  F	  2.4	  0.1	0.266	31.893	31.893
21	  F	  3.6	  0.0	0.134	31.864	31.864
22	  A	  3.1	  0.0	0.000	1.904	1.904
23	  L	  1.5	  0.1	0.000	0.002	0.002
24	  P	  0.0	  0.1	0.239	0.047	0.047
25	  Q	  0.5	  0.1	0.239	3.720	3.720
26	  V	 12.3	  0.1	0.239	92.056	92.056
27	  V	 19.1	  0.0	0.239	99.342	99.342
28	  V	 21.7	  0.0	0.239	99.942	99.942
29	  L	 10.9	  0.0	0.239	99.992	99.992
30	  L	  4.0	  0.0	0.239	100.000	100.000
31	  W	  1.0	  0.0	0.239	99.988	99.988
32	  I	  1.5	  0.0	0.101	99.931	99.931
33	  W	  1.6	  0.0	0.101	99.281	99.281
34	  L	  1.3	  0.0	0.101	92.823	92.823
35	  R	  0.4	  0.0	0.101	0.020	0.020
