res	aa	Beta	Turn	Helix	Aggregation	Conc-Stab_Aggregation
01	  M	  0.1	  0.2	0.000	0.000	0.000
02	  S	  0.1	  0.2	0.000	0.000	0.000
03	  D	  1.0	  0.9	0.000	0.000	0.000
04	  I	  1.9	  0.9	0.000	0.000	0.000
05	  N	  2.0	  0.9	0.000	0.000	0.000
06	  A	  1.2	  0.9	0.000	0.000	0.000
07	  T	  1.1	  0.2	0.000	0.000	0.000
08	  R	  1.1	  0.2	0.000	0.000	0.000
09	  L	  0.9	  0.0	0.000	0.000	0.000
10	  P	  0.1	  0.0	0.000	0.000	0.000
11	  I	  0.7	  0.0	0.000	0.745	0.745
12	  W	  0.9	  0.1	0.000	0.745	0.745
13	  G	  0.9	  0.4	0.000	0.745	0.745
14	  I	  0.4	  1.5	0.000	0.745	0.745
15	  G	  0.3	  1.5	0.000	0.745	0.745
16	  C	  0.3	  1.4	0.000	0.454	0.454
17	  N	  0.2	  1.1	0.000	0.000	0.000
18	  P	  0.1	  0.0	0.000	0.000	0.000
19	  C	  0.3	  0.2	0.000	0.000	0.000
20	  V	  0.4	  1.2	0.000	0.000	0.000
21	  G	  0.4	  1.2	0.000	0.000	0.000
22	  D	  0.1	  1.2	2.500	0.000	0.000
23	  E	  5.0	  1.0	2.500	0.000	0.000
24	  V	  7.7	  0.0	2.500	28.180	28.180
25	  T	  8.0	  0.0	2.500	30.245	30.245
26	  A	  3.4	  0.0	2.500	30.245	30.245
27	  L	  1.0	  0.0	2.500	30.245	30.245
28	  I	  4.4	  0.0	1.742	30.245	30.245
29	  T	  4.2	  0.2	1.742	12.670	12.670
30	  R	  3.9	  0.2	1.644	0.000	0.000
31	  G	  0.2	  0.2	0.811	0.000	0.000
32	  E	  0.1	  0.2	0.105	0.000	0.000
33	  A	  0.0	  0.0	0.000	0.000	0.000
