res	aa	Beta	Turn	Helix	Aggregation	Conc-Stab_Aggregation
01	  S	  0.0	  0.6	0.000	0.000	0.000
02	  D	  0.0	  0.9	0.000	0.000	0.000
03	  G	  0.0	  1.2	0.000	0.000	0.000
04	  R	  0.1	  1.2	0.000	0.000	0.000
05	  N	  0.1	  0.6	0.000	0.000	0.000
06	  A	  0.2	  0.3	0.000	3.000	3.000
07	  A	  1.2	  0.0	0.000	3.238	3.238
08	  V	  5.5	  0.0	0.000	3.238	3.238
09	  I	  6.2	  0.0	0.000	3.238	3.238
10	  S	  5.4	  0.1	0.000	3.238	3.238
11	  T	  1.3	  0.2	0.000	1.368	1.368
12	  E	  0.4	  0.3	0.000	0.000	0.000
13	  S	  0.2	  0.3	0.000	0.000	0.000
14	  D	  1.4	  0.3	0.081	0.000	0.000
15	  V	 14.0	  0.1	0.081	34.369	34.369
16	  I	 17.4	  0.0	0.081	34.369	34.369
17	  V	 22.0	  0.0	0.081	34.369	34.369
18	  T	 15.6	  0.0	0.081	34.369	34.369
19	  C	 12.0	  0.0	0.081	34.369	34.369
20	  K	  6.2	  0.0	0.081	0.000	0.000
21	  P	  0.1	  0.0	0.000	0.000	0.000
22	  C	  2.5	  0.0	0.000	0.000	0.000
23	  V	  2.7	  0.0	0.000	0.000	0.000
24	  N	  2.7	  0.3	0.000	0.000	0.000
25	  P	  0.2	  0.5	0.000	0.000	0.000
26	  A	  0.1	  0.5	0.000	0.000	0.000
27	  C	  0.3	  0.6	0.000	0.000	0.000
28	  G	  0.6	  0.3	0.000	0.000	0.000
29	  I	  1.2	  0.1	0.000	0.000	0.000
30	  N	  0.9	  0.7	0.000	0.000	0.000
31	  R	  0.6	  0.7	0.000	0.000	0.000
32	  G	  0.1	  0.7	0.000	0.000	0.000
33	  K	  0.9	  0.7	0.000	0.000	0.000
34	  C	  0.9	  0.1	0.000	0.000	0.000
35	  R	  0.9	  0.0	0.000	0.000	0.000
