res	aa	Beta	Turn	Helix	Aggregation	Conc-Stab_Aggregation
01	  I	  0.7	  0.0	0.000	0.000	0.000
02	  W	  0.9	  0.1	0.000	0.000	0.000
03	  G	  0.9	  0.4	0.000	0.000	0.000
04	  I	  0.4	  1.5	0.000	0.000	0.000
05	  G	  0.3	  1.5	0.000	0.000	0.000
06	  C	  0.3	  1.4	0.000	0.000	0.000
07	  N	  0.2	  1.1	0.000	0.000	0.000
08	  P	  0.1	  0.0	0.000	0.000	0.000
09	  C	  0.3	  0.2	0.000	0.000	0.000
10	  V	  0.4	  1.2	0.000	0.000	0.000
11	  G	  0.4	  1.2	0.000	0.000	0.000
12	  D	  0.1	  1.2	2.500	0.000	0.000
13	  E	  5.0	  1.0	2.500	0.000	0.000
14	  V	  7.7	  0.0	2.500	27.863	27.863
15	  T	  8.0	  0.0	2.500	29.905	29.905
16	  A	  3.4	  0.0	2.500	29.905	29.905
17	  L	  1.0	  0.0	2.500	29.905	29.905
18	  I	  4.4	  0.0	1.742	29.905	29.905
19	  T	  4.2	  0.2	1.742	12.529	12.529
20	  R	  3.9	  0.2	1.644	0.000	0.000
21	  G	  0.2	  0.2	0.811	0.000	0.000
22	  E	  0.1	  0.2	0.105	0.000	0.000
23	  A	  0.0	  0.0	0.000	0.000	0.000
