res	aa	Beta	Turn	Helix	Aggregation	Conc-Stab_Aggregation
01	  M	  0.1	  0.2	0.000	0.000	0.000
02	  S	  0.1	  0.2	0.000	0.000	0.000
03	  D	  1.0	  0.9	0.000	0.000	0.000
04	  I	  1.9	  0.9	0.000	0.000	0.000
05	  N	  2.0	  0.9	0.000	0.000	0.000
06	  A	  1.2	  0.9	0.000	0.000	0.000
07	  T	  1.1	  0.2	0.000	0.000	0.000
08	  R	  1.1	  0.2	0.000	0.000	0.000
09	  L	  0.9	  0.0	0.000	0.000	0.000
10	  P	  0.1	  0.0	0.000	0.000	0.000
11	  I	  0.7	  0.0	0.000	0.317	0.317
12	  W	  0.9	  0.1	0.000	0.317	0.317
13	  G	  0.9	  0.4	0.000	0.317	0.317
14	  I	  0.4	  1.1	0.000	0.317	0.317
15	  G	  0.3	  1.1	0.000	0.317	0.317
16	  C	  0.3	  1.0	0.000	0.193	0.193
17	  D	  0.2	  0.9	0.000	0.000	0.000
18	  P	  0.1	  0.1	0.000	0.000	0.000
19	  C	  0.3	  0.4	0.000	0.000	0.000
20	  V	  0.4	  1.3	0.000	0.000	0.000
21	  G	  0.4	  1.2	0.000	0.000	0.000
22	  D	  0.1	  1.2	5.151	0.000	0.000
23	  E	  4.9	  0.9	5.271	0.000	0.000
24	  V	  7.6	  0.0	5.271	16.176	16.176
25	  T	  7.9	  0.0	5.431	17.361	17.361
26	  A	  3.4	  0.0	5.431	17.361	17.361
27	  L	  0.8	  0.0	5.431	17.361	17.361
28	  L	  0.6	  0.0	4.668	17.361	17.361
29	  T	  0.4	  0.2	4.020	7.273	7.273
30	  R	  0.3	  0.3	3.819	0.000	0.000
31	  G	  0.2	  0.3	1.270	0.000	0.000
32	  E	  0.1	  0.2	0.225	0.000	0.000
33	  A	  0.0	  0.0	0.000	0.000	0.000
