res	aa	Beta	Turn	Helix	Aggregation	Conc-Stab_Aggregation
01	  M	  0.1	  0.2	0.000	0.000	0.000
02	  S	  0.1	  0.2	0.000	0.000	0.000
03	  D	  1.0	  0.9	0.000	0.000	0.000
04	  I	  1.9	  0.9	0.000	0.000	0.000
05	  N	  2.0	  0.9	0.000	0.000	0.000
06	  A	  1.2	  0.9	0.000	0.000	0.000
07	  T	  1.1	  0.2	0.000	0.000	0.000
08	  R	  1.1	  0.2	0.000	0.000	0.000
09	  L	  0.9	  0.0	0.000	0.000	0.000
10	  P	  0.1	  0.0	0.000	0.000	0.000
11	  I	  0.7	  0.0	0.000	0.711	0.711
12	  W	  0.9	  0.1	0.000	0.711	0.711
13	  G	  0.9	  0.4	0.000	0.711	0.711
14	  I	  0.4	  1.5	0.000	0.711	0.711
15	  G	  0.3	  1.5	0.000	0.711	0.711
16	  C	  0.3	  1.4	0.000	0.433	0.433
17	  N	  0.2	  2.5	0.000	0.000	0.000
18	  P	  0.1	  1.5	0.000	0.000	0.000
19	  S	  0.3	  1.7	0.000	0.000	0.000
20	  V	  0.3	  2.5	0.000	0.000	0.000
21	  G	  0.3	  1.1	0.132	0.000	0.000
22	  D	  0.1	  1.1	8.167	0.000	0.000
23	  E	  4.7	  0.9	8.562	0.000	0.000
24	  V	  7.3	  0.0	8.562	3.666	3.666
25	  T	  7.6	  0.0	9.115	3.995	3.995
26	  A	  3.3	  0.0	9.115	3.995	3.995
27	  L	  0.8	  0.0	9.115	3.995	3.995
28	  L	  0.5	  0.4	8.395	3.995	3.995
29	  A	  0.3	  0.6	7.884	2.013	2.013
30	  S	  0.2	  0.8	5.698	0.000	0.000
31	  G	  0.1	  0.8	0.796	0.000	0.000
32	  E	  0.1	  0.4	0.163	0.000	0.000
33	  A	  0.0	  0.2	0.000	0.000	0.000
