res	aa	Beta	Turn	Helix	Aggregation	Conc-Stab_Aggregation
01	  M	  0.1	  0.2	0.000	0.000	0.000
02	  S	  0.1	  0.2	0.000	0.000	0.000
03	  D	  1.0	  0.9	0.000	0.000	0.000
04	  I	  1.9	  0.9	0.000	0.000	0.000
05	  N	  2.0	  0.9	0.000	0.000	0.000
06	  A	  1.2	  0.9	0.000	0.000	0.000
07	  T	  1.1	  0.2	0.000	0.000	0.000
08	  R	  1.1	  0.2	0.000	0.000	0.000
09	  L	  0.9	  0.0	0.273	0.000	0.000
10	  P	  0.1	  0.0	1.060	0.480	0.480
11	  I	  0.8	  0.0	1.276	92.575	92.575
12	  F	  1.8	  0.0	1.418	99.787	99.787
13	  W	  2.3	  0.0	1.418	99.858	99.858
14	  F	  2.2	  0.0	1.418	99.861	99.861
15	  I	  2.8	  0.0	1.418	99.857	99.857
16	  Y	  2.4	  0.0	1.418	90.996	90.996
17	  F	  1.8	  0.3	1.418	11.643	11.643
18	  P	  0.2	  0.3	0.000	5.248	5.248
19	  C	  0.4	  0.5	0.000	0.000	0.000
20	  V	  0.4	  3.0	0.000	0.000	0.000
21	  G	  0.4	  3.0	0.000	0.000	0.000
22	  D	  0.1	  3.0	0.000	0.000	0.000
23	  N	  1.2	  3.3	0.000	0.000	0.000
24	  V	  1.6	  0.9	0.000	0.000	0.000
25	  D	  1.6	  0.7	0.000	0.000	0.000
26	  N	  0.4	  0.7	0.869	0.000	0.000
27	  T	  2.8	  0.1	0.869	0.000	0.000
28	  L	  3.0	  0.1	0.869	0.000	0.000
29	  T	  3.0	  0.3	0.869	0.000	0.000
30	  R	  0.3	  0.3	0.869	0.000	0.000
31	  G	  0.1	  0.3	0.869	0.000	0.000
32	  E	  0.0	  0.2	0.153	0.000	0.000
33	  R	  0.0	  0.0	0.000	0.000	0.000
