res	aa	Beta	Turn	Helix	Aggregation	Conc-Stab_Aggregation
01	  M	  0.1	  0.2	0.000	0.000	0.000
02	  S	  0.1	  0.2	0.000	0.000	0.000
03	  D	  1.0	  0.9	0.000	0.000	0.000
04	  I	  1.9	  0.9	0.000	0.000	0.000
05	  N	  2.0	  0.9	0.000	0.000	0.000
06	  A	  1.2	  0.9	0.000	0.000	0.000
07	  T	  1.1	  0.2	0.000	0.000	0.000
08	  R	  1.1	  0.2	0.000	0.000	0.000
09	  L	  0.9	  0.2	0.000	0.000	0.000
10	  P	  0.1	  0.2	0.000	0.497	0.497
11	  A	  0.2	  0.2	0.000	0.497	0.497
12	  W	  0.8	  0.2	0.000	0.497	0.497
13	  L	  1.3	  0.0	0.000	0.497	0.497
14	  V	  4.9	  0.0	0.000	0.497	0.497
15	  D	  4.4	  0.0	0.000	0.000	0.000
16	  C	  3.9	  0.2	0.000	0.000	0.000
17	  P	  0.0	  0.2	0.000	0.000	0.000
18	  C	  0.3	  0.5	0.000	0.000	0.000
19	  V	  0.4	  2.1	0.000	0.000	0.000
20	  G	  0.4	  2.1	0.279	0.000	0.000
21	  D	  0.1	  2.1	1.458	0.000	0.000
22	  D	  0.9	  2.5	2.776	0.000	0.000
23	  I	  1.5	  0.8	2.776	0.000	0.000
24	  N	  1.5	  0.6	2.913	0.000	0.000
25	  R	  1.0	  0.6	2.913	0.000	0.000
26	  L	  0.6	  0.0	2.913	0.000	0.000
27	  L	  0.7	  0.1	2.374	0.000	0.000
28	  T	  0.4	  0.2	1.303	0.000	0.000
29	  R	  0.3	  0.3	1.303	0.000	0.000
30	  G	  0.1	  0.3	0.448	0.000	0.000
31	  E	  0.0	  0.2	0.000	0.000	0.000
32	  K	  0.0	  0.0	0.000	0.000	0.000
