res	aa	Beta	Turn	Helix	Aggregation	Conc-Stab_Aggregation
01	  P	  0.0	  0.0	0.000	0.000	0.000
02	  A	  0.2	  0.0	0.000	0.000	0.000
03	  W	  0.8	  0.0	0.000	0.000	0.000
04	  L	  1.3	  0.0	0.000	0.000	0.000
05	  V	  4.9	  0.0	0.000	0.000	0.000
06	  D	  4.4	  0.0	0.000	0.000	0.000
07	  C	  3.9	  0.2	0.000	0.000	0.000
08	  P	  0.0	  0.2	0.000	0.000	0.000
09	  C	  0.4	  0.5	0.000	0.000	0.000
10	  V	  0.4	  2.2	0.000	0.000	0.000
11	  G	  0.4	  2.2	0.109	0.000	0.000
12	  D	  0.1	  2.2	1.071	0.000	0.000
13	  D	  0.8	  2.5	2.162	0.000	0.000
14	  V	  1.1	  0.8	2.162	0.000	0.000
15	  N	  1.1	  0.6	2.301	0.000	0.000
16	  R	  0.7	  0.6	2.301	0.000	0.000
17	  L	  0.6	  0.0	2.301	0.000	0.000
18	  L	  0.7	  0.1	1.910	0.000	0.000
19	  T	  0.4	  0.2	1.151	0.000	0.000
20	  R	  0.3	  0.3	1.151	0.000	0.000
21	  G	  0.1	  0.3	0.388	0.000	0.000
22	  E	  0.0	  0.2	0.000	0.000	0.000
23	  R	  0.0	  0.0	0.000	0.000	0.000
