res	aa	Beta	Turn	Helix	Aggregation	Conc-Stab_Aggregation
01	  M	  0.1	  0.2	0.000	0.000	0.000
02	  S	  0.1	  0.2	0.000	0.000	0.000
03	  D	  0.9	  0.9	0.000	0.000	0.000
04	  I	  1.8	  0.9	0.000	0.000	0.000
05	  N	  1.9	  1.0	0.000	0.000	0.000
06	  A	  1.3	  1.0	0.000	0.000	0.000
07	  T	  4.5	  0.4	0.000	0.000	0.000
08	  C	  4.6	  0.4	0.178	0.000	0.000
09	  L	  4.4	  0.2	0.716	0.000	0.000
10	  P	  0.2	  0.2	2.981	0.000	0.000
11	  A	  0.2	  0.2	3.389	5.815	5.815
12	  W	  0.5	  0.2	3.389	5.815	5.815
13	  L	  0.8	  0.0	3.389	5.815	5.815
14	  A	  0.8	  0.0	3.389	5.815	5.815
15	  L	  0.5	  0.0	3.389	5.815	5.815
16	  C	  0.2	  0.2	3.183	0.000	0.000
17	  P	  0.1	  0.2	0.000	0.000	0.000
18	  C	  0.4	  0.5	0.000	0.000	0.000
19	  V	  0.4	  2.2	0.000	0.000	0.000
20	  G	  0.4	  2.2	0.000	0.000	0.000
21	  D	  0.1	  2.2	0.000	0.000	0.000
22	  D	  1.3	  2.0	0.000	0.000	0.000
23	  V	  1.6	  0.2	0.000	0.000	0.000
24	  N	  1.5	  0.3	0.000	0.000	0.000
25	  P	  0.2	  0.3	0.000	0.000	0.000
26	  T	  2.8	  0.3	0.000	0.000	0.000
27	  L	  3.0	  0.3	0.000	0.000	0.000
28	  T	  3.0	  0.2	0.000	0.000	0.000
29	  R	  0.3	  0.7	0.000	0.000	0.000
30	  G	  0.1	  0.7	0.000	0.000	0.000
31	  G	  0.0	  0.7	0.000	0.000	0.000
32	  T	  0.0	  0.5	0.000	0.000	0.000
