res	aa	Beta	Turn	Helix	Aggregation	Conc-Stab_Aggregation
01	  P	  0.0	  0.0	0.000	0.000	0.000
02	  A	  0.2	  0.0	0.000	0.000	0.000
03	  W	  0.8	  0.0	0.000	0.000	0.000
04	  L	  1.3	  0.0	0.000	0.000	0.000
05	  V	  4.9	  0.0	0.000	0.000	0.000
06	  D	  4.4	  0.0	0.000	0.000	0.000
07	  C	  3.9	  0.2	0.000	0.000	0.000
08	  P	  0.0	  0.2	0.000	0.000	0.000
09	  C	  0.4	  0.5	0.000	0.000	0.000
10	  V	  0.4	  2.1	0.000	0.000	0.000
11	  G	  0.4	  2.2	0.000	0.000	0.000
12	  D	  0.1	  2.2	0.000	0.000	0.000
13	  D	  0.8	  2.2	0.000	0.000	0.000
14	  V	  3.6	  0.5	0.000	29.330	29.330
15	  N	  4.4	  0.3	0.000	31.484	31.484
16	  F	  4.6	  0.3	0.000	31.484	31.484
17	  I	  3.4	  0.0	0.000	31.484	31.484
18	  L	  2.7	  0.0	0.000	31.484	31.484
19	  T	  1.9	  0.3	0.000	13.206	13.206
20	  R	  0.3	  0.4	0.000	0.000	0.000
21	  G	  0.1	  0.4	0.000	0.000	0.000
22	  Q	  0.1	  0.3	0.000	0.000	0.000
23	  K	  0.0	  0.0	0.000	0.000	0.000
