res	aa	Beta	Turn	Helix	Aggregation	Conc-Stab_Aggregation
01	  M	  0.1	  0.2	0.000	0.000	0.000
02	  S	  0.1	  0.2	0.000	0.000	0.000
03	  D	  1.0	  0.9	0.000	0.000	0.000
04	  I	  1.9	  0.9	0.000	0.000	0.000
05	  N	  2.0	  0.9	0.000	0.000	0.000
06	  A	  1.2	  0.9	0.000	0.000	0.000
07	  T	  1.1	  0.2	0.000	0.000	0.000
08	  R	  1.1	  0.2	0.000	0.000	0.000
09	  L	  0.9	  0.0	0.000	0.000	0.000
10	  P	  0.1	  0.0	0.000	0.000	0.000
11	  I	  5.9	  0.0	0.000	0.365	0.365
12	  I	  7.8	  0.0	0.000	0.365	0.365
13	  L	  7.8	  0.0	0.000	0.365	0.365
14	  A	  2.0	  0.0	0.000	0.365	0.365
15	  P	  0.0	  0.0	0.000	0.365	0.365
16	  I	  0.4	  0.0	0.000	0.000	0.000
17	  I	  0.5	  0.0	0.000	0.000	0.000
18	  P	  0.5	  0.0	0.000	0.000	0.000
19	  C	  3.8	  0.1	0.000	0.000	0.000
20	  I	  3.9	  0.2	0.000	0.000	0.000
21	  N	  3.9	  0.9	0.000	0.000	0.000
22	  D	  0.2	  0.9	0.000	0.000	0.000
23	  D	  0.8	  1.3	0.000	0.000	0.000
24	  V	  2.3	  1.3	0.000	0.000	0.000
25	  N	  2.4	  0.6	0.000	0.000	0.000
26	  S	  1.8	  0.7	0.000	0.000	0.000
27	  T	  3.0	  0.1	0.000	0.000	0.000
28	  L	  3.4	  0.2	0.000	0.000	0.000
29	  T	  3.3	  0.4	0.000	0.000	0.000
30	  S	  0.6	  0.6	0.000	0.000	0.000
31	  G	  0.1	  0.6	0.000	0.000	0.000
32	  E	  0.1	  0.5	0.000	0.000	0.000
33	  R	  0.0	  0.3	0.000	0.000	0.000
