res	aa	Beta	Turn	Helix	Aggregation	Conc-Stab_Aggregation
01	  E	  0.3	  0.0	0.000	0.000	0.000
02	  C	  0.9	  0.0	0.000	0.000	0.000
03	  R	  1.3	  0.0	0.000	0.000	0.000
04	  W	  1.4	  0.0	0.000	0.156	0.156
05	  L	  0.9	  0.0	0.000	0.156	0.156
06	  F	  0.6	  0.4	0.000	0.156	0.156
07	  G	  0.2	  1.0	0.000	0.156	0.156
08	  G	  0.2	  1.0	0.000	0.156	0.156
09	  C	  3.4	  1.0	0.000	0.156	0.156
10	  T	  3.8	  0.9	0.000	0.156	0.156
11	  K	  3.8	  0.3	0.000	0.000	0.000
12	  D	  0.4	  7.1	0.000	0.000	0.000
13	  A	  0.1	  7.1	0.000	0.000	0.000
14	  D	  1.1	  6.8	0.101	0.000	0.000
15	  C	  8.6	  6.8	0.101	0.000	0.000
16	  C	  8.8	  0.2	0.101	0.000	0.000
17	  K	  7.8	  0.1	0.101	0.000	0.000
18	  H	  0.5	  0.5	0.101	0.000	0.000
19	  L	  0.3	  0.8	0.101	0.000	0.000
20	  G	  0.3	  0.7	0.496	0.000	0.000
21	  C	  1.2	  0.7	0.395	0.000	0.000
22	  R	  1.4	  0.4	0.395	0.000	0.000
23	  R	  3.9	  0.2	0.395	0.000	0.000
24	  S	  3.1	  0.2	0.395	0.000	0.000
25	  Y	  2.8	  0.3	0.395	0.000	0.000
26	  P	  0.2	  0.2	0.000	0.000	0.000
27	  Q	  2.0	  0.2	0.000	0.000	0.000
28	  Y	  3.6	  0.3	0.000	0.000	0.000
29	  C	  3.6	  0.1	0.000	0.000	0.000
30	  G	  1.7	  0.1	0.000	0.000	0.000
31	  W	  0.8	  0.1	0.000	0.000	0.000
32	  D	  0.9	  0.0	0.000	0.000	0.000
33	  L	  3.4	  0.0	0.000	0.000	0.000
34	  T	  2.8	  0.0	0.000	0.000	0.000
35	  V	  2.6	  0.0	0.000	0.000	0.000
