res	aa	Beta	Turn	Helix	Aggregation	Conc-Stab_Aggregation
01	  A	  0.0	  0.3	0.000	0.000	0.000
02	  A	  0.0	  0.4	0.000	0.000	0.000
03	  N	  0.1	  0.5	0.000	0.000	0.000
04	  K	  0.1	  0.5	0.000	0.000	0.000
05	  K	  0.2	  0.3	0.000	0.000	0.000
06	  A	  0.4	  0.3	0.000	0.141	0.141
07	  S	  0.4	  0.2	0.648	0.846	0.846
08	  A	  0.5	  0.2	0.648	4.306	4.306
09	  L	  1.3	  0.0	0.648	8.230	8.230
10	  V	  2.6	  0.0	0.648	8.791	8.791
11	  A	  2.7	  0.0	0.648	8.791	8.791
12	  Q	  2.1	  0.0	0.648	8.634	8.634
13	  I	  0.7	  0.2	0.388	8.507	8.507
14	  A	  0.4	  0.2	0.388	6.694	6.694
15	  D	  0.1	  4.3	0.268	0.000	0.000
16	  R	  0.0	  4.4	0.112	0.000	0.000
17	  D	  1.1	  4.2	0.000	0.000	0.000
18	  C	  8.0	  4.3	0.000	0.000	0.000
19	  C	  8.3	  0.2	0.000	0.000	0.000
20	  N	  7.2	  0.2	0.000	0.000	0.000
21	  D	  0.3	  0.6	0.115	0.000	0.000
22	  P	  0.0	  0.4	0.115	0.000	0.000
23	  A	  0.1	  0.4	0.115	0.000	0.000
24	  C	  5.2	  0.4	0.115	0.000	0.000
25	  T	 10.6	  0.1	0.115	0.000	0.000
26	  V	 11.4	  0.1	0.115	0.000	0.000
27	  N	  6.4	  0.1	0.115	0.000	0.000
28	  N	  0.9	  0.8	0.000	0.000	0.000
29	  P	  0.0	  0.7	0.000	0.000	0.000
30	  G	  0.0	  0.7	0.000	0.000	0.000
31	  L	  0.3	  0.7	0.000	0.000	0.000
32	  C	  0.3	  0.0	0.000	0.000	0.000
33	  T	  0.2	  0.0	0.000	0.000	0.000
