res	aa	Beta	Turn	Helix	Aggregation	Conc-Stab_Aggregation
01	  E	  0.2	  0.2	0.000	0.000	0.000
02	  R	  0.2	  0.2	0.000	0.000	0.000
03	  D	  0.9	  0.2	0.000	0.000	0.000
04	  C	  2.2	  0.3	0.000	0.000	0.000
05	  R	  2.7	  0.1	0.000	0.000	0.000
06	  K	  2.2	  0.1	0.000	0.000	0.000
07	  F	  1.5	  0.3	0.000	0.000	0.000
08	  M	  1.2	  0.2	0.000	0.000	0.000
09	  G	  1.0	  0.2	0.000	0.000	0.000
10	  L	  0.4	  0.2	0.000	0.000	0.000
11	  C	  0.5	  0.3	0.000	0.000	0.000
12	  K	  0.5	  0.9	0.000	0.000	0.000
13	  S	  0.4	  2.5	0.000	0.000	0.000
14	  D	  0.0	  6.4	0.000	0.000	0.000
15	  D	  0.0	  6.2	0.000	0.000	0.000
16	  D	  1.8	  5.6	0.000	0.000	0.000
17	  C	  2.8	  4.0	0.000	0.000	0.000
18	  C	  2.8	  0.5	0.132	0.000	0.000
19	  P	  1.0	  0.4	0.132	0.000	0.000
20	  H	  0.5	  0.4	0.132	0.000	0.000
21	  L	  1.8	  0.5	0.132	0.000	0.000
22	  M	  3.0	  0.0	0.132	0.000	0.000
23	  C	  6.1	  0.0	0.132	0.000	0.000
24	  Y	  6.2	  0.2	0.132	0.000	0.000
25	  K	  5.2	  0.1	0.132	0.000	0.000
26	  Y	  1.7	  0.1	0.000	0.654	0.654
27	  G	  0.4	  0.1	0.000	0.824	0.824
28	  W	  0.4	  0.0	0.000	0.824	0.824
29	  C	  0.4	  0.0	0.000	0.824	0.824
30	  G	  0.4	  0.4	0.000	0.824	0.824
31	  W	  0.2	  0.7	0.000	0.824	0.824
32	  D	  0.1	  0.7	0.000	0.000	0.000
33	  G	  0.1	  0.7	0.000	0.000	0.000
34	  S	  0.0	  0.4	0.000	0.000	0.000
