res	aa	Beta	Turn	Helix	Aggregation	Conc-Stab_Aggregation
01	  K	  0.1	  0.2	0.000	0.000	0.000
02	  R	  0.2	  0.2	0.000	0.000	0.000
03	  G	  0.2	  0.2	0.000	0.000	0.000
04	  F	  1.0	  0.4	0.000	0.308	0.308
05	  L	  2.9	  0.2	0.000	0.308	0.308
06	  D	  3.9	  0.2	0.289	0.308	0.308
07	  V	  5.7	  0.2	0.289	0.308	0.308
08	  V	  5.6	  0.0	0.289	0.308	0.308
09	  K	  5.0	  0.0	0.289	0.308	0.308
10	  H	  3.4	  0.4	0.289	0.000	0.000
11	  I	  1.7	  0.6	0.289	0.000	0.000
12	  G	  1.1	  0.6	1.078	0.000	0.000
13	  K	  0.2	  0.6	0.911	0.000	0.000
14	  A	  0.3	  0.3	0.789	0.000	0.000
15	  A	  0.3	  0.2	0.789	0.126	0.126
16	  L	  0.2	  0.2	0.789	0.339	0.339
17	  G	  0.1	  0.2	1.024	0.339	0.339
18	  A	  0.4	  0.0	0.563	0.339	0.339
19	  V	  4.9	  0.0	0.235	0.339	0.339
20	  T	  5.7	  0.0	0.235	0.213	0.213
21	  H	  6.2	  0.0	0.235	0.000	0.000
22	  L	  2.3	  0.0	0.235	0.000	0.000
23	  I	  2.9	  0.0	0.125	0.000	0.000
24	  N	  2.1	  0.6	0.125	0.000	0.000
25	  Q	  1.6	  0.7	0.000	0.000	0.000
26	  G	  0.0	  0.7	0.000	0.000	0.000
27	  E	  0.0	  0.7	0.000	0.000	0.000
28	  Q	  0.0	  0.1	0.000	0.000	0.000
