res	aa	Beta	Turn	Helix	Aggregation	Conc-Stab_Aggregation
01	  K	  0.1	  0.5	0.000	0.000	0.000
02	  A	  0.1	  0.5	0.000	0.000	0.000
03	  G	  0.1	  0.8	0.000	0.000	0.000
04	  Q	  0.1	  0.9	0.000	0.000	0.000
05	  D	  0.1	  0.8	0.000	0.000	0.000
06	  H	  0.3	  0.7	0.000	0.000	0.000
07	  D	  0.7	  0.9	0.000	0.000	0.000
08	  W	  1.9	  1.0	0.000	0.000	0.000
09	  S	  1.8	  0.8	0.000	0.000	0.000
10	  K	  1.5	  0.8	0.000	0.000	0.000
11	  L	  0.3	  0.5	0.000	1.620	1.620
12	  G	  0.1	  0.4	0.000	1.876	1.876
13	  T	  0.4	  0.2	0.000	2.388	2.388
14	  S	  0.9	  0.2	0.000	3.235	3.235
15	  I	  4.0	  0.0	0.000	6.338	6.338
16	  V	  4.0	  0.1	0.000	6.338	6.338
17	  G	  3.8	  0.1	0.000	6.197	6.197
18	  I	  1.2	  0.1	0.000	6.197	6.197
19	  A	  0.8	  0.9	0.000	4.524	4.524
20	  E	  0.3	  3.3	0.000	0.000	0.000
21	  N	  0.0	  3.4	0.000	0.000	0.000
22	  G	  0.0	  3.4	0.150	0.463	0.463
23	  I	  0.3	  2.6	0.150	0.577	0.577
24	  G	  0.2	  0.2	0.336	0.577	0.577
25	  L	  0.6	  0.1	0.336	0.577	0.577
26	  L	  0.7	  0.1	0.336	0.577	0.577
27	  S	  1.0	  0.0	0.336	0.115	0.115
28	  K	  1.6	  0.0	0.336	0.000	0.000
29	  V	  2.3	  0.0	0.185	0.000	0.000
30	  F	  2.0	  0.0	0.185	0.000	0.000
31	  G	  1.1	  0.0	0.000	0.000	0.000
32	  G	  0.1	  0.0	0.000	0.000	0.000
