res	aa	Beta	Turn	Helix	Aggregation	Conc-Stab_Aggregation
01	  E	  0.3	  0.0	0.000	0.000	0.000
02	  C	  1.0	  0.0	0.000	0.000	0.000
03	  R	  2.1	  0.0	0.000	0.000	0.000
04	  Y	  2.5	  0.0	0.000	0.246	0.246
05	  W	  1.8	  0.0	0.000	0.246	0.246
06	  L	  0.8	  0.2	0.000	0.246	0.246
07	  G	  0.1	  0.4	0.000	0.246	0.246
08	  G	  0.1	  0.4	0.000	0.246	0.246
09	  C	  2.8	  0.5	0.000	0.000	0.000
10	  E	  3.1	  0.3	0.000	0.000	0.000
11	  K	  3.2	  0.2	0.000	0.000	0.000
12	  T	  0.6	  0.6	0.000	0.000	0.000
13	  S	  0.2	  0.6	0.000	0.000	0.000
14	  D	  1.1	  0.5	0.000	0.000	0.000
15	  C	 12.5	  0.5	0.000	0.000	0.000
16	  C	 13.6	  0.1	0.000	0.000	0.000
17	  E	 12.6	  0.1	0.000	0.000	0.000
18	  H	  1.7	  0.2	0.000	0.000	0.000
19	  L	  5.3	  0.2	0.000	0.000	0.000
20	  S	 35.1	  0.1	0.000	0.000	0.000
21	  C	 34.8	  0.1	0.000	0.000	0.000
22	  S	 31.1	  0.2	0.000	0.000	0.000
23	  P	  0.2	  0.4	0.000	0.000	0.000
24	  K	  0.0	  0.6	0.000	0.000	0.000
25	  H	  0.1	  0.7	0.000	0.100	0.100
26	  G	  0.1	  0.4	0.000	15.203	15.203
27	  W	  1.5	  0.3	0.000	15.203	15.203
28	  C	  2.0	  0.0	0.000	15.203	15.203
29	  V	  4.1	  0.0	0.000	15.203	15.203
30	  W	  3.8	  0.0	0.000	15.203	15.203
31	  D	  3.7	  0.0	0.000	0.000	0.000
32	  W	  5.4	  0.0	0.000	0.000	0.000
33	  T	  4.3	  0.0	0.000	0.000	0.000
34	  F	  3.8	  0.0	0.000	0.000	0.000
