res	aa	Beta	Turn	Helix	Aggregation	Conc-Stab_Aggregation
01	  M	  0.0	  0.0	0.000	0.000	0.000
02	  Q	  0.2	  0.1	0.000	0.000	0.000
03	  E	  0.3	  0.1	0.000	0.000	0.000
04	  K	  0.6	  0.2	0.000	0.000	0.000
05	  R	  0.8	  0.2	0.000	0.000	0.000
06	  Q	  1.0	  0.1	0.000	0.000	0.000
07	  Q	  1.4	  0.1	0.000	2.671	2.671
08	  L	  1.3	  0.1	0.000	14.132	14.132
09	  V	  5.0	  0.0	0.000	14.351	14.351
10	  Q	  4.9	  0.0	0.000	14.351	14.351
11	  V	  8.8	  0.0	0.000	14.351	14.351
12	  V	  5.0	  0.1	0.000	14.351	14.351
13	  S	  4.4	  0.2	2.017	1.775	1.775
14	  D	  0.3	  0.2	2.492	0.000	0.000
15	  T	  0.2	  0.2	4.086	0.000	0.000
16	  E	  0.3	  0.1	4.467	0.000	0.000
17	  L	  1.8	  0.1	4.467	0.000	0.000
18	  E	  2.1	  0.0	4.467	0.000	0.000
19	  V	  4.6	  0.0	4.316	0.940	0.940
20	  L	  3.2	  0.0	4.316	0.940	0.940
21	  I	  2.8	  3.4	4.045	0.940	0.940
22	  G	  0.2	  3.6	4.045	0.940	0.940
23	  G	  0.1	  3.6	2.141	0.940	0.940
24	  K	  0.0	  3.7	0.517	0.000	0.000
25	  G	  0.0	  1.3	0.000	0.000	0.000
26	  P	  0.0	  1.1	0.000	0.000	0.000
27	  G	  0.0	  1.1	0.000	0.000	0.000
28	  L	  0.6	  1.0	0.000	0.000	0.000
29	  V	  2.1	  0.1	0.000	0.000	0.000
30	  K	  2.4	  0.1	0.000	0.000	0.000
31	  T	  1.8	  0.1	0.000	0.000	0.000
32	  F	  0.3	  0.1	0.000	0.000	0.000
