res	aa	Beta	Turn	Helix	Aggregation	Conc-Stab_Aggregation
01	  E	  0.3	  0.0	0.000	0.000	0.000
02	  C	  0.9	  0.0	0.000	0.000	0.000
03	  R	  1.8	  0.0	0.000	0.000	0.000
04	  W	  2.1	  0.0	0.000	0.202	0.202
05	  Y	  1.8	  0.0	0.000	0.202	0.202
06	  L	  1.0	  0.1	0.000	0.202	0.202
07	  G	  0.4	  0.1	0.146	0.202	0.202
08	  A	  0.1	  0.1	0.146	0.202	0.202
09	  C	  0.4	  0.2	0.146	0.000	0.000
10	  K	  0.4	  0.5	0.146	0.000	0.000
11	  K	  0.3	  0.6	0.146	0.000	0.000
12	  D	  0.1	  6.1	0.146	0.000	0.000
13	  S	  0.1	  6.0	0.800	0.000	0.000
14	  D	  1.1	  5.6	0.800	0.000	0.000
15	  C	  8.6	  5.5	0.800	0.000	0.000
16	  C	  8.8	  0.2	0.800	0.000	0.000
17	  K	  7.8	  0.1	0.800	0.000	0.000
18	  H	  0.9	  0.1	0.800	0.000	0.000
19	  L	  2.1	  0.1	0.330	0.000	0.000
20	  Q	  2.5	  0.0	0.130	0.000	0.000
21	  C	  2.5	  0.1	0.000	0.000	0.000
22	  H	  1.4	  0.1	0.000	0.000	0.000
23	  S	  1.7	  0.1	0.140	0.000	0.000
24	  Y	  2.8	  0.1	0.140	0.000	0.000
25	  W	  4.4	  0.0	0.140	0.000	0.000
26	  E	  4.0	  0.0	0.140	0.000	0.000
27	  W	  4.4	  0.0	0.140	0.000	0.000
28	  C	  3.2	  0.0	0.140	0.000	0.000
29	  I	  2.9	  0.1	0.140	0.000	0.000
30	  W	  0.9	  0.2	0.140	0.000	0.000
31	  D	  0.2	  0.3	0.000	0.000	0.000
32	  G	  0.1	  0.3	0.000	0.000	0.000
33	  T	 13.4	  0.2	0.000	0.000	0.000
34	  I	 13.4	  0.0	0.000	0.000	0.000
35	  S	 13.3	  0.0	0.000	0.000	0.000
