res	aa	Beta	Turn	Helix	Aggregation	Conc-Stab_Aggregation
01	  C	  0.7	  0.1	0.000	0.000	0.000
02	  S	  0.9	  0.1	0.000	0.000	0.000
03	  R	  2.1	  0.1	0.000	0.000	0.000
04	  Y	  2.4	  0.1	0.000	0.116	0.116
05	  F	  2.6	  0.0	0.000	0.116	0.116
06	  L	  1.4	  0.2	0.000	0.116	0.116
07	  G	  0.4	  0.9	0.000	0.116	0.116
08	  G	  0.1	  0.9	0.000	0.116	0.116
09	  C	  0.6	  0.9	0.000	0.116	0.116
10	  T	  0.8	  0.8	0.000	0.000	0.000
11	  E	  0.8	  0.1	0.000	0.000	0.000
12	  H	  0.2	  1.0	0.000	0.000	0.000
13	  S	  0.1	  1.1	0.000	0.000	0.000
14	  D	  1.1	  1.0	0.000	0.000	0.000
15	  C	 12.7	  1.0	0.000	0.000	0.000
16	  C	 14.2	  0.2	0.000	0.000	0.000
17	  E	 13.2	  0.1	0.000	0.000	0.000
18	  H	  2.4	  0.3	0.000	0.000	0.000
19	  L	  5.8	  0.3	0.000	0.000	0.000
20	  S	  7.0	  0.2	0.000	0.000	0.000
21	  C	  6.9	  0.4	0.000	0.000	0.000
22	  K	  2.0	  0.2	0.000	0.000	0.000
23	  M	  1.0	  0.2	0.000	0.000	0.000
24	  G	  0.5	  0.4	0.000	0.000	0.000
25	  L	  2.0	  0.2	0.000	0.138	0.138
26	  N	  2.7	  0.2	0.000	0.138	0.138
27	  Y	  5.3	  0.2	0.000	0.138	0.138
28	  C	  3.9	  0.1	0.000	0.138	0.138
29	  A	  3.1	  0.4	0.000	0.138	0.138
30	  W	  0.5	  0.5	0.000	0.138	0.138
31	  D	  0.2	  0.6	0.000	0.000	0.000
32	  G	  0.1	  0.5	0.000	0.000	0.000
33	  T	  0.0	  0.3	0.000	0.000	0.000
34	  F	  0.0	  0.1	0.000	0.000	0.000
