res	aa	Beta	Turn	Helix	Aggregation	Conc-Stab_Aggregation
01	  K	  0.1	  0.2	0.000	0.000	0.000
02	  R	  0.2	  0.2	0.000	0.000	0.000
03	  G	  0.2	  0.2	0.000	0.000	0.000
04	  F	  1.0	  0.4	0.000	0.000	0.000
05	  L	  2.8	  0.2	0.000	0.000	0.000
06	  D	  4.5	  0.2	0.139	0.000	0.000
07	  V	  7.6	  0.2	0.139	0.459	0.459
08	  I	  7.8	  0.0	0.139	0.459	0.459
09	  T	  7.7	  0.0	0.139	0.459	0.459
10	  H	  4.1	  0.4	0.139	0.459	0.459
11	  V	  2.0	  0.5	0.139	0.459	0.459
12	  G	  0.5	  0.6	0.139	0.000	0.000
13	  K	  0.3	  0.6	0.000	0.000	0.000
14	  A	  0.4	  0.3	0.000	0.000	0.000
15	  V	  0.4	  0.3	0.000	0.000	0.000
16	  G	  0.2	  0.4	1.239	0.000	0.000
17	  K	  0.3	  0.4	1.239	0.000	0.000
18	  A	  0.3	  0.2	1.239	0.265	0.265
19	  A	  0.4	  0.0	1.239	0.576	0.576
20	  L	  0.6	  0.0	1.239	0.576	0.576
21	  N	  0.5	  0.0	1.377	0.576	0.576
22	  A	  0.7	  0.0	0.667	0.576	0.576
23	  V	  0.6	  0.0	0.301	0.576	0.576
24	  N	  0.6	  0.0	0.421	0.000	0.000
25	  E	  0.3	  0.0	0.258	0.000	0.000
26	  M	  0.8	  0.0	0.258	0.000	0.000
27	  V	  2.6	  0.0	0.120	0.000	0.000
28	  N	  2.5	  0.7	0.120	0.000	0.000
29	  Q	  1.7	  0.7	0.120	0.000	0.000
30	  G	  0.0	  0.7	0.000	0.000	0.000
31	  E	  0.0	  0.7	0.000	0.000	0.000
32	  Q	  0.0	  0.1	0.000	0.000	0.000
