res	aa	Beta	Turn	Helix	Aggregation	Conc-Stab_Aggregation
01	  A	  0.0	  0.3	0.000	0.000	0.000
02	  A	  0.0	  0.3	0.000	0.000	0.000
03	  N	  0.1	  0.4	0.000	0.000	0.000
04	  R	  0.1	  0.5	0.000	0.000	0.000
05	  K	  0.3	  0.3	0.000	0.000	0.000
06	  A	  0.4	  0.3	0.000	0.141	0.141
07	  S	  0.4	  0.2	0.648	0.846	0.846
08	  A	  0.5	  0.2	0.648	4.308	4.308
09	  L	  1.3	  0.0	0.648	8.231	8.231
10	  V	  2.6	  0.0	0.648	8.792	8.792
11	  A	  2.7	  0.0	0.648	8.792	8.792
12	  Q	  2.1	  0.0	0.648	8.635	8.635
13	  I	  0.7	  0.2	0.388	8.508	8.508
14	  A	  0.4	  0.2	0.388	6.694	6.694
15	  D	  0.1	  4.3	0.268	0.000	0.000
16	  R	  0.0	  4.4	0.112	0.000	0.000
17	  D	  1.1	  4.2	0.000	0.000	0.000
18	  C	  8.0	  4.3	0.000	0.000	0.000
19	  C	  8.2	  0.2	0.000	0.000	0.000
20	  N	  7.2	  0.2	0.000	0.000	0.000
21	  D	  0.3	  0.6	0.499	0.000	0.000
22	  P	  0.0	  0.4	0.499	0.000	0.000
23	  A	  0.1	  0.4	0.499	0.000	0.000
24	  C	  1.2	  0.4	0.499	0.000	0.000
25	  A	  1.5	  0.1	0.499	0.000	0.000
26	  V	  2.4	  0.1	0.499	0.000	0.000
27	  N	  1.3	  0.1	0.499	0.000	0.000
28	  N	  1.0	  0.8	0.183	0.000	0.000
29	  P	  0.0	  0.8	0.000	0.000	0.000
30	  G	  0.0	  0.8	0.000	0.000	0.000
31	  L	  0.3	  0.8	0.000	0.000	0.000
32	  C	  0.3	  0.0	0.000	0.000	0.000
33	  T	  0.2	  0.0	0.000	0.000	0.000
