res	aa	Beta	Turn	Helix	Aggregation	Conc-Stab_Aggregation
01	  M	  0.2	  0.5	0.000	0.000	0.000
02	  Q	  0.7	  0.5	0.000	0.000	0.000
03	  D	  0.9	  0.5	0.000	0.000	0.000
04	  F	  0.8	  0.5	0.000	0.000	0.000
05	  A	  0.3	  0.2	0.000	0.000	0.000
06	  P	  0.2	  0.3	0.000	0.000	0.000
07	  E	  0.2	  0.3	0.000	0.000	0.000
08	  H	  0.3	  0.3	0.000	0.000	0.000
09	  S	  0.3	  0.4	0.000	0.000	0.000
10	  P	  0.0	  0.3	0.000	0.000	0.000
11	  W	  1.7	  0.3	0.000	0.000	0.000
12	  F	  1.9	  0.3	0.000	0.000	0.000
13	  D	  1.9	  0.0	1.678	0.000	0.000
14	  P	  0.2	  0.0	1.678	0.000	0.000
15	  V	  1.1	  0.0	1.678	0.000	0.000
16	  R	  1.2	  0.1	1.678	0.000	0.000
17	  R	  1.6	  0.1	1.678	0.000	0.000
18	  C	  9.0	  0.1	1.678	0.000	0.000
19	  C	  9.6	  0.2	0.840	0.000	0.000
20	  S	  9.4	  2.2	0.536	0.000	0.000
21	  R	  1.0	  2.2	0.228	0.000	0.000
22	  D	  0.9	  2.2	0.000	0.000	0.000
23	  C	  2.9	  2.1	0.000	0.000	0.000
24	  R	  2.9	  0.0	0.000	0.000	0.000
25	  V	  5.5	  0.0	0.000	0.000	0.000
26	  C	  3.6	  0.0	0.000	0.000	0.000
27	  I	  3.6	  0.0	0.000	0.000	0.000
28	  P	  0.4	  0.0	0.000	0.000	0.000
29	  C	  1.1	  0.0	0.000	0.000	0.000
30	  C	  1.1	  0.0	0.000	0.000	0.000
31	  P	  1.1	  0.0	0.000	0.000	0.000
32	  H	  0.0	  0.0	0.000	0.000	0.000
