res	aa	Beta	Turn	Helix	Aggregation	Conc-Stab_Aggregation
01	  M	  0.1	  1.5	0.000	0.000	0.000
02	  G	  0.1	  1.5	0.000	0.811	0.811
03	  S	  1.0	  1.5	0.000	0.811	0.811
04	  Y	  1.9	  1.5	0.000	0.811	0.811
05	  I	  2.5	  0.0	0.000	0.811	0.811
06	  L	  1.8	  0.1	0.000	0.811	0.811
07	  E	  0.8	  0.1	0.000	0.000	0.000
08	  S	  0.2	  0.1	0.000	0.000	0.000
09	  E	  0.1	  0.1	0.000	0.000	0.000
10	  P	  0.0	  0.0	0.000	0.000	0.000
11	  Q	  0.9	  0.0	0.000	0.000	0.000
12	  I	  1.6	  0.0	0.000	0.000	0.000
13	  L	  2.2	  0.0	0.000	0.000	0.000
14	  E	  1.7	  0.1	0.000	0.000	0.000
15	  L	  3.1	  0.1	0.000	0.356	0.356
16	  S	  3.6	  0.1	0.000	0.356	0.356
17	  Y	  4.8	  0.0	0.000	0.750	0.750
18	  Y	  3.1	  0.4	0.000	0.750	0.750
19	  A	  2.0	  0.5	0.000	0.750	0.750
20	  G	  0.4	  0.7	0.000	0.514	0.514
21	  L	  0.1	  1.0	0.000	0.514	0.514
22	  G	  0.0	  0.6	0.000	0.000	0.000
23	  S	  0.6	  2.2	0.000	0.000	0.000
24	  K	  0.7	  2.0	0.000	0.000	0.000
25	  N	  0.8	  2.2	0.000	0.000	0.000
26	  S	  0.2	  2.6	0.000	0.000	0.000
27	  Q	  0.2	  0.9	0.000	0.000	0.000
28	  G	  0.1	  0.9	0.000	0.000	0.000
29	  F	  2.5	  0.5	0.000	0.000	0.000
30	  E	  2.6	  0.0	0.000	0.000	0.000
31	  M	  2.8	  0.0	0.000	0.000	0.000
32	  W	  1.1	  0.1	0.000	0.000	0.000
33	  D	  1.0	  0.1	0.000	0.000	0.000
34	  L	  0.7	  0.1	0.000	0.000	0.000
35	  L	  0.0	  0.1	0.000	0.000	0.000
