res	aa	Beta	Turn	Helix	Aggregation	Conc-Stab_Aggregation
01	  A	  0.1	  0.2	0.000	0.000	0.000
02	  A	  0.2	  0.2	0.000	0.000	0.000
03	  S	  0.4	  0.3	0.126	0.000	0.000
04	  R	  0.4	  0.3	0.126	0.000	0.000
05	  K	  0.4	  0.3	0.126	0.000	0.000
06	  A	  0.4	  0.3	0.126	0.134	0.134
07	  S	  0.4	  0.2	1.048	0.796	0.796
08	  A	  0.5	  0.2	1.048	4.005	4.005
09	  L	  1.0	  0.0	1.048	7.645	7.645
10	  I	  1.7	  0.0	1.048	8.167	8.167
11	  A	  1.7	  0.0	1.048	8.167	8.167
12	  Q	  1.5	  0.0	1.048	8.017	8.017
13	  I	  0.7	  0.2	0.467	7.898	7.898
14	  A	  0.4	  0.2	0.467	6.219	6.219
15	  D	  0.1	  4.3	0.469	0.000	0.000
16	  R	  0.0	  4.3	0.281	0.000	0.000
17	  D	  1.1	  4.2	0.147	0.000	0.000
18	  C	  8.0	  4.3	0.147	0.000	0.000
19	  C	  8.9	  0.2	0.147	0.000	0.000
20	  N	  7.9	  0.1	0.147	0.000	0.000
21	  F	  1.1	  0.3	0.147	0.000	0.000
22	  P	  0.1	  0.2	0.238	0.000	0.000
23	  A	  0.1	  0.2	0.238	0.000	0.000
24	  C	  1.7	  0.2	0.238	0.000	0.000
25	  A	  1.7	  0.2	0.238	0.000	0.000
26	  A	  1.7	  0.2	0.238	0.000	0.000
27	  S	  0.1	  0.2	0.238	0.000	0.000
28	  N	  0.0	  1.0	0.111	0.000	0.000
29	  P	  0.0	  0.8	0.000	0.000	0.000
30	  G	  0.0	  0.8	0.000	0.000	0.000
31	  L	  0.3	  0.8	0.000	0.000	0.000
32	  C	  0.3	  0.0	0.000	0.000	0.000
33	  T	  0.2	  0.0	0.000	0.000	0.000
