res	aa	Beta	Turn	Helix	Aggregation	Conc-Stab_Aggregation
01	  K	  0.1	  0.2	0.000	0.000	0.000
02	  R	  0.2	  0.2	0.000	0.000	0.000
03	  G	  0.2	  0.2	0.105	0.000	0.000
04	  F	  1.0	  0.4	0.105	0.304	0.304
05	  L	  3.0	  0.2	0.105	0.304	0.304
06	  D	  4.7	  0.2	0.255	0.304	0.304
07	  V	  6.3	  0.2	0.255	0.304	0.304
08	  I	  4.7	  0.0	0.255	0.304	0.304
09	  K	  3.1	  0.0	0.255	0.304	0.304
10	  H	  1.0	  0.5	0.255	0.000	0.000
11	  V	  0.6	  0.6	0.151	0.000	0.000
12	  G	  0.5	  0.6	0.620	0.000	0.000
13	  K	  0.2	  0.6	0.470	0.000	0.000
14	  A	  0.3	  0.2	0.470	2.791	2.791
15	  A	  0.5	  0.0	0.470	5.867	5.867
16	  L	  2.1	  0.0	0.470	6.728	6.728
17	  S	  2.8	  0.0	0.470	6.728	6.728
18	  V	  7.0	  0.0	0.000	6.728	6.728
19	  V	  7.4	  0.0	0.000	6.557	6.557
20	  S	  6.7	  0.0	0.000	2.027	2.027
21	  H	  3.2	  0.0	0.000	0.595	0.595
22	  L	  1.5	  0.0	0.000	0.595	0.595
23	  I	  1.6	  0.0	0.000	0.595	0.595
24	  N	  0.7	  1.1	0.000	0.000	0.000
25	  E	  0.2	  1.3	0.000	0.000	0.000
26	  G	  0.0	  1.3	0.000	0.000	0.000
27	  E	  0.0	  1.3	0.000	0.000	0.000
28	  H	  0.0	  0.3	0.000	0.000	0.000
