res	aa	Beta	Turn	Helix	Aggregation	Conc-Stab_Aggregation
01	  K	  0.1	  0.2	0.000	0.000	0.000
02	  R	  0.2	  0.2	0.000	0.000	0.000
03	  G	  0.2	  0.2	0.105	0.000	0.000
04	  F	  1.0	  0.4	0.105	0.297	0.297
05	  L	  3.0	  0.2	0.105	0.297	0.297
06	  D	  4.7	  0.2	0.256	0.297	0.297
07	  V	  6.3	  0.2	0.256	0.297	0.297
08	  I	  4.7	  0.0	0.256	0.297	0.297
09	  K	  3.1	  0.0	0.256	0.297	0.297
10	  H	  1.0	  0.5	0.256	0.000	0.000
11	  V	  0.6	  0.6	0.151	0.000	0.000
12	  G	  0.5	  0.6	0.151	0.000	0.000
13	  K	  0.4	  0.6	0.000	0.000	0.000
14	  A	  0.4	  0.3	0.000	0.000	0.000
15	  V	  0.4	  0.3	0.000	0.000	0.000
16	  G	  0.2	  0.4	1.237	0.000	0.000
17	  K	  0.3	  0.4	1.237	0.000	0.000
18	  A	  0.3	  0.2	1.237	0.264	0.264
19	  A	  0.4	  0.0	1.237	0.574	0.574
20	  L	  0.6	  0.0	1.237	0.574	0.574
21	  N	  0.5	  0.0	1.237	0.574	0.574
22	  A	  0.7	  0.1	0.528	0.574	0.574
23	  V	  0.9	  0.1	0.162	0.574	0.574
24	  N	  0.8	  0.1	0.283	0.000	0.000
25	  D	  0.7	  0.1	0.120	0.000	0.000
26	  M	  1.0	  0.0	0.120	0.000	0.000
27	  V	  1.7	  0.0	0.120	0.000	0.000
28	  N	  1.5	  0.0	0.120	0.000	0.000
29	  K	  0.8	  0.2	0.120	0.000	0.000
30	  P	  0.0	  0.2	0.000	0.000	0.000
31	  E	  0.1	  0.3	0.000	0.000	0.000
32	  Q	  0.3	  0.3	0.000	0.000	0.000
33	  Q	  0.3	  0.1	0.000	0.000	0.000
34	  S	  0.2	  0.0	0.000	0.000	0.000
