res	aa	Beta	Turn	Helix	Aggregation	Conc-Stab_Aggregation
01	  P	  0.0	  0.0	0.000	0.000	0.000
02	  A	  0.2	  0.0	0.000	0.000	0.000
03	  W	  0.8	  0.0	0.000	0.000	0.000
04	  L	  1.3	  0.0	0.000	0.000	0.000
05	  V	  4.9	  0.0	0.000	0.000	0.000
06	  D	  4.4	  0.0	0.000	0.000	0.000
07	  C	  3.9	  0.2	0.000	0.000	0.000
08	  P	  0.0	  0.2	0.000	0.000	0.000
09	  C	  0.4	  0.5	0.000	0.000	0.000
10	  V	  0.4	  2.2	0.000	0.000	0.000
11	  G	  0.4	  2.2	0.000	0.000	0.000
12	  D	  0.1	  2.2	0.000	0.000	0.000
13	  D	  1.3	  2.0	0.000	0.000	0.000
14	  V	  1.6	  0.2	0.000	0.000	0.000
15	  N	  1.5	  0.3	0.000	0.000	0.000
16	  P	  0.2	  0.3	0.000	0.000	0.000
17	  T	  2.8	  0.3	0.000	0.000	0.000
18	  L	  3.0	  0.3	0.000	0.000	0.000
19	  T	  3.0	  0.3	0.000	0.000	0.000
20	  R	  0.3	  0.3	0.000	0.000	0.000
21	  G	  0.1	  0.3	0.000	0.000	0.000
22	  E	  0.1	  0.3	0.000	0.000	0.000
23	  T	  0.0	  0.1	0.000	0.000	0.000
