res	aa	Beta	Turn	Helix	Aggregation	Conc-Stab_Aggregation
01	  M	  0.0	  0.3	0.000	0.000	0.000
02	  A	  0.0	  0.7	0.000	0.000	0.000
03	  G	  0.1	  0.7	0.000	0.000	0.000
04	  D	  1.1	  0.7	0.000	0.000	0.000
05	  I	  4.0	  0.4	0.000	3.926	3.926
06	  V	  4.0	  0.1	0.000	4.174	4.174
07	  G	  2.9	  0.1	0.000	4.225	4.225
08	  T	  0.4	  0.2	0.000	4.836	4.836
09	  I	  0.4	  5.3	0.000	5.846	5.846
10	  G	  0.3	  5.3	0.123	5.159	5.159
11	  D	  0.3	  5.3	0.324	6.125	6.125
12	  F	  2.2	  5.1	0.324	67.641	67.641
13	  V	  8.7	  0.0	0.324	72.369	72.369
14	  K	  8.8	  0.0	0.324	72.436	72.436
15	  L	  8.3	  0.0	0.324	72.436	72.436
16	  I	  3.3	  0.0	0.324	72.382	72.382
17	  I	  3.1	  0.0	0.324	71.929	71.929
18	  E	  1.9	  0.0	0.324	66.311	66.311
19	  T	  5.6	  0.0	0.000	64.825	64.825
20	  V	  5.5	  0.0	0.000	63.927	63.927
21	  N	  5.6	  0.0	0.107	2.493	2.493
22	  K	  3.3	  0.0	0.107	0.000	0.000
23	  F	  6.9	  0.0	0.107	0.000	0.000
24	  T	  8.7	  0.0	0.107	0.000	0.000
25	  K	  5.8	  0.0	0.107	0.000	0.000
26	  K	  2.0	  0.0	0.107	0.000	0.000
