res	aa	Beta	Turn	Helix	Aggregation	Conc-Stab_Aggregation
01	  W	  0.6	  0.0	0.000	0.000	0.000
02	  Y	  1.0	  0.0	0.000	0.000	0.000
03	  L	  1.0	  0.1	0.000	0.000	0.000
04	  G	  0.4	  0.1	0.123	0.000	0.000
05	  A	  0.1	  0.1	0.123	0.000	0.000
06	  C	  0.4	  0.2	0.123	0.000	0.000
07	  K	  0.4	  0.5	0.123	0.000	0.000
08	  K	  0.3	  0.6	0.123	0.000	0.000
09	  D	  0.1	  6.1	0.123	0.000	0.000
10	  S	  0.1	  6.0	0.800	0.000	0.000
11	  D	  1.1	  5.6	0.800	0.000	0.000
12	  C	  8.6	  5.5	0.800	0.000	0.000
13	  C	  8.8	  0.2	0.800	0.000	0.000
14	  K	  7.8	  0.1	0.800	0.000	0.000
15	  H	  0.9	  0.1	0.800	0.000	0.000
16	  L	  2.1	  0.1	0.330	0.000	0.000
17	  Q	  2.5	  0.0	0.130	0.000	0.000
18	  C	  2.5	  0.1	0.000	0.000	0.000
19	  H	  1.4	  0.1	0.000	0.000	0.000
20	  S	  1.7	  0.1	0.144	0.000	0.000
21	  Y	  2.8	  0.1	0.144	0.000	0.000
22	  W	  4.4	  0.0	0.144	0.000	0.000
23	  E	  4.0	  0.0	0.144	0.000	0.000
24	  W	  4.4	  0.0	0.144	0.000	0.000
25	  C	  3.2	  0.0	0.144	0.000	0.000
26	  I	  2.9	  0.1	0.144	0.000	0.000
27	  W	  0.9	  0.7	0.144	0.000	0.000
28	  D	  0.2	  0.7	0.000	0.000	0.000
29	  G	  0.1	  0.7	0.000	0.000	0.000
30	  K	  5.4	  0.6	0.000	0.000	0.000
31	  V	  9.7	  0.0	0.000	0.000	0.000
32	  T	  9.7	  0.0	0.000	0.000	0.000
33	  F	  4.4	  0.0	0.000	0.000	0.000
