res	aa	Beta	Turn	Helix	Aggregation	Conc-Stab_Aggregation
01	  D	  0.7	  0.0	0.000	0.000	0.000
02	  C	  2.2	  0.1	0.000	0.000	0.000
03	  R	  2.7	  0.1	0.000	0.000	0.000
04	  K	  2.2	  0.1	0.000	0.000	0.000
05	  F	  1.5	  0.3	0.000	0.000	0.000
06	  M	  1.2	  0.2	0.000	0.000	0.000
07	  G	  1.0	  0.2	0.000	0.000	0.000
08	  L	  0.4	  0.2	0.000	0.000	0.000
09	  C	  0.5	  0.3	0.000	0.000	0.000
10	  K	  0.5	  0.9	0.000	0.000	0.000
11	  S	  0.4	  2.5	0.000	0.000	0.000
12	  D	  0.0	  6.4	0.000	0.000	0.000
13	  D	  0.0	  6.2	0.000	0.000	0.000
14	  D	  1.8	  5.6	0.000	0.000	0.000
15	  C	  2.8	  4.0	0.000	0.000	0.000
16	  C	  2.8	  0.5	0.132	0.000	0.000
17	  P	  1.0	  0.4	0.132	0.000	0.000
18	  H	  0.5	  0.4	0.132	0.000	0.000
19	  L	  1.8	  0.5	0.132	0.000	0.000
20	  M	  3.0	  0.0	0.132	0.000	0.000
21	  C	  6.1	  0.0	0.132	0.000	0.000
22	  Y	  6.2	  0.2	0.132	0.000	0.000
23	  K	  5.2	  0.1	0.132	0.000	0.000
24	  Y	  1.7	  0.1	0.000	0.638	0.638
25	  G	  0.4	  0.1	0.000	0.804	0.804
26	  W	  0.4	  0.0	0.000	0.804	0.804
27	  C	  0.4	  0.0	0.000	0.804	0.804
28	  G	  0.4	  0.4	0.000	0.804	0.804
29	  W	  0.2	  0.7	0.000	0.804	0.804
30	  D	  0.1	  0.8	0.000	0.000	0.000
31	  G	  0.1	  0.8	0.000	0.000	0.000
32	  S	  0.0	  0.4	0.000	0.000	0.000
33	  V	  0.0	  0.1	0.000	0.000	0.000
