res	aa	Beta	Turn	Helix	Aggregation	Conc-Stab_Aggregation
01	  A	  0.0	  0.3	0.000	0.000	0.000
02	  G	  0.0	  0.3	0.000	0.000	0.000
03	  C	  0.8	  0.3	0.000	0.000	0.000
04	  R	  2.0	  0.3	0.000	0.000	0.000
05	  Y	  3.0	  0.0	0.000	0.000	0.000
06	  F	  2.6	  0.0	0.000	0.000	0.000
07	  L	  1.4	  0.2	0.000	0.000	0.000
08	  G	  0.4	  0.9	0.000	0.000	0.000
09	  G	  0.1	  0.9	0.000	0.000	0.000
10	  C	  0.6	  0.9	0.000	0.000	0.000
11	  T	  0.8	  0.8	0.000	0.000	0.000
12	  E	  0.8	  0.1	0.000	0.000	0.000
13	  H	  0.2	  1.0	0.000	0.000	0.000
14	  S	  0.1	  1.1	0.000	0.000	0.000
15	  D	  1.1	  1.0	0.000	0.000	0.000
16	  C	 12.7	  1.0	0.000	0.000	0.000
17	  C	 14.2	  0.2	0.000	0.000	0.000
18	  E	 13.2	  0.1	0.000	0.000	0.000
19	  H	  2.4	  0.3	0.000	0.000	0.000
20	  L	  5.8	  0.3	0.000	0.000	0.000
21	  S	  7.0	  0.2	0.000	0.000	0.000
22	  C	  6.9	  0.4	0.000	0.000	0.000
23	  K	  2.0	  0.2	0.000	0.000	0.000
24	  M	  1.0	  0.2	0.000	0.000	0.000
25	  G	  0.5	  0.4	0.000	0.000	0.000
26	  L	  2.0	  0.2	0.000	0.137	0.137
27	  N	  2.7	  0.2	0.000	0.137	0.137
28	  Y	  5.3	  0.2	0.000	0.137	0.137
29	  C	  3.9	  0.1	0.000	0.137	0.137
30	  A	  3.1	  0.4	0.000	0.137	0.137
31	  W	  0.5	  0.5	0.000	0.137	0.137
32	  D	  0.2	  0.6	0.000	0.000	0.000
33	  G	  0.1	  0.5	0.000	0.000	0.000
34	  T	  0.0	  0.3	0.000	0.000	0.000
35	  F	  0.0	  0.1	0.000	0.000	0.000
