res	aa	Beta	Turn	Helix	Aggregation	Conc-Stab_Aggregation
01	  M	  0.1	  0.1	0.000	0.000	0.000
02	  D	  0.1	  0.3	0.000	0.000	0.000
03	  G	  0.2	  0.3	0.000	0.000	0.000
04	  T	  2.7	  0.4	0.000	0.000	0.000
05	  A	  2.8	  0.3	0.000	0.000	0.000
06	  S	  4.1	  1.2	0.757	0.000	0.000
07	  R	  1.7	  1.2	0.757	0.000	0.000
08	  S	  2.4	  1.1	4.054	0.000	0.000
09	  C	  1.3	  1.2	4.362	0.000	0.000
10	  A	  1.2	  0.2	4.362	0.000	0.000
11	  E	  0.5	  0.2	4.362	0.000	0.000
12	  R	  1.1	  0.2	4.362	0.000	0.000
13	  Y	  2.7	  0.1	4.118	0.000	0.000
14	  R	  4.0	  0.1	2.988	0.000	0.000
15	  S	 15.6	  0.1	1.881	0.000	0.000
16	  Y	 14.2	  0.1	0.918	0.000	0.000
17	  D	 12.8	  0.2	0.269	0.000	0.000
18	  P	  0.2	  0.3	0.146	0.000	0.000
19	  A	  0.1	  0.3	0.146	0.000	0.000
20	  T	  0.9	  0.4	0.146	0.143	0.143
21	  S	  1.6	  0.2	0.146	0.143	0.143
22	  T	  6.5	  0.1	0.146	0.547	0.547
23	  Y	  6.4	  0.2	0.146	0.547	0.547
24	  V	  6.0	  0.2	0.000	0.547	0.547
25	  G	  1.0	  0.7	0.000	0.403	0.403
26	  L	  0.4	  1.4	0.000	0.403	0.403
27	  D	  0.1	  1.5	0.000	0.000	0.000
28	  G	  0.1	  1.5	0.000	0.000	0.000
29	  R	  0.8	  1.0	0.000	0.000	0.000
30	  R	  0.9	  0.2	0.000	0.000	0.000
31	  R	  0.9	  0.2	0.000	0.000	0.000
32	  P	  0.1	  0.1	0.000	0.000	0.000
33	  C	  0.0	  0.1	0.000	0.000	0.000
34	  R	  0.0	  0.1	0.000	0.000	0.000
