res	aa	Beta	Turn	Helix	Aggregation	Conc-Stab_Aggregation
01	  M	  1.4	  0.0	0.000	0.000	0.000
02	  D	  1.8	  0.0	0.000	0.000	0.000
03	  Y	  4.0	  0.0	0.000	69.599	69.599
04	  V	  3.5	  0.1	0.000	91.849	91.849
05	  V	  3.2	  0.1	0.000	92.190	92.190
06	  G	  1.1	  0.1	0.000	92.215	92.215
07	  F	  2.0	  0.2	0.000	92.319	92.319
08	  Y	  7.7	  0.0	0.000	86.067	86.067
09	  S	 14.5	  0.0	0.000	60.648	60.648
10	  F	 19.8	  0.0	0.000	57.413	57.413
11	  T	 14.6	  0.0	0.000	21.704	21.704
12	  K	  7.6	  1.3	0.000	0.000	0.000
13	  P	  0.2	  1.4	0.000	0.000	0.000
14	  D	  0.0	  2.2	0.000	0.000	0.000
15	  R	  0.0	  2.2	0.000	0.000	0.000
16	  G	  0.0	  0.9	0.000	0.000	0.000
17	  Q	  0.1	  0.8	0.000	0.000	0.000
18	  E	  0.2	  0.1	0.000	0.000	0.000
19	  K	  2.1	  0.1	0.000	0.000	0.000
20	  C	  4.1	  0.1	0.000	5.612	5.612
21	  T	 31.5	  0.0	0.000	37.692	37.692
22	  Y	 33.6	  0.0	0.000	46.989	46.989
23	  S	 32.2	  0.0	0.000	49.317	49.317
24	  F	  7.2	  0.0	0.000	49.317	49.317
25	  I	  8.3	  0.0	0.000	49.218	49.218
26	  T	 11.1	  0.0	0.000	47.425	47.425
27	  L	 10.6	  0.0	0.000	44.500	44.500
28	  S	  3.9	  0.0	0.000	0.000	0.000
