res	aa	Beta	Turn	Helix	Aggregation	Conc-Stab_Aggregation
01	  W	  1.2	  0.0	0.000	0.000	0.000
02	  C	  1.8	  0.4	0.000	0.000	0.000
03	  Q	  1.9	  0.4	0.000	0.000	0.000
04	  N	  0.8	  0.4	0.259	0.000	0.000
05	  R	  0.8	  0.4	0.259	0.000	0.000
06	  W	  1.8	  0.1	0.259	0.000	0.000
07	  R	  3.3	  0.1	0.259	0.000	0.000
08	  S	  8.9	  0.1	0.259	0.000	0.000
09	  Y	  9.6	  0.1	0.259	0.000	0.000
10	  R	  8.3	  0.0	0.098	0.000	0.000
11	  A	  2.1	  0.1	0.098	0.000	0.000
12	  Y	  0.6	  0.1	0.098	0.000	0.000
13	  D	  0.3	  0.1	0.000	0.000	0.000
14	  N	  2.6	  0.1	0.000	0.000	0.000
15	  T	 36.2	  0.1	0.000	0.000	0.000
16	  Y	 36.5	  0.0	0.000	0.000	0.000
17	  Q	 34.4	  0.4	0.000	0.000	0.000
18	  P	  0.4	  0.5	0.000	0.000	0.000
19	  N	  0.0	  0.5	0.000	0.000	0.000
20	  S	  0.0	  0.6	0.000	0.000	0.000
21	  G	  0.0	  0.5	0.000	0.000	0.000
22	  P	  0.0	  0.4	0.000	0.000	0.000
23	  R	  1.7	  0.4	0.000	0.000	0.000
24	  R	  1.9	  0.3	0.000	0.000	0.000
25	  I	  3.2	  0.0	0.000	0.000	0.000
26	  C	  4.3	  0.0	0.000	0.000	0.000
27	  V	  4.4	  0.0	0.000	0.000	0.000
28	  S	  3.1	  0.3	0.000	0.000	0.000
29	  P	  0.3	  0.3	0.000	0.000	0.000
30	  Y	  2.4	  0.3	0.000	0.000	0.000
31	  S	  2.4	  0.3	0.000	0.000	0.000
32	  R	  2.4	  0.0	0.000	0.000	0.000
