res	aa	Beta	Turn	Helix	Aggregation	Conc-Stab_Aggregation
01	  M	  0.2	  0.0	0.000	0.000	0.000
02	  Y	  0.3	  0.2	0.000	0.000	0.000
03	  G	  0.3	  0.3	0.000	0.000	0.000
04	  E	  1.2	  0.3	0.000	0.000	0.000
05	  C	  1.8	  0.3	0.000	0.000	0.000
06	  K	  1.8	  0.1	0.000	0.000	0.000
07	  S	  0.7	  0.2	0.220	0.000	0.000
08	  P	  0.0	  0.3	0.220	0.000	0.000
09	  R	  0.1	  0.3	0.220	0.000	0.000
10	  T	 10.8	  0.3	0.220	0.000	0.000
11	  C	 13.8	  0.1	0.220	0.000	0.000
12	  C	 13.8	  0.0	0.220	0.000	0.000
13	  G	  3.4	  0.0	0.101	0.000	0.000
14	  W	  0.3	  0.0	0.000	0.000	0.000
15	  A	  0.3	  0.6	0.000	0.000	0.000
16	  P	  0.1	  0.6	0.000	0.000	0.000
17	  S	 20.7	  0.8	0.000	0.000	0.000
18	  C	 21.6	  0.8	0.000	0.000	0.000
19	  S	 21.6	  0.2	0.000	0.000	0.000
20	  R	  1.4	  0.2	0.000	0.000	0.000
