res	aa	Beta	Turn	Helix	Aggregation	Conc-Stab_Aggregation
01	  A	  0.1	  0.0	0.000	0.000	0.000
02	  A	  0.3	  0.0	0.000	0.000	0.000
03	  T	  0.8	  0.0	0.000	0.000	0.000
04	  Q	  0.7	  0.0	0.000	0.000	0.000
05	  A	  0.5	  0.4	0.000	0.000	0.000
06	  A	  0.1	  0.6	0.000	0.000	0.000
07	  D	  0.0	  1.1	0.000	0.000	0.000
08	  S	  0.0	  1.8	0.000	0.000	0.000
09	  G	  0.0	  1.4	0.000	0.000	0.000
10	  G	  0.0	  1.2	0.000	1.735	1.735
11	  V	  3.3	  0.7	0.000	20.431	20.431
12	  F	  4.3	  0.0	0.000	20.431	20.431
13	  C	  7.5	  0.0	0.000	20.431	20.431
14	  T	 16.3	  0.0	0.000	20.431	20.431
15	  I	 15.7	  0.0	0.000	20.292	20.292
16	  S	 13.3	  0.1	0.000	0.941	0.941
17	  H	  1.5	  0.1	0.000	0.000	0.000
18	  E	  2.8	  0.1	0.000	0.000	0.000
19	  C	  3.4	  0.1	0.000	0.000	0.000
20	  H	  5.4	  0.2	0.000	0.000	0.000
21	  Y	  4.6	  0.1	0.000	0.000	0.000
22	  N	  3.7	  0.1	0.000	0.000	0.000
23	  S	 18.0	  0.1	0.000	0.000	0.000
24	  V	 17.2	  0.0	0.000	0.000	0.000
25	  S	 17.0	  2.3	0.000	0.000	0.000
26	  P	  0.3	  2.4	0.000	0.000	0.000
27	  S	  0.2	  2.4	0.000	0.000	0.000
28	  S	  0.5	  2.4	0.000	0.000	0.000
29	  W	  0.8	  0.1	0.000	0.000	0.000
30	  M	  6.2	  0.0	0.000	0.000	0.000
31	  T	 10.0	  0.0	0.000	0.000	0.000
32	  C	  9.7	  0.0	0.000	0.000	0.000
33	  C	  4.3	  0.0	0.000	0.000	0.000
