res	aa	Beta	Turn	Helix	Aggregation	Conc-Stab_Aggregation
01	  M	  4.8	  0.0	0.000	0.000	0.000
02	  T	  5.8	  0.1	0.000	0.000	0.000
03	  F	  6.0	  0.2	0.000	0.000	0.000
04	  G	  1.2	  0.2	0.000	0.000	0.000
05	  V	  0.7	  0.4	0.000	0.000	0.000
06	  K	  0.5	  1.5	0.000	0.000	0.000
07	  G	  0.5	  1.5	0.286	0.000	0.000
08	  D	  0.0	  1.6	1.998	0.000	0.000
09	  R	  0.3	  1.4	1.998	0.000	0.000
10	  K	  0.8	  0.1	1.998	0.206	0.206
11	  L	  0.9	  0.1	1.998	0.206	0.206
12	  I	  3.3	  0.0	1.998	0.206	0.206
13	  E	  2.9	  0.0	1.998	0.206	0.206
14	  F	  3.0	  0.0	1.764	0.206	0.206
15	  G	  0.3	  0.0	1.081	0.000	0.000
16	  Y	  0.7	  0.3	0.425	0.000	0.000
17	  E	  0.5	  0.3	0.195	0.000	0.000
18	  T	  0.5	  0.3	0.195	0.000	0.000
19	  G	  0.1	  0.6	0.348	0.000	0.000
20	  F	  0.2	  0.6	0.348	0.000	0.000
21	  G	  0.1	  0.6	0.153	0.000	0.000
22	  E	  0.4	  0.8	0.153	0.000	0.000
23	  K	  0.3	  0.5	0.153	0.000	0.000
24	  N	  0.3	  0.5	0.153	0.000	0.000
25	  S	  0.4	  0.6	0.153	0.000	0.000
26	  M	  0.5	  0.5	0.000	0.000	0.000
27	  G	  0.5	  0.7	0.000	0.000	0.000
28	  F	  0.3	  0.5	0.000	0.000	0.000
29	  G	  0.2	  0.2	0.000	0.000	0.000
30	  M	  0.8	  0.2	0.000	0.000	0.000
31	  V	 16.2	  0.0	0.000	0.000	0.000
32	  K	 18.3	  0.0	0.000	0.000	0.000
33	  V	 17.7	  0.0	0.000	0.000	0.000
34	  V	  2.8	  0.0	0.000	0.000	0.000
