res	aa	Beta	Turn	Helix	Aggregation	Conc-Stab_Aggregation
01	  M	  0.2	  0.1	0.000	0.000	0.000
02	  R	  1.0	  0.1	0.000	0.000	0.000
03	  R	  1.6	  0.1	0.000	0.000	0.000
04	  Y	  2.5	  0.1	0.000	1.274	1.274
05	  L	  3.2	  0.0	0.000	1.274	1.274
06	  N	  3.1	  0.0	0.000	1.274	1.274
07	  W	  2.3	  0.0	0.000	1.274	1.274
08	  I	  0.9	  0.1	0.000	1.274	1.274
09	  Q	  0.5	  0.1	0.000	0.200	0.200
10	  N	  0.5	  0.1	0.000	0.200	0.200
11	  S	  1.3	  0.1	0.000	0.200	0.200
12	  V	  4.4	  0.0	0.000	0.200	0.200
13	  F	  4.5	  0.5	0.000	0.200	0.200
14	  E	  3.6	  0.7	0.000	0.000	0.000
15	  G	  0.3	  0.7	0.239	0.000	0.000
16	  E	  0.6	  0.7	0.239	0.000	0.000
17	  L	  0.6	  0.3	0.239	0.000	0.000
18	  T	  0.9	  0.2	1.130	0.000	0.000
19	  E	  0.4	  0.2	1.130	0.000	0.000
20	  S	  0.5	  0.2	1.284	0.000	0.000
21	  Q	  0.7	  0.2	1.045	0.000	0.000
22	  L	  0.7	  0.1	1.045	0.000	0.000
23	  M	  2.5	  0.0	1.045	0.000	0.000
24	  E	 15.6	  0.0	0.902	0.000	0.000
25	  V	 18.1	  0.2	0.744	0.000	0.000
26	  K	 16.4	  0.2	0.744	0.000	0.000
27	  S	  2.9	  0.2	0.000	0.000	0.000
28	  G	  0.1	  0.2	0.000	0.000	0.000
