res	aa	Beta	Turn	Helix	Aggregation	Conc-Stab_Aggregation
01	  M	  0.1	  0.0	0.000	0.000	0.000
02	  L	  0.8	  0.0	0.000	0.000	0.000
03	  E	  0.9	  0.0	0.000	0.000	0.000
04	  F	  1.0	  0.0	0.000	0.000	0.000
05	  G	  0.3	  0.0	0.000	0.000	0.000
06	  V	  0.8	  0.1	0.000	0.000	0.000
07	  D	  0.6	  0.6	0.000	0.000	0.000
08	  A	  0.6	  0.6	0.000	0.000	0.000
09	  G	  0.0	  0.9	0.132	0.000	0.000
10	  F	  0.1	  2.0	0.132	0.000	0.000
11	  G	  0.1	  1.5	0.132	0.000	0.000
12	  E	  1.1	  1.5	0.132	0.000	0.000
13	  M	  1.5	  1.3	0.132	0.000	0.000
14	  N	  1.5	  0.4	0.132	0.000	0.000
15	  S	  0.7	  0.6	0.132	0.000	0.000
16	  L	  0.2	  0.5	0.132	1.444	1.444
17	  G	  0.2	  0.7	0.132	1.444	1.444
18	  F	  0.3	  0.4	0.000	1.998	1.998
19	  G	  0.2	  0.3	0.000	1.998	1.998
20	  F	  1.4	  0.5	0.000	1.998	1.998
21	  M	  5.0	  0.3	0.000	1.480	1.480
22	  N	  7.3	  0.3	0.000	0.841	0.841
23	  V	  7.8	  0.3	0.000	0.841	0.841
24	  K	  4.1	  0.0	0.000	0.000	0.000
25	  R	  1.7	  0.0	0.000	0.000	0.000
