res	aa	Beta	Turn	Helix	Aggregation	Conc-Stab_Aggregation
01	  M	  0.3	  0.2	0.000	0.000	0.000
02	  A	  0.4	  0.2	0.000	0.000	0.000
03	  Y	  0.7	  0.3	0.000	0.000	0.000
04	  G	  0.5	  0.3	0.000	0.000	0.000
05	  I	  5.6	  0.1	0.000	0.000	0.000
06	  K	  5.8	  0.1	0.000	0.000	0.000
07	  L	  6.9	  0.0	0.000	0.000	0.000
08	  H	  3.1	  0.0	0.000	0.000	0.000
09	  V	  3.1	  0.0	0.000	0.000	0.000
10	  W	  2.0	  1.3	0.000	0.000	0.000
11	  G	  0.7	  1.3	0.000	0.000	0.000
12	  D	  0.1	  1.3	0.104	0.000	0.000
13	  Y	  1.4	  1.4	0.104	1.298	1.298
14	  A	  1.6	  0.0	0.104	1.298	1.298
15	  C	  2.5	  0.0	0.104	1.298	1.298
16	  F	  7.3	  0.0	0.104	1.298	1.298
17	  T	  7.2	  0.0	0.104	1.298	1.298
18	  R	  6.2	  0.2	0.104	0.000	0.000
19	  P	  0.1	  0.2	0.000	0.000	0.000
20	  E	  1.3	  0.2	0.000	0.000	0.000
21	  M	  3.3	  0.2	0.000	0.000	0.000
22	  K	 10.2	  0.0	0.000	0.000	0.000
23	  V	 10.4	  0.0	0.000	0.000	0.000
24	  E	  8.5	  0.0	0.000	0.000	0.000
25	  R	  2.7	  0.0	0.000	0.000	0.000
26	  V	  1.2	  0.0	0.000	0.000	0.000
27	  S	  1.1	  0.0	0.000	0.000	0.000
