res	aa	Beta	Turn	Helix	Aggregation	Conc-Stab_Aggregation
01	  L	  0.1	  0.0	0.000	0.000	0.000
02	  F	  1.8	  0.0	0.000	0.000	0.000
03	  R	  2.0	  0.6	0.000	0.000	0.000
04	  A	  1.8	  0.7	0.000	0.000	0.000
05	  D	  0.3	  0.8	0.000	0.000	0.000
06	  S	  0.1	  0.9	6.670	0.000	0.000
07	  E	  0.2	  0.3	6.772	0.000	0.000
08	  Q	  2.0	  0.3	6.772	0.000	0.000
09	  Y	  3.5	  0.1	6.772	0.000	0.000
10	  R	  3.4	  0.0	6.772	0.000	0.000
11	  L	  1.7	  0.0	6.971	0.000	0.000
12	  A	  0.2	  0.0	6.319	0.000	0.000
13	  T	  0.1	  0.0	15.407	0.000	0.000
14	  E	  0.1	  0.1	17.337	0.000	0.000
15	  E	  0.1	  0.1	19.527	0.000	0.000
16	  T	  2.3	  0.1	26.987	0.000	0.000
17	  M	  3.5	  0.1	27.259	0.000	0.000
18	  Q	  3.9	  0.0	27.530	0.000	0.000
19	  L	  1.8	  0.0	27.326	0.000	0.000
20	  L	  1.2	  0.0	27.408	0.000	0.000
21	  R	  1.1	  0.0	27.148	0.000	0.000
22	  W	  1.4	  0.0	25.349	0.000	0.000
23	  L	  0.9	  0.1	23.559	0.000	0.000
24	  R	  2.0	  0.1	22.206	0.000	0.000
25	  Q	  1.9	  0.1	16.898	0.000	0.000
26	  F	  1.9	  0.4	7.803	0.000	0.000
27	  A	  0.5	  0.3	4.722	0.000	0.000
28	  D	  0.2	  0.3	3.129	0.000	0.000
29	  S	  0.0	  0.3	0.293	0.000	0.000
