res	aa	Beta	Turn	Helix	Aggregation	Conc-Stab_Aggregation
01	  M	  0.1	  0.2	0.000	0.000	0.000
02	  S	  0.2	  0.3	1.871	0.000	0.000
03	  R	  0.2	  0.3	1.871	0.000	0.000
04	  G	  0.1	  0.3	4.063	0.908	0.908
05	  L	  1.0	  0.1	4.063	9.538	9.538
06	  C	  2.5	  0.0	4.980	9.538	9.538
07	  F	  3.1	  0.0	4.980	9.538	9.538
08	  L	  2.3	  0.0	4.980	9.538	9.538
09	  L	  3.8	  0.0	4.980	9.410	9.410
10	  R	  4.1	  0.0	4.980	0.000	0.000
11	  C	  5.1	  0.0	4.552	0.000	0.000
12	  L	  2.3	  0.0	4.021	0.000	0.000
13	  H	  1.7	  0.0	3.435	0.000	0.000
14	  N	  2.2	  0.0	2.103	0.000	0.000
15	  W	  2.4	  0.1	0.760	0.000	0.000
16	  E	  2.1	  0.1	0.897	0.000	0.000
17	  E	  0.4	  0.1	1.091	0.000	0.000
18	  I	  0.2	  0.3	1.091	0.000	0.000
19	  G	  0.2	  0.3	1.091	0.000	0.000
20	  R	  1.2	  0.3	1.091	0.000	0.000
21	  C	  1.9	  0.3	0.891	0.000	0.000
22	  L	  1.9	  0.0	0.643	0.000	0.000
23	  F	  0.8	  0.2	0.643	0.000	0.000
24	  P	  0.1	  0.2	0.000	0.000	0.000
25	  T	  1.7	  0.3	0.000	0.000	0.000
26	  Q	  2.0	  0.3	0.000	0.000	0.000
27	  K	  4.9	  0.1	0.000	0.000	0.000
28	  C	 11.8	  0.1	0.000	0.000	0.000
29	  C	 12.4	  0.1	0.217	0.000	0.000
30	  R	 10.0	  0.1	0.217	0.000	0.000
31	  R	  1.8	  0.1	0.217	0.000	0.000
32	  Q	  0.9	  0.2	0.217	0.000	0.000
33	  K	  0.6	  0.1	0.217	0.000	0.000
34	  Q	  0.3	  0.1	0.217	0.000	0.000
35	  N	  0.1	  0.1	0.000	0.000	0.000
