res	aa	Beta	Turn	Helix	Aggregation	Conc-Stab_Aggregation
01	  M	  0.5	  0.0	0.000	0.000	0.000
02	  L	  1.1	  0.0	0.000	0.000	0.000
03	  F	  3.0	  0.0	0.000	0.000	0.000
04	  V	 16.9	  0.0	0.000	0.000	0.000
05	  K	 17.0	  0.0	0.000	0.000	0.000
06	  V	 16.4	  0.0	0.000	0.000	0.000
07	  W	  2.9	  0.0	0.000	0.000	0.000
08	  F	  4.2	  0.0	0.000	0.000	0.000
09	  R	  3.3	  0.0	0.000	0.000	0.000
10	  Y	  3.1	  0.2	0.000	0.000	0.000
11	  A	  1.5	  0.2	0.000	0.000	0.000
12	  S	  8.5	  0.2	0.000	0.000	0.000
13	  F	 10.7	  0.2	0.000	0.000	0.000
14	  T	 10.9	  0.0	0.000	0.000	0.000
15	  R	  4.6	  0.0	0.000	0.000	0.000
16	  Y	  2.5	  0.1	0.000	0.000	0.000
17	  S	  2.4	  0.2	0.000	0.000	0.000
18	  T	  1.5	  0.2	0.000	0.000	0.000
19	  T	  0.8	  0.2	0.000	0.000	0.000
20	  G	  0.1	  0.2	0.000	0.000	0.000
21	  L	  0.0	  0.1	0.000	0.000	0.000
22	  V	  0.0	  0.0	0.000	0.000	0.000
