res	aa	Beta	Turn	Helix	Aggregation	Conc-Stab_Aggregation
01	  M	  0.1	  0.2	0.000	0.000	0.000
02	  S	  0.1	  0.2	0.000	0.000	0.000
03	  D	  1.0	  0.9	0.000	0.000	0.000
04	  I	  1.9	  0.9	0.000	0.000	0.000
05	  N	  2.0	  0.9	0.000	0.000	0.000
06	  A	  1.2	  0.9	0.000	0.000	0.000
07	  T	  1.1	  0.2	0.000	0.000	0.000
08	  R	  1.1	  0.2	0.000	0.000	0.000
09	  L	  0.9	  0.0	0.000	0.000	0.000
10	  P	  0.1	  0.0	0.000	0.000	0.000
11	  I	  0.7	  0.0	0.000	0.709	0.709
12	  W	  0.9	  0.1	0.000	0.709	0.709
13	  G	  0.9	  0.4	0.000	0.709	0.709
14	  I	  0.4	  1.5	0.000	0.709	0.709
15	  G	  0.3	  1.5	0.000	0.709	0.709
16	  C	  0.3	  1.4	0.000	0.432	0.432
17	  N	  0.2	  2.6	0.000	0.000	0.000
18	  P	  0.1	  1.6	0.000	0.000	0.000
19	  S	  0.3	  1.8	0.000	0.000	0.000
20	  V	  0.4	  2.7	0.000	0.000	0.000
21	  G	  0.4	  1.2	0.000	0.000	0.000
22	  D	  0.1	  1.1	3.004	0.000	0.000
23	  E	  5.0	  1.0	3.004	0.000	0.000
24	  V	  7.8	  0.0	3.004	3.425	3.425
25	  T	  8.1	  0.0	3.004	3.678	3.678
26	  A	  3.5	  0.0	3.004	3.678	3.678
27	  L	  0.8	  0.0	3.004	3.678	3.678
28	  L	  0.9	  0.1	2.180	3.678	3.678
29	  T	  0.7	  0.4	1.578	1.541	1.541
30	  S	  0.6	  0.6	1.420	0.000	0.000
31	  G	  0.2	  0.6	0.331	0.000	0.000
32	  E	  0.1	  0.5	0.000	0.000	0.000
33	  A	  0.2	  0.2	0.000	0.000	0.000
34	  L	  0.2	  0.0	0.000	0.000	0.000
35	  C	  0.1	  0.0	0.000	0.000	0.000
