res	aa	Beta	Turn	Helix	Aggregation	Conc-Stab_Aggregation
01	  D	  0.0	  0.3	0.000	0.000	0.000
02	  A	  0.0	  0.3	0.000	0.000	0.000
03	  G	  0.0	  0.6	0.000	0.000	0.000
04	  L	  0.1	  0.8	0.000	0.000	0.000
05	  G	  0.0	  0.7	0.000	0.000	0.000
06	  S	  0.6	  2.2	0.000	0.000	0.000
07	  K	  0.7	  2.0	0.000	0.000	0.000
08	  N	  0.8	  2.2	0.000	0.000	0.000
09	  S	  0.2	  2.6	0.000	0.000	0.000
10	  Q	  0.2	  0.9	0.000	0.000	0.000
11	  G	  0.1	  1.3	0.000	0.000	0.000
12	  F	  0.5	  1.6	0.000	0.000	0.000
13	  G	  0.5	  1.2	0.000	0.000	0.000
14	  C	  3.4	  1.2	0.000	0.000	0.000
15	  I	  7.2	  0.8	0.000	0.000	0.000
16	  E	  7.4	  0.0	0.000	0.000	0.000
17	  I	  4.6	  0.0	0.000	0.000	0.000
18	  I	  0.2	  0.0	0.000	0.000	0.000
