res	aa	Beta	Turn	Helix	Aggregation	Conc-Stab_Aggregation
01	  M	  0.1	  0.2	0.000	0.000	0.000
02	  S	  0.1	  0.2	0.000	0.000	0.000
03	  D	  1.0	  0.9	0.000	0.000	0.000
04	  I	  1.9	  0.9	0.000	0.000	0.000
05	  N	  2.0	  0.9	0.000	0.000	0.000
06	  A	  1.2	  0.9	0.000	0.000	0.000
07	  T	  1.1	  0.2	0.000	0.000	0.000
08	  R	  1.1	  0.2	0.000	0.000	0.000
09	  L	  0.9	  0.0	0.000	0.000	0.000
10	  P	  0.1	  0.0	0.000	0.000	0.000
11	  I	  0.7	  0.0	0.000	0.315	0.315
12	  W	  0.9	  0.1	0.000	0.315	0.315
13	  G	  0.9	  0.4	0.000	0.315	0.315
14	  I	  0.4	  1.1	0.000	0.315	0.315
15	  G	  0.3	  1.1	0.000	0.315	0.315
16	  C	  0.3	  1.0	0.000	0.192	0.192
17	  D	  0.2	  0.9	0.000	0.000	0.000
18	  P	  0.1	  0.1	0.000	0.000	0.000
19	  C	  1.5	  0.1	0.000	0.000	0.000
20	  V	  1.7	  0.3	0.000	0.000	0.000
21	  S	  1.7	  1.2	0.853	0.000	0.000
22	  D	  0.2	  1.2	3.079	0.000	0.000
23	  D	  0.2	  1.2	6.019	0.000	0.000
24	  V	  1.4	  1.1	6.019	21.106	21.106
25	  A	  1.4	  0.0	6.019	22.654	22.654
26	  A	  1.5	  0.0	6.019	22.654	22.654
27	  L	  0.6	  0.0	6.019	22.654	22.654
28	  L	  0.6	  0.0	5.515	22.654	22.654
29	  T	  0.4	  0.2	4.356	9.488	9.488
30	  R	  0.3	  0.3	4.244	0.000	0.000
31	  G	  0.1	  0.3	1.992	0.000	0.000
32	  E	  0.1	  0.3	0.521	0.000	0.000
33	  A	  0.2	  0.1	0.168	0.000	0.000
34	  L	  0.2	  0.0	0.168	0.000	0.000
35	  C	  0.1	  0.0	0.168	0.000	0.000
