res	aa	Beta	Turn	Helix	Aggregation	Conc-Stab_Aggregation
01	  M	  0.2	  0.0	0.000	0.000	0.000
02	  T	  1.2	  0.0	0.000	0.000	0.000
03	  R	  3.8	  0.0	0.000	0.000	0.000
04	  C	  3.8	  0.0	0.000	0.000	0.000
05	  T	  2.8	  3.0	0.161	0.000	0.000
06	  P	  0.3	  3.1	0.161	0.000	0.000
07	  G	  0.1	  3.1	0.266	0.000	0.000
08	  C	  1.1	  3.3	0.266	0.000	0.000
09	  A	  1.2	  0.5	0.266	0.000	0.000
10	  Q	  1.0	  0.7	0.266	0.000	0.000
11	  K	  0.1	  1.1	0.266	0.000	0.000
12	  G	  0.1	  0.9	0.105	0.000	0.000
13	  S	  2.3	  0.8	0.000	0.000	0.000
14	  F	  3.2	  0.7	0.000	0.000	0.000
15	  H	  3.2	  1.3	0.000	0.000	0.000
16	  G	  1.0	  1.5	0.000	0.000	0.000
17	  S	  0.1	  1.5	0.000	0.000	0.000
18	  S	  0.1	  1.1	0.000	0.000	0.000
19	  M	  0.1	  0.2	0.000	0.000	0.000
