res	aa	Beta	Turn	Helix	Aggregation	Conc-Stab_Aggregation
01	  Q	  0.1	  0.0	0.000	0.000	0.000
02	  L	  0.4	  0.0	0.000	0.000	0.000
03	  A	  0.6	  0.1	0.000	0.000	0.000
04	  L	  0.6	  0.2	0.000	0.000	0.000
05	  D	  0.3	  0.4	0.000	0.000	0.000
06	  A	  0.2	  0.5	0.000	0.000	0.000
07	  G	  0.0	  0.6	0.000	0.000	0.000
08	  L	  0.1	  0.8	0.000	0.000	0.000
09	  G	  0.0	  0.7	0.000	0.000	0.000
10	  S	  0.6	  2.2	0.000	0.000	0.000
11	  K	  0.7	  2.0	0.000	0.000	0.000
12	  N	  0.8	  2.2	0.000	0.000	0.000
13	  S	  0.2	  2.5	0.000	0.000	0.000
14	  Q	  0.2	  0.8	0.000	0.000	0.000
15	  G	  0.1	  1.1	0.000	0.000	0.000
16	  Y	  0.5	  1.2	0.000	0.000	0.000
17	  G	  0.6	  0.8	0.110	0.000	0.000
18	  C	  9.4	  0.8	0.240	0.000	0.000
19	  C	 10.0	  0.6	0.754	0.000	0.000
20	  R	 10.2	  0.1	0.754	0.000	0.000
21	  L	  1.6	  0.1	0.754	0.000	0.000
22	  L	  0.4	  0.2	0.754	0.000	0.000
23	  E	  0.1	  0.5	0.754	0.000	0.000
24	  E	  0.0	  0.9	0.754	0.000	0.000
25	  G	  0.0	  1.0	0.559	0.000	0.000
26	  K	  0.6	  0.8	0.098	0.000	0.000
27	  T	 14.1	  0.5	0.000	0.000	0.000
28	  Y	 14.4	  0.4	0.000	0.000	0.000
29	  K	 13.9	  1.2	0.000	0.000	0.000
30	  G	  0.4	  1.3	0.000	0.000	0.000
31	  G	  0.0	  1.4	0.000	0.000	0.000
32	  E	  0.2	  1.3	0.000	0.000	0.000
33	  K	  0.3	  0.4	0.000	0.000	0.000
34	  S	  0.3	  0.3	0.000	0.000	0.000
35	  G	  0.1	  0.2	0.000	0.000	0.000
