res	aa	Beta	Turn	Helix	Aggregation	Conc-Stab_Aggregation
01	  M	  0.1	  0.0	0.000	0.000	0.000
02	  K	  0.3	  0.1	0.363	0.000	0.000
03	  K	  0.4	  0.1	0.363	0.000	0.000
04	  E	  0.3	  0.1	0.363	0.000	0.000
05	  L	  0.5	  0.1	0.363	0.000	0.000
06	  L	  0.6	  0.1	0.363	0.000	0.000
07	  N	  0.6	  2.0	0.836	0.000	0.000
08	  K	  0.2	  2.0	0.688	0.000	0.000
09	  N	  0.1	  2.0	0.474	0.000	0.000
10	  E	  0.5	  2.0	0.474	0.000	0.000
11	  M	  0.7	  0.0	0.474	0.000	0.000
12	  S	  1.0	  0.0	0.576	0.000	0.000
13	  K	  2.1	  0.0	0.274	0.000	0.000
14	  I	  3.7	  0.0	0.102	0.000	0.000
15	  I	  3.4	  3.5	0.102	0.000	0.000
16	  G	  2.0	  3.5	0.102	0.000	0.000
17	  G	  0.1	  3.5	0.102	0.000	0.000
18	  K	  1.4	  3.5	0.000	0.000	0.000
19	  I	  5.1	  0.0	0.000	0.000	0.000
20	  N	  5.0	  0.2	0.000	0.000	0.000
21	  W	  3.7	  0.7	0.000	0.000	0.000
22	  G	  0.1	  0.7	0.000	0.000	0.000
23	  N	  0.1	  0.9	0.000	0.000	0.000
24	  V	  0.1	  1.2	0.000	0.000	0.000
25	  G	  0.1	  1.0	0.000	0.000	0.000
26	  G	  0.1	  1.0	0.000	0.000	0.000
27	  S	  1.6	  0.8	0.000	0.000	0.000
28	  C	  1.9	  0.5	0.000	0.000	0.000
29	  V	  1.9	  1.0	0.000	0.147	0.147
30	  G	  0.4	  1.0	0.000	0.147	0.147
31	  G	  0.1	  1.0	0.000	0.147	0.147
32	  A	  0.7	  0.8	0.000	0.147	0.147
33	  V	  3.3	  0.0	0.000	0.147	0.147
34	  K	  3.3	  0.0	0.000	0.000	0.000
35	  W	  2.7	  0.0	0.000	0.000	0.000
