res	aa	Beta	Turn	Helix	Aggregation	Conc-Stab_Aggregation
01	  M	  0.0	  0.2	0.000	0.000	0.000
02	  P	  0.0	  0.2	0.000	0.000	0.000
03	  Q	  0.1	  0.2	0.000	0.000	0.000
04	  R	  0.1	  2.2	0.000	0.000	0.000
05	  P	  0.1	  2.3	0.000	0.000	0.000
06	  G	  0.0	  2.4	0.000	0.000	0.000
07	  S	  0.5	  2.5	0.000	0.000	0.000
08	  R	  0.6	  0.5	0.000	0.000	0.000
09	  R	  1.3	  0.2	0.000	0.000	0.000
10	  C	  0.9	  0.1	0.000	0.000	0.000
11	  K	  0.9	  0.2	0.000	0.000	0.000
12	  P	  0.1	  0.2	0.000	0.000	0.000
13	  H	  0.9	  0.3	0.000	0.000	0.000
14	  R	  3.1	  0.3	0.000	0.000	0.000
15	  C	  3.7	  0.4	0.000	0.000	0.000
16	  I	  2.9	  0.9	0.000	0.000	0.000
17	  G	  0.7	  0.9	0.000	0.000	0.000
18	  S	  5.9	  0.9	0.000	0.000	0.000
19	  C	  6.0	  0.5	0.000	0.000	0.000
20	  Q	  6.0	  0.0	0.000	0.000	0.000
21	  P	  0.2	  0.0	0.000	0.000	0.000
22	  R	  0.0	  0.0	0.000	0.000	0.000
