res	aa	Beta	Turn	Helix	Aggregation	Conc-Stab_Aggregation
01	  M	  0.1	  0.2	0.000	0.000	0.000
02	  S	  0.1	  0.2	0.000	0.000	0.000
03	  D	  1.0	  0.9	0.000	0.000	0.000
04	  I	  1.9	  0.9	0.000	0.000	0.000
05	  N	  2.0	  0.9	0.000	0.000	0.000
06	  A	  1.2	  0.9	0.000	0.000	0.000
07	  T	  1.1	  0.2	0.000	0.000	0.000
08	  R	  1.1	  0.2	0.000	0.000	0.000
09	  L	  0.9	  0.0	0.000	0.000	0.000
10	  P	  0.1	  0.0	0.000	0.000	0.000
11	  I	  0.7	  0.0	0.000	0.709	0.709
12	  W	  0.9	  0.1	0.000	0.709	0.709
13	  G	  0.9	  0.4	0.000	0.709	0.709
14	  I	  0.4	  1.5	0.000	0.709	0.709
15	  G	  0.3	  1.5	0.000	0.709	0.709
16	  C	  0.3	  1.4	0.000	0.432	0.432
17	  N	  0.2	  2.5	0.000	0.000	0.000
18	  P	  0.1	  1.5	0.000	0.000	0.000
19	  S	  0.3	  1.7	0.000	0.000	0.000
20	  V	  0.3	  2.5	0.000	0.000	0.000
21	  G	  0.3	  1.1	0.147	0.000	0.000
22	  D	  0.1	  1.1	9.101	0.000	0.000
23	  E	  4.6	  0.9	9.534	0.000	0.000
24	  V	  7.2	  0.0	9.534	3.608	3.608
25	  T	  7.5	  0.0	10.151	3.932	3.932
26	  A	  3.2	  0.0	10.151	3.932	3.932
27	  L	  0.8	  0.0	10.151	3.932	3.932
28	  L	  0.5	  0.4	9.387	3.932	3.932
29	  A	  0.3	  0.6	8.829	1.981	1.981
30	  S	  0.2	  0.8	6.501	0.000	0.000
31	  G	  0.1	  0.8	1.034	0.000	0.000
32	  E	  0.1	  0.4	0.262	0.000	0.000
33	  A	  0.2	  0.2	0.000	0.000	0.000
34	  L	  0.2	  0.0	0.000	0.000	0.000
35	  C	  0.1	  0.0	0.000	0.000	0.000
