res	aa	Beta	Turn	Helix	Aggregation	Conc-Stab_Aggregation
01	  M	  0.1	  0.2	0.000	0.000	0.000
02	  S	  0.1	  0.2	0.000	0.000	0.000
03	  D	  1.0	  0.9	0.000	0.000	0.000
04	  I	  1.9	  0.9	0.000	0.000	0.000
05	  N	  2.0	  0.9	0.000	0.000	0.000
06	  A	  1.2	  0.9	0.000	0.000	0.000
07	  T	  1.1	  0.2	0.000	0.000	0.000
08	  R	  1.1	  0.2	0.000	0.000	0.000
09	  L	  0.9	  0.0	0.000	0.000	0.000
10	  P	  0.1	  0.0	0.000	0.000	0.000
11	  I	  0.7	  0.0	0.000	0.315	0.315
12	  W	  0.9	  0.1	0.000	0.315	0.315
13	  G	  0.9	  0.4	0.000	0.315	0.315
14	  I	  0.4	  1.1	0.000	0.315	0.315
15	  G	  0.3	  1.1	0.000	0.315	0.315
16	  C	  0.3	  1.0	0.000	0.192	0.192
17	  D	  0.2	  0.9	0.000	0.000	0.000
18	  P	  0.1	  0.1	0.000	0.000	0.000
19	  C	  0.4	  0.4	0.000	0.000	0.000
20	  V	  0.4	  2.1	0.000	0.000	0.000
21	  G	  0.4	  2.2	0.110	0.000	0.000
22	  D	  0.1	  2.2	0.596	0.000	0.000
23	  D	  0.2	  2.0	0.752	0.000	0.000
24	  V	  1.4	  0.2	0.752	2.904	2.904
25	  A	  1.5	  0.0	0.752	3.118	3.118
26	  A	  1.5	  0.0	0.752	3.118	3.118
27	  L	  0.6	  0.0	0.752	3.118	3.118
28	  T	  1.6	  0.1	0.279	3.118	3.118
29	  T	  1.5	  0.3	0.279	1.306	1.306
30	  R	  1.3	  0.3	0.279	0.000	0.000
31	  G	  0.2	  0.3	0.000	0.000	0.000
32	  E	  0.1	  0.3	0.000	0.000	0.000
33	  A	  0.2	  0.1	0.000	0.000	0.000
34	  L	  0.2	  0.0	0.000	0.000	0.000
35	  C	  0.1	  0.0	0.000	0.000	0.000
