res	aa	Beta	Turn	Helix	Aggregation	Conc-Stab_Aggregation
01	  M	  0.3	  0.0	0.000	0.000	0.000
02	  L	  2.7	  0.0	0.000	0.142	0.142
03	  T	  3.2	  0.0	0.000	0.142	0.142
04	  M	  3.0	  0.0	0.000	0.142	0.142
05	  A	  0.6	  0.3	0.000	0.142	0.142
06	  A	  0.2	  0.3	0.000	0.142	0.142
07	  D	  1.5	  0.3	0.000	0.000	0.000
08	  I	  3.4	  0.3	0.000	18.852	18.852
09	  I	  4.1	  0.0	0.000	20.917	20.917
10	  S	  3.1	  0.0	0.000	24.096	24.096
11	  T	  5.8	  0.0	0.713	49.379	49.379
12	  I	  7.4	  0.0	0.713	91.163	91.163
13	  V	  9.9	  0.0	0.822	94.731	94.731
14	  E	  5.5	  0.0	0.988	94.446	94.446
15	  F	  4.9	  0.0	0.988	95.436	95.436
16	  V	  8.5	  0.0	0.988	95.511	95.511
17	  K	  8.8	  0.0	0.988	95.511	95.511
18	  L	  7.6	  0.0	0.804	95.470	95.470
19	  I	  1.4	  0.0	0.804	92.738	92.738
20	  A	  0.8	  0.1	0.908	79.655	79.655
21	  E	  0.4	  0.1	0.765	68.534	68.534
22	  T	  4.0	  0.1	0.222	68.521	68.521
23	  V	  4.6	  0.1	0.222	68.514	68.514
24	  A	  4.8	  0.0	0.222	67.950	67.950
25	  K	  1.3	  0.0	0.222	67.469	67.469
26	  F	  1.5	  0.0	0.222	67.209	67.209
27	  I	  1.3	  0.0	0.000	64.538	64.538
28	  K	  0.9	  0.0	0.000	0.039	0.039
