res	aa	Beta	Turn	Helix	Aggregation	Conc-Stab_Aggregation
01	  M	  0.1	  0.2	0.000	0.000	0.000
02	  S	  0.1	  0.2	0.000	0.000	0.000
03	  D	  1.0	  0.9	0.000	0.000	0.000
04	  I	  1.9	  0.9	0.000	0.000	0.000
05	  N	  2.0	  0.9	0.000	0.000	0.000
06	  A	  1.2	  0.9	0.000	0.000	0.000
07	  T	  1.1	  0.2	0.000	0.000	0.000
08	  R	  1.1	  0.2	0.000	0.000	0.000
09	  L	  0.9	  0.2	0.000	0.000	0.000
10	  P	  0.1	  0.2	0.000	0.465	0.465
11	  A	  0.2	  0.2	0.000	0.465	0.465
12	  W	  0.8	  0.2	0.000	0.465	0.465
13	  L	  1.3	  0.0	0.000	0.465	0.465
14	  V	  4.9	  0.0	0.000	0.465	0.465
15	  D	  4.4	  0.0	0.000	0.000	0.000
16	  C	  3.9	  0.2	0.000	0.000	0.000
17	  P	  0.0	  0.2	0.000	0.000	0.000
18	  C	  0.4	  0.5	0.000	0.000	0.000
19	  V	  0.4	  0.7	0.000	0.000	0.000
20	  G	  0.5	  0.9	0.000	0.000	0.000
21	  A	  0.2	  1.0	0.000	0.000	0.000
22	  D	  1.4	  0.7	0.000	0.000	0.000
23	  V	  1.6	  0.4	0.000	0.000	0.000
24	  N	  1.6	  0.0	0.136	0.000	0.000
25	  P	  0.2	  0.0	0.136	0.000	0.000
26	  V	  1.6	  0.0	0.136	0.000	0.000
27	  L	  1.8	  0.0	0.136	0.000	0.000
28	  T	  1.9	  0.3	0.136	0.000	0.000
29	  R	  0.3	  0.4	0.136	0.000	0.000
30	  G	  0.1	  0.5	0.000	0.000	0.000
31	  Q	  0.2	  0.5	0.000	0.000	0.000
32	  S	  1.0	  0.2	0.000	0.000	0.000
33	  L	  1.0	  0.2	0.000	0.000	0.000
34	  C	  0.8	  0.1	0.000	0.000	0.000
