res	aa	Beta	Turn	Helix	Aggregation	Conc-Stab_Aggregation
01	  M	  1.2	  0.0	0.000	0.000	0.000
02	  V	  3.5	  0.0	0.000	0.000	0.000
03	  W	  7.8	  0.1	0.000	0.000	0.000
04	  E	  6.6	  0.3	0.000	0.000	0.000
05	  C	  4.6	  0.3	0.000	0.000	0.000
06	  G	  0.2	  0.6	0.000	0.000	0.000
07	  V	  0.3	  0.5	0.000	0.000	0.000
08	  G	  0.1	  0.5	0.000	0.000	0.000
09	  Q	  0.3	  0.5	0.000	0.000	0.000
10	  H	  0.4	  0.3	0.000	0.000	0.000
11	  N	  0.5	  0.7	0.000	0.000	0.000
12	  S	  0.3	  1.1	0.000	0.000	0.000
13	  Q	  0.2	  1.0	0.000	0.000	0.000
14	  G	  0.1	  1.2	0.000	0.000	0.000
15	  F	  0.2	  0.8	0.000	0.000	0.000
16	  G	  0.2	  0.3	0.328	0.000	0.000
17	  M	  0.3	  0.3	0.328	0.000	0.000
18	  I	  1.1	  0.0	0.328	0.000	0.000
19	  E	  1.1	  0.0	0.328	0.000	0.000
20	  A	  1.1	  0.0	0.328	0.000	0.000
21	  C	  1.2	  0.0	0.328	0.000	0.000
22	  K	  1.1	  0.0	0.113	0.000	0.000
23	  A	  1.0	  0.0	0.000	0.000	0.000
