res	aa	Beta	Turn	Helix	Aggregation	Conc-Stab_Aggregation
01	  M	  0.1	  0.0	0.000	0.000	0.000
02	  E	  0.1	  0.0	0.000	0.000	0.000
03	  R	  4.9	  0.0	0.000	0.000	0.000
04	  I	  8.5	  0.0	0.000	0.000	0.000
05	  I	 15.9	  0.0	0.000	0.000	0.000
06	  R	 13.7	  0.0	0.000	0.000	0.000
07	  I	 11.1	  0.0	0.000	0.000	0.000
08	  F	  5.3	  0.0	0.000	0.000	0.000
09	  L	  9.2	  0.0	0.000	0.000	0.000
10	  C	  9.1	  0.0	0.000	0.000	0.000
11	  C	  7.6	  4.8	0.000	0.000	0.000
12	  P	  0.9	  4.9	0.000	0.000	0.000
13	  G	  0.0	  4.9	0.000	0.000	0.000
14	  C	  3.5	  4.9	0.000	0.000	0.000
15	  I	  4.5	  0.2	0.000	0.000	0.000
16	  R	  4.5	  0.1	0.000	0.000	0.000
17	  T	  1.1	  0.1	0.000	0.000	0.000
18	  G	  0.1	  0.1	0.000	0.000	0.000
19	  I	  0.0	  0.1	0.000	0.000	0.000
