res	aa	Beta	Turn	Helix	Aggregation	Conc-Stab_Aggregation
01	  M	  0.2	  0.3	0.000	0.000	0.000
02	  R	  0.2	  0.3	0.000	0.000	0.000
03	  G	  0.4	  0.3	0.000	0.000	0.000
04	  C	  7.4	  0.5	0.000	0.000	0.000
05	  C	  8.2	  0.2	0.000	0.000	0.000
06	  N	  8.2	  0.1	0.000	0.000	0.000
07	  W	  1.1	  1.0	0.000	0.000	0.000
08	  P	  0.1	  1.0	0.118	0.000	0.000
09	  D	  0.0	  1.0	0.655	0.000	0.000
10	  S	  0.7	  1.0	1.886	0.000	0.000
11	  A	  0.9	  0.3	1.886	0.000	0.000
12	  R	  1.1	  0.2	1.886	0.000	0.000
13	  S	  0.5	  0.1	1.886	0.000	0.000
14	  R	  0.5	  0.1	1.768	0.000	0.000
15	  W	  2.8	  0.0	1.409	0.000	0.000
16	  C	  2.9	  0.0	0.513	0.000	0.000
17	  R	  2.8	  0.2	0.147	0.000	0.000
18	  P	  0.2	  0.2	0.000	0.000	0.000
19	  H	  2.9	  0.2	0.000	0.000	0.000
20	  I	  4.9	  0.2	0.000	0.000	0.000
21	  C	  5.2	  0.0	0.000	0.000	0.000
22	  F	  2.4	  2.2	0.000	0.000	0.000
23	  P	  0.3	  2.2	0.000	0.000	0.000
24	  G	  0.0	  2.2	0.000	0.000	0.000
25	  S	  0.0	  2.2	0.000	0.000	0.000
