res	aa	Beta	Turn	Helix	Aggregation	Conc-Stab_Aggregation
01	  M	  0.2	  0.0	0.000	0.000	0.000
02	  F	  2.4	  0.0	0.416	0.000	0.000
03	  E	  2.6	  0.0	0.416	0.000	0.000
04	  L	  2.4	  0.2	0.416	0.000	0.000
05	  E	  0.2	  0.2	0.416	0.000	0.000
06	  G	  0.0	  0.2	0.416	0.000	0.000
07	  N	  0.0	  0.3	10.407	0.000	0.000
08	  P	  0.0	  0.2	11.588	0.000	0.000
09	  E	  0.4	  0.2	13.025	0.000	0.000
10	  V	  1.4	  0.2	13.336	0.000	0.000
11	  L	  1.5	  0.0	13.336	0.000	0.000
12	  K	  1.1	  0.1	13.336	0.000	0.000
13	  K	  0.3	  0.1	13.122	0.000	0.000
14	  L	  0.5	  0.1	11.991	0.000	0.000
15	  Y	  2.0	  0.1	11.513	0.000	0.000
16	  Q	  1.9	  0.2	8.310	0.000	0.000
17	  K	  1.6	  0.3	3.409	0.000	0.000
18	  G	  0.0	  0.5	1.067	0.000	0.000
19	  L	  0.0	  0.4	0.182	0.000	0.000
20	  G	  0.0	  0.3	2.328	0.000	0.000
21	  Q	  0.2	  0.3	2.328	0.000	0.000
22	  R	  0.3	  0.1	2.328	0.000	0.000
23	  T	  0.6	  0.4	2.328	0.000	0.000
24	  A	  0.4	  0.8	2.328	0.000	0.000
25	  E	  0.3	  0.8	2.328	0.000	0.000
26	  G	  0.0	  1.0	1.474	0.000	0.000
27	  F	  0.2	  0.7	0.932	0.000	0.000
28	  G	  0.2	  0.3	0.111	0.000	0.000
29	  M	  0.3	  0.3	0.000	0.000	0.000
30	  C	  6.7	  0.0	0.000	0.000	0.000
31	  E	  7.1	  0.0	0.000	0.000	0.000
32	  V	  7.0	  0.0	0.000	0.000	0.000
33	  L	  0.5	  0.0	0.000	0.000	0.000
