res	aa	Beta	Turn	Helix	Aggregation	Conc-Stab_Aggregation
01	  V	  1.0	  0.0	0.000	0.000	0.000
02	  C	  2.0	  0.0	0.000	0.000	0.000
03	  F	  3.8	  0.0	0.000	0.000	0.000
04	  F	  4.9	  0.1	0.000	0.000	0.000
05	  R	  5.7	  0.1	0.000	0.000	0.000
06	  Q	  5.2	  0.1	0.000	0.000	0.000
07	  F	  4.7	  0.1	0.000	0.000	0.000
08	  V	  4.9	  0.0	0.000	0.000	0.000
09	  R	  4.7	  0.0	0.000	0.000	0.000
10	  S	  3.4	  0.0	0.000	0.000	0.000
11	  V	  1.4	  0.0	0.000	0.000	0.000
12	  P	  0.2	  0.0	0.000	0.000	0.000
13	  K	  1.4	  0.1	0.000	0.000	0.000
14	  V	  3.2	  0.1	0.000	0.000	0.000
15	  D	  3.7	  0.1	3.799	0.000	0.000
16	  Y	  2.8	  0.2	3.799	0.000	0.000
17	  Q	  1.1	  0.1	3.799	0.000	0.000
18	  T	  2.8	  0.1	3.799	0.000	0.000
19	  L	  3.1	  0.3	3.799	0.000	0.000
20	  R	  3.1	  0.3	3.799	0.000	0.000
21	  H	  1.0	  0.3	2.327	0.000	0.000
22	  G	  0.3	  0.3	0.950	0.000	0.000
23	  F	  1.2	  0.2	0.461	0.000	0.000
24	  I	  1.1	  0.0	0.000	0.000	0.000
25	  M	  1.0	  0.0	0.000	0.000	0.000
