res	aa	Beta	Turn	Helix	Aggregation	Conc-Stab_Aggregation
01	  H	  0.3	  0.0	0.000	0.000	0.000
02	  S	  1.5	  0.0	0.000	0.000	0.000
03	  F	  2.7	  0.0	0.000	0.000	0.000
04	  F	  3.0	  0.1	0.000	0.000	0.000
05	  K	  2.1	  0.1	0.000	0.000	0.000
06	  Q	  2.4	  0.1	0.000	0.000	0.000
07	  F	  3.3	  0.1	0.000	0.000	0.000
08	  H	  3.4	  0.3	0.000	0.000	0.000
09	  A	  2.3	  0.3	0.000	0.000	0.000
10	  S	  3.6	  0.3	0.145	0.000	0.000
11	  I	  5.6	  0.3	0.145	0.000	0.000
12	  T	  5.9	  0.0	0.145	0.000	0.000
13	  K	  3.3	  0.0	0.145	0.000	0.000
14	  I	  1.2	  0.0	0.145	0.000	0.000
15	  G	  0.4	  0.0	2.335	0.000	0.000
16	  Y	  0.7	  0.1	2.335	0.000	0.000
17	  R	  0.8	  0.1	2.190	0.000	0.000
18	  T	  3.0	  0.1	2.330	0.000	0.000
19	  L	  4.0	  0.2	2.330	0.000	0.000
20	  R	  3.8	  0.1	2.330	0.000	0.000
21	  L	  1.6	  0.1	1.903	0.000	0.000
22	  G	  0.2	  0.1	1.624	0.000	0.000
23	  F	  1.1	  0.0	0.592	0.000	0.000
24	  I	  1.1	  0.0	0.000	0.000	0.000
25	  M	  1.0	  0.0	0.000	0.000	0.000
