res	aa	Beta	Turn	Helix	Aggregation	Conc-Stab_Aggregation
01	  M	  0.0	  0.7	0.000	0.000	0.000
02	  P	  0.0	  1.5	0.000	0.000	0.000
03	  G	  0.0	  1.5	0.000	0.000	0.000
04	  N	  0.0	  1.9	0.000	0.000	0.000
05	  L	  0.0	  1.2	0.000	0.000	0.000
06	  G	  0.0	  0.4	0.000	0.000	0.000
07	  K	  1.3	  0.5	0.000	0.000	0.000
08	  V	  2.0	  0.1	0.000	0.000	0.000
09	  D	  2.3	  0.1	0.511	0.000	0.000
10	  H	  5.4	  0.1	0.616	0.230	0.230
11	  I	  7.7	  0.0	0.616	63.489	63.489
12	  L	  9.2	  0.0	0.616	70.880	70.880
13	  V	  8.7	  0.0	0.616	70.880	70.880
14	  L	  6.6	  0.0	0.616	70.880	70.880
15	  M	  4.8	  0.0	0.616	70.771	70.771
16	  M	  1.2	  0.2	0.616	42.319	42.319
17	  E	  0.2	  0.2	0.476	0.000	0.000
18	  N	  0.1	  0.7	0.377	0.000	0.000
19	  R	  1.6	  0.7	0.263	0.000	0.000
20	  S	  8.9	  0.7	0.000	0.000	0.000
21	  F	  9.4	  0.8	0.000	0.000	0.000
22	  D	  7.9	  0.4	0.132	0.000	0.000
23	  H	  1.1	  0.5	0.132	0.000	0.000
24	  M	  0.7	  0.4	0.132	1.097	1.097
25	  L	  0.7	  0.3	0.132	2.146	2.146
26	  G	  0.2	  0.3	0.132	2.146	2.146
27	  Y	  1.0	  0.3	0.132	3.051	3.051
28	  L	  2.7	  0.2	0.000	3.051	3.051
29	  S	  2.8	  0.2	0.000	2.481	2.481
30	  L	  1.9	  0.2	0.000	2.481	2.481
31	  A	  0.2	  0.0	0.000	1.976	1.976
32	  N	  0.1	  0.0	0.000	0.000	0.000
