res	aa	Beta	Turn	Helix	Aggregation	Conc-Stab_Aggregation
01	  M	  0.2	  0.0	0.000	0.000	0.000
02	  G	  0.2	  0.0	0.000	0.000	0.000
03	  A	  0.2	  0.0	0.000	0.000	0.000
04	  P	  0.0	  0.0	0.000	0.000	0.000
05	  P	  0.0	  0.0	0.000	0.000	0.000
06	  R	  0.0	  0.1	0.000	0.000	0.000
07	  P	  0.0	  0.1	0.000	0.000	0.000
08	  L	  0.3	  0.2	0.000	0.000	0.000
09	  S	  0.3	  0.3	8.330	0.000	0.000
10	  S	  0.7	  0.3	9.805	0.000	0.000
11	  A	  0.4	  0.3	9.905	0.000	0.000
12	  E	  0.4	  0.2	10.106	0.000	0.000
13	  A	  0.3	  0.1	10.220	0.000	0.000
14	  M	  2.1	  0.1	10.220	0.000	0.000
15	  S	  2.7	  0.0	7.979	0.000	0.000
16	  L	  4.7	  0.0	7.037	0.000	0.000
17	  Q	  2.8	  0.0	6.578	0.000	0.000
18	  F	  2.3	  0.0	4.682	0.000	0.000
19	  P	  0.0	  0.0	0.000	0.000	0.000
20	  P	  0.0	  0.6	0.000	0.000	0.000
21	  P	  0.0	  0.6	0.000	0.000	0.000
22	  S	  0.1	  0.6	0.000	0.000	0.000
23	  A	  0.4	  0.6	0.000	0.000	0.000
24	  L	  0.5	  0.1	0.000	0.000	0.000
25	  R	  0.7	  0.1	0.000	0.000	0.000
26	  T	  2.2	  0.1	0.000	0.000	0.000
27	  T	  2.0	  0.1	0.000	0.000	0.000
28	  R	  1.7	  0.0	0.000	0.000	0.000
