res	aa	Beta	Turn	Helix	Aggregation	Conc-Stab_Aggregation
01	  Y	  1.8	  0.0	0.000	0.000	0.000
02	  R	  1.9	  0.1	0.000	0.000	0.000
03	  A	  1.9	  0.4	0.000	0.000	0.000
04	  S	  0.2	  0.9	0.000	0.000	0.000
05	  D	  0.0	  0.9	0.000	0.000	0.000
06	  N	  2.4	  0.8	0.000	0.000	0.000
07	  T	 36.0	  0.6	0.000	0.000	0.000
08	  F	 36.3	  0.0	0.000	0.000	0.000
09	  Q	 34.2	  0.1	0.000	0.000	0.000
10	  P	  0.4	  0.3	0.000	0.000	0.000
11	  Y	  0.3	  0.3	0.000	0.000	0.000
12	  N	  0.3	  0.3	0.000	0.000	0.000
13	  G	  0.3	  0.4	0.000	0.000	0.000
14	  P	  0.0	  0.3	0.000	0.000	0.000
15	  R	  0.4	  0.4	0.000	0.000	0.000
16	  Q	  0.6	  0.4	0.000	0.000	0.000
17	  Q	  1.2	  0.1	0.000	0.000	0.000
18	  C	  3.7	  0.1	0.000	0.000	0.000
19	  V	  3.8	  0.0	0.000	0.000	0.000
20	  S	  3.3	  0.0	0.000	0.000	0.000
21	  P	  0.3	  0.0	0.000	0.000	0.000
22	  Y	  0.0	  0.0	0.000	0.000	0.000
