res	aa	Beta	Turn	Helix	Aggregation	Conc-Stab_Aggregation
01	  R	  1.6	  0.0	0.000	0.000	0.000
02	  S	 14.1	  0.0	0.000	0.000	0.000
03	  Y	 14.4	  0.0	0.000	0.000	0.000
04	  R	 13.0	  0.2	0.000	0.000	0.000
05	  P	  0.4	  0.6	0.000	0.000	0.000
06	  E	  0.0	  0.7	0.000	0.000	0.000
07	  D	  0.0	  0.9	0.000	0.000	0.000
08	  N	  1.0	  0.7	0.000	0.000	0.000
09	  S	  7.4	  0.3	0.000	0.000	0.000
10	  Y	  7.8	  0.2	0.000	0.000	0.000
11	  Q	  6.8	  0.1	0.000	0.000	0.000
12	  P	  0.4	  0.2	0.000	0.000	0.000
13	  Y	  1.3	  0.4	0.000	0.000	0.000
14	  S	  1.3	  0.4	0.000	0.000	0.000
15	  G	  1.3	  0.3	0.000	0.000	0.000
16	  G	  0.0	  0.5	0.000	0.000	0.000
17	  P	  0.0	  0.4	0.000	0.000	0.000
18	  R	  0.4	  0.4	0.000	0.000	0.000
19	  R	  0.5	  0.4	0.000	0.000	0.000
20	  Q	  1.1	  0.1	0.000	0.000	0.000
21	  C	  0.7	  0.1	0.000	0.000	0.000
22	  H	  0.6	  0.0	0.000	0.000	0.000
