res	aa	Beta	Turn	Helix	Aggregation	Conc-Stab_Aggregation
01	  V	  4.5	  0.0	0.000	0.000	0.000
02	  H	  5.7	  0.0	0.000	0.000	0.000
03	  L	  5.8	  0.0	0.000	0.000	0.000
04	  S	  1.5	  2.3	0.688	0.000	0.000
05	  P	  0.1	  2.4	0.688	0.000	0.000
06	  G	  0.0	  2.4	0.688	0.000	0.000
07	  A	  0.2	  2.4	0.688	0.000	0.000
08	  K	  0.9	  0.1	0.688	0.000	0.000
09	  F	  4.1	  0.0	0.688	0.000	0.000
10	  N	  4.9	  0.0	1.197	0.000	0.000
11	  F	  5.9	  0.0	0.901	0.000	0.000
12	  Q	  3.3	  0.0	0.611	0.000	0.000
13	  K	  2.8	  0.0	0.509	0.000	0.000
14	  Y	  2.2	  0.0	0.509	0.000	0.000
15	  I	  3.6	  0.0	0.509	0.000	0.000
16	  K	  3.4	  0.1	0.509	0.000	0.000
17	  R	  2.7	  0.1	0.165	0.000	0.000
18	  S	  1.7	  0.1	0.377	0.000	0.000
19	  L	  1.5	  0.4	0.377	0.000	0.000
20	  E	  1.1	  0.5	0.377	0.000	0.000
21	  D	  0.1	  0.4	0.598	0.000	0.000
22	  D	  0.4	  0.4	0.713	0.000	0.000
23	  F	  2.6	  0.1	0.713	0.000	0.000
24	  K	  4.3	  0.0	0.562	0.000	0.000
25	  V	 15.9	  0.0	0.336	0.000	0.000
26	  V	 14.6	  0.0	0.336	0.000	0.000
27	  V	 13.1	  0.0	0.336	0.000	0.000
28	  G	  1.2	  0.0	0.336	0.000	0.000
29	  I	  0.2	  0.0	0.000	0.000	0.000
