res	aa	Beta	Turn	Helix	Aggregation	Conc-Stab_Aggregation
01	  M	  6.2	  0.0	0.000	0.000	0.000
02	  C	  9.2	  0.0	0.000	0.000	0.000
03	  C	  9.3	  0.0	0.000	0.000	0.000
04	  G	  3.2	  0.0	0.000	0.000	0.000
05	  W	  0.3	  0.0	0.000	0.000	0.000
06	  S	  0.3	  4.5	0.361	0.000	0.000
07	  P	  0.2	  4.5	0.361	0.000	0.000
08	  S	  7.2	  4.5	0.361	0.000	0.000
09	  C	  8.1	  4.7	0.361	0.000	0.000
10	  R	  8.2	  0.5	0.361	0.000	0.000
11	  R	  1.2	  0.5	0.361	0.000	0.000
12	  G	  0.2	  0.6	0.133	0.000	0.000
13	  S	  1.0	  0.3	0.704	0.000	0.000
14	  C	  1.1	  0.3	0.704	0.000	0.000
15	  A	  1.2	  0.3	0.704	0.000	0.000
16	  T	  1.1	  0.2	0.704	0.000	0.000
17	  A	  1.0	  0.3	0.704	0.000	0.000
18	  R	  1.0	  0.1	0.704	0.000	0.000
19	  T	  0.2	  0.1	0.000	0.000	0.000
20	  A	  0.1	  0.1	0.000	0.000	0.000
