res	aa	Beta	Turn	Helix	Aggregation	Conc-Stab_Aggregation
01	  M	  0.2	  0.0	0.000	0.000	0.000
02	  M	  5.2	  0.0	0.000	0.000	0.000
03	  R	  7.4	  0.0	0.000	0.000	0.000
04	  I	  7.4	  0.0	0.000	0.000	0.000
05	  S	  2.5	  0.3	0.000	0.000	0.000
06	  E	  0.2	  0.6	0.000	0.000	0.000
07	  K	  0.1	  0.7	0.000	0.000	0.000
08	  G	  0.3	  0.7	0.000	12.705	12.705
09	  I	 10.7	  0.4	0.000	13.934	13.934
10	  T	 11.1	  0.1	0.176	13.934	13.934
11	  L	 11.2	  0.0	0.176	13.934	13.934
12	  I	  1.6	  0.1	0.176	13.934	13.934
13	  K	  1.1	  0.1	0.176	1.229	1.229
14	  E	  1.6	  0.1	0.176	1.229	1.229
15	  F	  1.3	  0.9	0.176	1.229	1.229
16	  E	  1.1	  1.5	0.000	0.000	0.000
17	  G	  0.4	  1.5	0.000	0.000	0.000
18	  C	  1.4	  1.6	0.148	0.000	0.000
19	  S	  3.0	  0.8	0.148	0.000	0.000
20	  L	  3.7	  0.1	0.148	0.000	0.000
21	  T	  3.6	  0.1	0.148	0.000	0.000
22	  A	  2.0	  0.0	0.148	0.000	0.000
23	  Y	  1.3	  0.0	0.148	0.000	0.000
24	  P	  0.0	  0.0	0.000	0.000	0.000
25	  D	  0.0	  3.0	0.000	0.000	0.000
26	  P	  0.0	  3.3	0.000	0.000	0.000
27	  G	  0.0	  3.4	0.000	0.000	0.000
28	  T	  0.0	  3.4	0.000	0.000	0.000
29	  G	  0.0	  0.4	0.000	0.000	0.000
30	  G	  0.0	  0.1	0.000	0.000	0.000
