res	aa	Beta	Turn	Helix	Aggregation	Conc-Stab_Aggregation
01	  L	  1.4	  0.0	0.000	0.000	0.000
02	  I	  4.7	  0.0	0.000	32.109	32.109
03	  V	  8.7	  0.0	0.000	32.448	32.448
04	  Q	  7.7	  0.0	0.000	32.448	32.448
05	  V	  6.2	  0.0	0.000	32.915	32.915
06	  L	  2.5	  0.1	0.000	32.915	32.915
07	  C	  3.2	  0.1	0.000	11.976	11.976
08	  S	 21.8	  0.2	0.000	5.151	5.151
09	  Y	 22.1	  0.3	0.000	4.325	4.325
10	  S	 21.3	  0.3	0.000	0.624	0.624
11	  T	  1.3	  0.3	0.000	0.234	0.234
12	  L	  0.4	  0.4	0.000	0.000	0.000
13	  P	  0.2	  0.2	0.422	0.370	0.370
14	  L	  0.3	  0.2	0.422	30.109	30.109
15	  Y	  1.0	  0.2	0.422	31.340	31.340
16	  A	  1.2	  0.0	0.422	31.340	31.340
17	  L	  1.6	  0.0	0.422	31.340	31.340
18	  V	  2.8	  0.0	0.422	31.340	31.340
19	  S	  2.5	  0.0	0.422	8.396	8.396
20	  Q	  1.8	  0.0	0.000	0.000	0.000
