res	aa	Beta	Turn	Helix	Aggregation	Conc-Stab_Aggregation
01	  K	  0.2	  0.0	0.000	0.000	0.000
02	  H	  1.1	  0.1	0.000	0.000	0.000
03	  C	  1.2	  0.4	0.000	0.000	0.000
04	  Q	  1.0	  0.4	0.000	0.000	0.000
05	  G	  0.1	  0.4	0.000	0.000	0.000
06	  N	  0.0	  0.5	0.116	0.000	0.000
07	  P	  0.0	  0.2	0.116	0.000	0.000
08	  K	  0.8	  0.2	0.116	0.000	0.000
09	  F	  4.2	  0.2	0.116	0.000	0.000
10	  N	  4.5	  0.0	0.116	0.000	0.000
11	  F	  4.9	  0.0	0.116	0.000	0.000
12	  H	  2.1	  0.0	0.000	0.000	0.000
13	  K	  2.0	  0.0	0.000	0.000	0.000
14	  Y	  2.0	  0.0	0.000	0.215	0.215
15	  M	  1.6	  0.0	0.000	0.215	0.215
16	  V	  2.5	  0.0	0.000	0.215	0.215
17	  R	  1.5	  0.0	0.000	0.215	0.215
18	  A	  1.3	  0.0	0.000	0.215	0.215
19	  L	  1.9	  0.0	0.000	0.215	0.215
20	  E	  6.5	  0.0	0.000	0.215	0.215
21	  V	  8.2	  0.0	0.000	0.215	0.215
22	  D	  7.0	  0.0	0.478	0.000	0.000
23	  F	  2.7	  0.1	0.478	0.000	0.000
24	  K	  0.9	  0.1	0.478	0.000	0.000
25	  K	  2.4	  0.1	0.478	0.000	0.000
26	  V	  3.1	  0.1	0.478	0.000	0.000
27	  V	  3.2	  0.0	0.478	0.000	0.000
28	  G	  1.3	  0.0	0.478	0.000	0.000
29	  I	  0.3	  0.0	0.000	0.000	0.000
