res	aa	Beta	Turn	Helix	Aggregation	Conc-Stab_Aggregation
01	  N	  0.1	  0.2	0.000	0.000	0.000
02	  H	  0.3	  0.3	0.000	0.000	0.000
03	  N	  0.3	  0.3	0.604	0.000	0.000
04	  L	  0.5	  0.3	0.604	0.000	0.000
05	  M	  0.3	  0.2	0.604	0.000	0.000
06	  A	  0.5	  0.2	0.604	0.000	0.000
07	  K	  0.9	  0.3	0.604	0.000	0.000
08	  Y	  3.1	  0.3	0.604	0.000	0.000
09	  D	  3.1	  0.1	0.138	0.000	0.000
10	  F	  3.0	  0.2	0.000	0.000	0.000
11	  H	  1.0	  0.0	0.000	0.000	0.000
12	  S	  1.4	  0.0	0.145	0.000	0.000
13	  Y	  1.7	  0.0	0.145	0.000	0.000
14	  M	  1.6	  0.0	0.145	0.000	0.000
15	  I	  2.5	  0.0	0.145	0.000	0.000
16	  R	  2.1	  0.0	0.145	0.000	0.000
17	  S	  3.1	  0.0	1.684	0.000	0.000
18	  M	  1.7	  0.1	1.539	0.000	0.000
19	  E	  1.1	  0.1	1.539	0.000	0.000
20	  E	  0.1	  0.1	1.539	0.000	0.000
21	  E	  1.1	  0.1	1.539	0.000	0.000
22	  F	  3.3	  0.0	1.539	5.072	5.072
23	  Q	  3.5	  0.0	0.903	5.249	5.249
24	  V	 16.3	  0.0	0.211	5.249	5.249
25	  I	 16.7	  0.0	0.211	5.249	5.249
26	  V	 16.9	  0.0	0.211	5.249	5.249
27	  G	  3.3	  0.0	0.211	1.109	1.109
28	  V	  0.5	  0.0	0.000	0.000	0.000
