res	aa	Beta	Turn	Helix	Aggregation	Conc-Stab_Aggregation
01	  A	  0.3	  0.0	0.000	0.000	0.000
02	  H	  1.6	  0.0	0.000	0.000	0.000
03	  L	  1.7	  0.0	0.000	0.000	0.000
04	  S	  1.4	  0.4	0.000	0.000	0.000
05	  P	  0.1	  0.4	0.000	0.000	0.000
06	  H	  0.1	  0.5	0.000	0.000	0.000
07	  S	  0.8	  0.6	0.000	0.000	0.000
08	  T	  1.3	  0.3	0.000	0.000	0.000
09	  T	  1.7	  0.2	0.000	0.000	0.000
10	  N	  1.7	  0.3	0.118	0.000	0.000
11	  F	  3.4	  0.3	0.223	0.000	0.000
12	  D	  3.4	  0.2	1.702	0.000	0.000
13	  F	  4.5	  0.3	1.702	0.000	0.000
14	  Q	  2.9	  0.0	1.702	0.000	0.000
15	  K	  2.8	  0.0	1.702	0.000	0.000
16	  Y	  2.2	  0.0	1.702	0.000	0.000
17	  I	  3.5	  0.0	1.702	0.000	0.000
18	  K	  3.3	  0.1	1.702	0.000	0.000
19	  R	  2.6	  0.1	0.666	0.000	0.000
20	  S	  2.8	  0.8	0.438	0.000	0.000
21	  L	  2.6	  0.8	0.190	0.000	0.000
22	  D	  2.2	  2.6	0.359	0.000	0.000
23	  E	  0.1	  2.6	0.359	0.000	0.000
24	  D	  0.4	  1.9	0.478	0.000	0.000
25	  F	  2.6	  1.9	0.478	0.000	0.000
26	  K	  4.2	  0.0	0.380	0.000	0.000
27	  V	 15.6	  0.0	0.288	0.000	0.000
28	  V	 14.4	  0.0	0.288	0.000	0.000
29	  V	 13.0	  0.0	0.288	0.000	0.000
30	  G	  1.2	  0.0	0.288	0.000	0.000
31	  I	  0.2	  0.0	0.000	0.000	0.000
