res	aa	Beta	Turn	Helix	Aggregation	Conc-Stab_Aggregation
01	  V	  7.3	  0.0	0.000	0.000	0.000
02	  I	  8.5	  0.0	0.000	0.215	0.215
03	  I	  8.6	  0.0	0.000	0.215	0.215
04	  Q	  1.4	  0.1	0.000	0.215	0.215
05	  G	  0.2	  0.1	0.000	0.215	0.215
06	  L	  0.4	  0.1	0.000	0.215	0.215
07	  C	  1.6	  0.1	0.000	0.000	0.000
08	  S	 22.3	  0.2	0.000	0.000	0.000
09	  Y	 22.6	  0.3	0.000	0.000	0.000
10	  S	 21.8	  0.3	0.000	0.000	0.000
11	  T	  1.3	  0.3	0.000	0.000	0.000
12	  L	  0.4	  0.4	0.000	0.000	0.000
13	  P	  0.2	  0.2	0.000	0.783	0.783
14	  L	  0.3	  0.2	0.000	58.877	58.877
15	  Y	  1.2	  0.2	0.000	64.937	64.937
16	  A	  1.8	  0.0	0.000	64.937	64.937
17	  I	  5.7	  0.0	0.000	64.937	64.937
18	  V	  8.3	  0.0	0.000	64.877	64.877
19	  T	  7.7	  0.0	0.000	41.366	41.366
20	  Q	  3.6	  0.0	0.000	0.000	0.000
