res	aa	Beta	Turn	Helix	Aggregation	Conc-Stab_Aggregation
01	  V	  1.0	  0.0	0.000	0.000	0.000
02	  C	  2.0	  0.0	0.000	0.000	0.000
03	  F	  3.8	  0.0	0.000	0.000	0.000
04	  F	  5.0	  0.1	0.000	0.000	0.000
05	  R	  5.8	  0.1	0.000	0.000	0.000
06	  Q	  5.0	  0.1	0.000	0.000	0.000
07	  F	  3.3	  0.2	0.000	0.119	0.119
08	  L	  1.4	  0.3	0.000	0.119	0.119
09	  G	  0.4	  0.3	0.000	0.119	0.119
10	  S	  1.3	  0.3	0.000	0.119	0.119
11	  V	  1.9	  0.1	0.000	0.119	0.119
12	  Q	  2.5	  0.0	0.000	0.000	0.000
13	  K	  2.5	  0.1	0.000	0.000	0.000
14	  V	  3.6	  0.1	0.000	0.000	0.000
15	  D	  3.1	  0.1	3.920	0.000	0.000
16	  Y	  2.2	  0.2	3.920	0.000	0.000
17	  L	  2.5	  0.1	3.920	0.000	0.000
18	  T	  4.6	  0.1	3.920	0.000	0.000
19	  L	  4.9	  0.2	3.920	0.000	0.000
20	  R	  3.1	  0.3	3.920	0.000	0.000
21	  H	  1.0	  0.3	1.650	0.000	0.000
22	  G	  0.2	  0.3	0.640	0.000	0.000
23	  F	  1.8	  0.2	0.311	0.000	0.000
24	  V	  1.7	  0.0	0.000	0.000	0.000
25	  M	  1.7	  0.0	0.000	0.000	0.000
