res	aa	Beta	Turn	Helix	Aggregation	Conc-Stab_Aggregation
01	  M	  1.7	  0.0	0.000	0.000	0.000
02	  I	  5.0	  0.0	0.000	36.577	36.577
03	  V	  9.0	  0.0	0.000	37.111	37.111
04	  Q	  7.7	  0.0	0.000	37.111	37.111
05	  V	  6.2	  0.0	0.000	38.849	38.849
06	  L	  2.4	  0.1	0.000	38.849	38.849
07	  C	  3.2	  0.1	0.000	20.188	20.188
08	  S	 21.8	  0.1	0.000	14.148	14.148
09	  F	 22.1	  0.3	0.000	13.417	13.417
10	  S	 21.3	  0.2	0.000	2.176	2.176
11	  T	  1.3	  0.2	0.000	0.811	0.811
12	  L	  0.4	  0.4	0.000	0.000	0.000
13	  P	  0.2	  0.2	0.000	0.780	0.780
14	  L	  0.3	  0.2	0.000	58.864	58.864
15	  Y	  1.2	  0.2	0.000	64.923	64.923
16	  A	  1.8	  0.0	0.000	64.923	64.923
17	  I	  5.7	  0.0	0.000	64.923	64.923
18	  V	  8.3	  0.0	0.000	64.864	64.864
19	  T	  7.7	  0.0	0.000	41.358	41.358
20	  Q	  3.6	  0.0	0.000	0.000	0.000
