res	aa	Beta	Turn	Helix	Aggregation	Conc-Stab_Aggregation
01	  G	  0.0	  0.0	1.283	0.000	0.000
02	  A	  0.1	  0.3	1.606	0.000	0.000
03	  A	  0.1	  0.4	2.059	0.000	0.000
04	  D	  0.0	  0.4	4.820	0.000	0.000
05	  E	  0.1	  0.4	5.270	0.000	0.000
06	  F	  1.1	  0.0	5.270	0.000	0.000
07	  L	  2.1	  0.0	5.082	0.000	0.000
08	  R	  4.9	  0.0	5.082	0.000	0.000
09	  W	  4.3	  0.0	5.082	0.000	0.000
10	  N	  3.3	  0.2	4.454	0.000	0.000
11	  K	  0.4	  0.4	1.677	0.000	0.000
12	  A	  0.1	  1.9	0.343	0.000	0.000
13	  G	  0.1	  1.9	0.183	0.000	0.000
14	  G	  0.0	  1.7	0.000	0.000	0.000
15	  K	  0.8	  1.5	0.000	0.000	0.000
16	  V	  4.0	  0.2	0.000	0.000	0.000
17	  L	  4.0	  1.5	0.000	0.000	0.000
18	  N	  3.2	  1.6	3.156	0.000	0.000
19	  G	  0.1	  1.6	3.525	0.000	0.000
20	  L	  0.2	  1.5	3.525	0.000	0.000
21	  T	  1.0	  0.1	5.477	0.000	0.000
22	  R	  1.3	  0.1	5.585	0.000	0.000
23	  R	  1.3	  0.1	5.585	0.000	0.000
24	  R	  0.5	  0.1	4.162	0.000	0.000
25	  E	  0.2	  0.1	3.979	0.000	0.000
26	  A	  0.1	  0.1	3.813	0.000	0.000
27	  E	  0.2	  0.1	3.708	0.000	0.000
28	  R	  0.3	  0.1	3.502	0.000	0.000
29	  A	  0.4	  0.1	2.749	0.000	0.000
30	  L	  1.0	  0.0	2.235	0.000	0.000
31	  F	  1.6	  0.0	1.342	0.000	0.000
32	  L	  1.4	  0.0	0.114	0.000	0.000
33	  S	  0.7	  0.0	0.000	0.000	0.000
