res	aa	Beta	Turn	Helix	Aggregation	Conc-Stab_Aggregation
01	  G	  0.0	  0.0	0.000	0.000	0.000
02	  G	  0.0	  0.0	0.000	0.000	0.000
03	  K	  0.9	  0.0	0.000	0.000	0.000
04	  V	  4.0	  0.2	0.000	0.000	0.000
05	  L	  4.1	  1.6	0.000	0.000	0.000
06	  N	  3.3	  1.7	2.908	0.000	0.000
07	  G	  0.1	  1.7	3.278	0.000	0.000
08	  L	  0.2	  1.5	3.278	0.000	0.000
09	  T	  1.0	  0.1	5.235	0.000	0.000
10	  R	  1.3	  0.1	5.343	0.000	0.000
11	  R	  1.3	  0.1	5.343	0.000	0.000
12	  R	  0.5	  0.1	4.080	0.000	0.000
13	  E	  0.2	  0.1	3.921	0.000	0.000
14	  A	  0.1	  0.1	3.769	0.000	0.000
15	  E	  0.2	  0.1	3.663	0.000	0.000
16	  R	  0.3	  0.1	3.457	0.000	0.000
17	  A	  0.4	  0.1	2.717	0.000	0.000
18	  L	  1.0	  0.0	2.211	0.000	0.000
19	  F	  1.6	  0.0	1.330	0.000	0.000
20	  L	  1.4	  0.0	0.114	0.000	0.000
21	  S	  0.7	  0.0	0.000	0.000	0.000
