res	aa	Beta	Turn	Helix	Aggregation	Conc-Stab_Aggregation
01	  M	  0.7	  0.2	0.000	0.000	0.000
02	  R	  2.2	  0.2	0.000	0.000	0.000
03	  S	  2.7	  0.2	1.043	0.961	0.961
04	  Y	  2.8	  0.2	1.272	0.961	0.961
05	  L	  2.4	  0.0	1.420	0.961	0.961
06	  I	  4.2	  0.0	1.692	0.961	0.961
07	  L	  4.9	  0.0	1.692	0.961	0.961
08	  R	  3.8	  0.0	1.692	0.000	0.000
09	  L	  1.6	  0.0	1.575	0.000	0.000
10	  A	  0.2	  0.1	1.455	0.000	0.000
11	  G	  0.0	  0.2	1.580	0.000	0.000
12	  P	  0.0	  0.2	0.288	0.000	0.000
13	  M	  0.4	  0.2	0.288	0.000	0.000
14	  Q	  0.7	  0.2	0.288	0.000	0.000
15	  A	  0.8	  0.4	0.288	0.000	0.000
16	  W	  0.5	  0.4	0.288	0.000	0.000
17	  G	  0.2	  0.4	0.133	0.000	0.000
18	  Q	  0.1	  0.4	0.133	0.000	0.000
19	  P	  0.0	  0.2	0.000	0.000	0.000
20	  T	 10.9	  0.2	0.000	0.000	0.000
21	  F	 11.2	  0.5	0.000	0.000	0.000
22	  E	 11.2	  0.5	0.000	0.000	0.000
23	  G	  0.4	  0.5	0.000	0.000	0.000
24	  T	  0.1	  0.5	0.000	0.000	0.000
25	  R	  0.1	  1.0	0.000	0.000	0.000
26	  P	  0.1	  1.0	0.000	0.000	0.000
27	  T	  0.1	  1.3	0.000	0.000	0.000
28	  G	  0.1	  1.3	0.000	0.000	0.000
29	  R	  0.2	  0.5	0.000	0.000	0.000
30	  F	  0.1	  0.6	0.000	0.000	0.000
31	  P	  0.1	  0.3	0.000	0.000	0.000
32	  T	  0.0	  0.3	0.000	0.000	0.000
33	  R	  0.0	  0.3	0.000	0.000	0.000
