res	aa	Beta	Turn	Helix	Aggregation	Conc-Stab_Aggregation
01	  V	  7.0	  0.0	0.000	0.000	0.000
02	  I	  8.2	  0.0	0.000	37.435	37.435
03	  I	  9.0	  0.0	0.000	38.050	38.050
04	  Q	  2.5	  0.0	0.000	38.050	38.050
05	  V	  3.3	  0.0	0.000	40.181	40.181
06	  L	  2.9	  0.1	0.000	40.181	40.181
07	  C	  3.7	  0.1	0.000	22.838	22.838
08	  S	  4.3	  0.1	0.000	17.218	17.218
09	  F	  5.0	  0.1	0.000	16.500	16.500
10	  C	  8.2	  0.0	0.000	5.511	5.511
11	  T	  5.7	  0.0	0.000	2.039	2.039
12	  L	  4.6	  0.3	0.000	0.035	0.035
13	  P	  0.2	  0.3	0.000	0.810	0.810
14	  L	  0.3	  0.3	0.000	58.911	58.911
15	  Y	  1.2	  0.3	0.000	64.971	64.971
16	  A	  1.8	  0.0	0.000	64.971	64.971
17	  I	  5.7	  0.0	0.000	64.971	64.971
18	  V	  8.3	  0.0	0.000	64.913	64.913
19	  T	  7.7	  0.0	0.000	41.389	41.389
20	  Q	  3.6	  0.0	0.000	0.000	0.000
