res	aa	Beta	Turn	Helix	Aggregation	Conc-Stab_Aggregation
01	  M	  1.9	  0.0	0.000	0.000	0.000
02	  Q	  2.4	  0.0	0.000	0.000	0.000
03	  F	  3.2	  0.0	0.000	0.000	0.000
04	  A	  1.5	  0.0	0.000	0.000	0.000
05	  F	  1.8	  0.1	0.000	0.000	0.000
06	  D	  1.0	  0.3	0.000	0.000	0.000
07	  A	  0.8	  0.4	0.000	0.000	0.000
08	  G	  0.0	  0.5	0.000	0.000	0.000
09	  L	  0.0	  1.4	0.000	0.000	0.000
10	  G	  0.0	  1.2	0.000	0.000	0.000
11	  D	  0.0	  3.4	0.000	0.000	0.000
12	  R	  0.1	  3.2	0.000	0.000	0.000
13	  N	  0.2	  2.8	0.000	0.000	0.000
14	  S	  0.2	  3.0	0.000	0.000	0.000
15	  Q	  0.2	  0.8	0.000	0.000	0.000
16	  G	  0.1	  0.9	0.737	0.000	0.000
17	  Y	  0.2	  0.5	0.839	0.000	0.000
18	  G	  0.2	  0.2	12.286	0.000	0.000
19	  M	  0.2	  0.2	13.268	0.000	0.000
20	  L	  0.6	  0.0	14.012	0.000	0.000
21	  E	  0.7	  0.0	14.123	0.000	0.000
22	  M	  2.7	  0.0	14.123	0.000	0.000
23	  V	  4.9	  0.0	14.123	0.000	0.000
24	  L	  5.0	  0.0	14.123	0.000	0.000
25	  N	  3.2	  0.1	13.991	0.000	0.000
26	  Q	  0.7	  0.1	11.226	0.000	0.000
27	  R	  1.1	  0.3	3.078	0.000	0.000
28	  R	  0.9	  0.2	1.119	0.000	0.000
29	  N	  0.7	  0.2	0.221	0.000	0.000
30	  S	  0.1	  0.1	0.000	0.000	0.000
