res	aa	Beta	Turn	Helix	Aggregation	Conc-Stab_Aggregation
01	  F	  0.4	  0.6	0.000	0.000	0.000
02	  A	  0.4	  0.7	0.000	0.000	0.000
03	  G	  0.4	  0.7	0.000	0.000	0.000
04	  Q	  0.9	  0.7	0.000	0.000	0.000
05	  F	  2.4	  0.1	0.000	0.721	0.721
06	  L	  2.7	  0.1	0.000	0.721	0.721
07	  C	  3.0	  0.1	0.000	0.721	0.721
08	  S	 21.8	  0.2	0.000	0.721	0.721
09	  Y	 22.1	  0.3	0.000	0.721	0.721
10	  S	 21.3	  0.3	0.000	0.000	0.000
11	  T	  1.3	  0.3	0.000	0.000	0.000
12	  L	  0.4	  0.4	0.000	0.000	0.000
13	  P	  0.2	  0.2	0.333	0.702	0.702
14	  L	  0.3	  0.2	0.333	57.698	57.698
15	  Y	  1.0	  0.2	0.333	62.491	62.491
16	  A	  1.2	  0.0	0.333	62.907	62.907
17	  L	  1.3	  0.0	0.333	63.398	63.398
18	  V	  4.1	  0.0	0.333	63.449	63.449
19	  T	  4.6	  0.0	0.333	33.696	33.696
20	  Q	  4.9	  0.0	0.333	12.673	12.673
21	  V	  5.4	  0.0	0.000	11.807	11.807
22	  T	  4.7	  0.0	0.000	7.108	7.108
23	  S	  4.0	  0.0	0.000	0.000	0.000
