res	aa	Beta	Turn	Helix	Aggregation	Conc-Stab_Aggregation
01	  H	  0.3	  0.0	0.000	0.000	0.000
02	  S	  1.2	  0.0	0.000	0.000	0.000
03	  F	  3.2	  0.0	0.000	0.000	0.000
04	  V	  4.8	  0.1	0.000	0.000	0.000
05	  K	  4.1	  0.1	0.000	0.000	0.000
06	  Q	  5.0	  0.1	0.000	0.000	0.000
07	  F	  5.0	  0.1	0.000	0.000	0.000
08	  Y	  6.2	  0.2	0.000	0.000	0.000
09	  S	  3.6	  0.2	0.000	0.000	0.000
10	  S	  4.9	  0.2	0.000	0.000	0.000
11	  V	  6.9	  0.2	0.000	0.000	0.000
12	  T	  7.0	  0.0	0.000	0.000	0.000
13	  K	  3.6	  1.6	0.000	0.000	0.000
14	  P	  0.2	  1.6	0.000	0.000	0.000
15	  D	  0.7	  1.6	1.087	0.000	0.000
16	  Y	  2.3	  1.7	1.087	0.000	0.000
17	  T	  3.0	  0.1	1.440	0.000	0.000
18	  T	  4.5	  0.1	1.636	0.000	0.000
19	  L	  4.4	  0.1	1.636	0.000	0.000
20	  R	  3.7	  0.1	1.636	0.000	0.000
21	  L	  1.6	  0.1	1.504	0.000	0.000
22	  G	  0.2	  0.1	1.382	0.000	0.000
23	  F	  1.1	  0.0	0.631	0.000	0.000
24	  I	  1.1	  0.0	0.000	0.000	0.000
25	  M	  1.0	  0.0	0.000	0.000	0.000
