res	aa	Beta	Turn	Helix	Aggregation	Conc-Stab_Aggregation
01	  H	  0.3	  0.0	0.000	0.000	0.000
02	  S	  0.9	  0.0	0.276	0.000	0.000
03	  F	  1.7	  0.0	0.276	0.000	0.000
04	  L	  1.4	  0.1	0.276	0.000	0.000
05	  K	  1.2	  0.1	0.276	0.000	0.000
06	  Q	  0.6	  0.1	0.276	0.000	0.000
07	  F	  0.5	  0.9	0.276	0.000	0.000
08	  P	  0.2	  0.8	0.000	0.000	0.000
09	  S	  5.5	  1.0	0.000	0.000	0.000
10	  I	  6.1	  1.0	0.000	0.000	0.000
11	  S	  8.2	  1.1	0.088	0.000	0.000
12	  K	  2.7	  1.5	0.088	0.000	0.000
13	  S	  2.1	  1.4	0.088	0.165	0.165
14	  D	  0.4	  1.3	2.576	1.482	1.482
15	  Y	  1.0	  0.4	2.804	1.482	1.482
16	  I	 11.0	  0.0	2.804	1.482	1.482
17	  T	 12.7	  0.0	2.983	1.482	1.482
18	  L	 13.3	  0.1	2.983	1.482	1.482
19	  R	  3.8	  0.1	2.983	1.482	1.482
20	  L	  1.5	  0.1	2.597	1.482	1.482
21	  G	  0.2	  0.1	2.411	1.482	1.482
22	  F	  1.1	  0.0	0.789	1.482	1.482
23	  I	  1.1	  0.0	0.000	1.482	1.482
24	  M	  1.0	  0.0	0.000	0.000	0.000
