res	aa	Beta	Turn	Helix	Aggregation	Conc-Stab_Aggregation
01	  M	  0.5	  0.0	0.000	0.096	0.096
02	  L	  1.5	  0.0	0.000	31.052	31.052
03	  H	  2.2	  0.0	0.000	32.978	32.978
04	  L	  3.4	  0.0	0.000	32.978	32.978
05	  V	  5.7	  0.0	0.000	32.978	32.978
06	  V	  7.9	  0.0	0.000	32.978	32.978
07	  Y	  9.3	  0.0	0.000	29.868	29.868
08	  D	  7.2	  0.0	0.000	0.096	0.096
09	  I	  4.7	  0.0	0.000	0.096	0.096
10	  T	  1.7	  0.2	0.000	0.000	0.000
11	  D	  0.4	  1.2	0.397	0.000	0.000
12	  D	  0.0	  3.6	2.054	0.000	0.000
13	  S	  0.0	  3.6	18.826	0.000	0.000
14	  N	  0.0	  3.5	21.402	0.000	0.000
15	  R	  0.2	  2.5	21.402	0.000	0.000
16	  T	  0.5	  0.1	23.009	0.000	0.000
17	  R	  0.5	  0.1	23.103	0.000	0.000
18	  L	  0.4	  0.0	22.965	0.000	0.000
19	  A	  0.3	  0.1	21.520	0.000	0.000
20	  K	  0.4	  0.0	20.828	0.000	0.000
21	  L	  0.4	  0.0	17.351	0.000	0.000
22	  L	  0.3	  0.1	16.299	0.000	0.000
23	  E	  0.3	  0.1	14.920	0.000	0.000
24	  K	  0.4	  0.1	9.933	0.000	0.000
25	  F	  0.4	  0.1	3.678	0.000	0.000
26	  G	  0.3	  0.0	1.307	0.000	0.000
27	  L	  0.1	  0.0	0.093	0.000	0.000
