res	aa	Beta	Turn	Helix	Aggregation	Conc-Stab_Aggregation
01	  I	  2.1	  0.0	0.000	0.000	0.000
02	  L	  2.2	  0.0	0.000	36.223	36.223
03	  I	  3.5	  0.0	0.000	38.124	38.124
04	  Q	  2.4	  0.0	0.000	38.441	38.441
05	  F	  4.2	  0.0	0.000	46.588	46.588
06	  L	  3.2	  0.1	0.000	47.173	47.173
07	  C	  3.3	  0.1	0.000	39.033	39.033
08	  S	  2.2	  0.1	0.000	36.288	36.288
09	  Y	  2.6	  0.1	0.000	35.967	35.967
10	  V	 15.2	  0.0	0.000	34.274	34.274
11	  T	 14.6	  0.0	0.000	13.237	13.237
12	  L	 13.9	  0.3	0.000	0.625	0.625
13	  P	  0.2	  0.3	0.000	0.802	0.802
14	  L	  0.3	  0.3	0.000	43.179	43.179
15	  Y	  0.9	  0.3	0.000	47.650	47.650
16	  A	  1.2	  0.0	0.000	47.650	47.650
17	  L	  1.3	  0.0	0.000	47.650	47.650
18	  V	  4.3	  0.0	0.000	47.650	47.650
19	  T	  4.1	  0.0	0.000	30.390	30.390
20	  Q	  3.7	  0.0	0.000	0.000	0.000
