res	aa	Beta	Turn	Helix	Aggregation	Conc-Stab_Aggregation
01	  M	  0.3	  0.0	0.000	0.000	0.000
02	  L	  0.4	  0.2	0.000	0.000	0.000
03	  K	  1.4	  0.2	0.000	0.000	0.000
04	  T	  2.0	  0.2	0.000	0.000	0.000
05	  Y	  1.9	  0.6	0.000	0.000	0.000
06	  P	  0.9	  0.5	0.000	0.000	0.000
07	  K	  0.5	  0.5	0.000	0.000	0.000
08	  L	  0.6	  0.5	0.000	0.000	0.000
09	  C	  1.0	  0.5	0.000	0.000	0.000
10	  R	  0.5	  0.5	0.000	0.000	0.000
11	  D	  0.4	  4.9	0.000	0.000	0.000
12	  R	  0.0	  4.9	0.000	0.000	0.000
13	  D	  0.8	  4.5	0.000	0.000	0.000
14	  C	  1.0	  4.5	0.000	0.000	0.000
15	  T	  1.0	  0.1	0.000	0.000	0.000
16	  P	  0.3	  0.1	0.000	0.000	0.000
17	  L	  0.2	  0.3	0.000	0.000	0.000
18	  Q	  1.1	  0.3	0.000	0.000	0.000
19	  S	  9.9	  0.5	0.000	0.000	0.000
20	  Y	 11.1	  0.5	0.000	0.000	0.000
21	  N	 10.5	  0.4	0.405	0.000	0.000
22	  Q	  2.4	  0.4	0.405	0.000	0.000
23	  R	  1.5	  0.1	0.405	0.000	0.000
24	  F	  1.9	  0.0	0.405	0.000	0.000
25	  L	  1.7	  0.0	0.405	0.000	0.000
26	  Y	  2.4	  0.0	0.405	0.000	0.000
27	  H	  2.3	  0.0	0.236	0.000	0.000
28	  H	  2.3	  0.0	0.131	0.000	0.000
29	  R	  1.1	  0.0	0.000	0.000	0.000
30	  R	  0.5	  0.0	0.000	0.000	0.000
