res	aa	Beta	Turn	Helix	Aggregation	Conc-Stab_Aggregation
01	  M	  0.0	  1.8	0.000	0.000	0.000
02	  P	  0.0	  2.0	0.000	0.000	0.000
03	  G	  0.1	  2.1	0.000	0.000	0.000
04	  S	  7.3	  2.1	0.639	0.000	0.000
05	  C	  7.7	  0.7	0.639	0.000	0.000
06	  R	  7.7	  0.5	0.639	0.000	0.000
07	  D	  0.5	  0.6	0.639	0.000	0.000
08	  R	  0.1	  0.6	0.639	0.000	0.000
09	  R	  0.9	  0.2	0.639	0.000	0.000
10	  C	  0.9	  0.2	0.228	0.000	0.000
11	  K	  0.9	  0.0	0.000	0.000	0.000
12	  P	  0.1	  0.0	0.000	0.000	0.000
