res	aa	Beta	Turn	Helix	Aggregation	Conc-Stab_Aggregation
01	  M	  1.0	  0.0	0.000	0.000	0.000
02	  M	  3.1	  0.0	0.000	73.013	73.013
03	  V	  8.3	  0.0	0.000	91.907	91.907
04	  L	  7.6	  0.0	0.000	91.907	91.907
05	  V	 13.2	  0.0	0.000	91.907	91.907
06	  T	 14.4	  0.0	0.000	91.907	91.907
07	  Y	 16.9	  0.0	0.000	76.791	76.791
08	  D	  9.8	  0.0	0.156	0.000	0.000
09	  V	  4.3	  0.0	0.156	0.000	0.000
10	  A	  1.2	  0.0	0.156	0.000	0.000
11	  T	  1.1	  0.3	0.156	0.000	0.000
12	  S	  0.2	  0.4	0.298	0.000	0.000
13	  D	  0.1	  0.4	0.410	0.000	0.000
14	  R	  0.4	  0.5	0.254	0.000	0.000
15	  V	  0.5	  0.3	0.254	0.000	0.000
16	  G	  0.5	  0.3	1.401	0.000	0.000
17	  Q	  0.4	  0.3	1.401	0.000	0.000
18	  R	  0.6	  0.2	1.259	0.000	0.000
19	  R	  1.0	  0.1	1.147	0.000	0.000
20	  L	  1.0	  0.1	1.147	0.000	0.000
21	  Q	  1.2	  0.1	1.147	0.000	0.000
22	  K	  2.7	  0.0	0.714	0.000	0.000
23	  V	  3.1	  0.0	0.247	0.000	0.000
24	  A	  2.7	  0.1	0.247	0.000	0.000
25	  K	  1.4	  0.1	0.141	0.000	0.000
26	  T	  6.5	  0.1	0.000	0.000	0.000
27	  C	  7.0	  0.5	0.000	0.000	0.000
28	  Q	  7.0	  0.4	0.000	0.000	0.000
29	  N	  1.4	  0.9	0.000	0.000	0.000
30	  F	  0.8	  1.1	0.000	0.000	0.000
31	  G	  0.2	  0.7	0.000	0.000	0.000
32	  Q	  0.6	  0.7	0.000	0.000	0.000
33	  R	  0.5	  0.2	0.000	0.000	0.000
34	  V	  0.5	  0.0	0.000	0.000	0.000
