res	aa	Beta	Turn	Helix	Aggregation	Conc-Stab_Aggregation
01	  M	  2.2	  0.0	0.000	0.000	0.000
02	  H	  2.6	  0.0	0.000	0.000	0.000
03	  C	  2.6	  0.5	0.000	0.000	0.000
04	  G	  0.4	  0.5	0.000	0.000	0.000
05	  G	  0.1	  0.5	0.000	0.000	0.000
06	  N	  0.0	  0.8	0.177	0.000	0.000
07	  P	  0.0	  0.3	0.177	0.000	0.000
08	  Q	  2.0	  0.3	0.177	0.000	0.000
09	  F	  3.4	  0.3	0.177	0.000	0.000
10	  K	  4.0	  0.0	0.177	0.000	0.000
11	  F	  3.2	  0.0	0.177	0.000	0.000
12	  H	  2.4	  0.0	0.000	0.000	0.000
13	  K	  2.2	  0.0	0.000	0.000	0.000
14	  F	  2.0	  0.0	0.000	0.000	0.000
15	  I	  4.0	  0.0	0.000	0.000	0.000
16	  M	  4.1	  0.0	0.000	0.000	0.000
17	  R	  3.3	  0.0	0.000	0.000	0.000
18	  A	  1.0	  0.0	0.000	0.000	0.000
19	  Y	  1.2	  0.4	0.000	0.000	0.000
20	  E	  0.9	  0.5	0.000	0.000	0.000
21	  D	  0.8	  0.5	2.056	0.000	0.000
22	  D	  0.5	  0.5	2.689	0.000	0.000
23	  F	  0.8	  0.2	2.689	0.000	0.000
24	  K	  1.0	  0.1	2.689	0.000	0.000
25	  K	  2.4	  0.1	2.689	0.000	0.000
26	  V	  3.1	  0.1	2.689	0.000	0.000
27	  V	  3.2	  0.0	2.558	0.000	0.000
28	  G	  1.3	  0.0	2.558	0.000	0.000
29	  I	  0.3	  0.0	0.000	0.000	0.000
