res	aa	Beta	Turn	Helix	Aggregation	Conc-Stab_Aggregation
01	  M	  0.2	  0.1	0.000	0.000	0.000
02	  S	  0.4	  0.1	0.000	0.000	0.000
03	  Q	  1.2	  0.1	0.000	0.000	0.000
04	  L	  2.0	  0.1	0.000	0.000	0.000
05	  R	  1.9	  0.0	0.000	0.000	0.000
06	  W	  2.3	  0.0	0.000	0.000	0.000
07	  C	  1.6	  0.1	0.000	0.000	0.000
08	  Q	  1.6	  0.1	0.000	0.000	0.000
09	  E	  0.6	  0.1	0.000	0.000	0.000
10	  S	  4.3	  0.1	0.101	0.000	0.000
11	  W	  5.2	  0.1	0.101	0.000	0.000
12	  R	  6.5	  0.1	0.101	0.000	0.000
13	  S	  8.5	  0.1	0.101	0.000	0.000
14	  Y	 11.1	  0.1	0.101	0.000	0.000
15	  R	 10.5	  0.0	0.101	0.000	0.000
16	  V	  5.1	  0.2	0.000	0.000	0.000
17	  A	  1.4	  0.3	0.000	0.000	0.000
18	  D	  0.5	  0.5	0.000	0.000	0.000
19	  N	  1.0	  0.5	0.000	0.000	0.000
20	  S	  7.4	  0.3	0.000	0.000	0.000
21	  F	  7.8	  0.2	0.000	0.000	0.000
22	  Q	  6.9	  0.1	0.000	0.000	0.000
23	  P	  0.4	  0.5	0.000	0.000	0.000
24	  L	  0.1	  0.5	0.000	0.000	0.000
25	  N	  0.1	  0.6	0.000	0.000	0.000
26	  G	  0.1	  0.7	0.228	0.000	0.000
27	  P	  0.0	  0.4	0.228	0.000	0.000
28	  R	  0.2	  0.4	0.228	0.000	0.000
29	  Q	  0.6	  0.3	0.228	0.000	0.000
30	  A	  0.9	  0.1	0.228	0.000	0.000
31	  Y	  3.6	  0.0	0.228	0.000	0.000
32	  V	  3.5	  0.0	0.000	0.000	0.000
33	  S	  3.3	  0.0	0.000	0.000	0.000
34	  P	  0.3	  0.0	0.000	0.000	0.000
35	  Y	  0.0	  0.0	0.000	0.000	0.000
