res	aa	Beta	Turn	Helix	Aggregation	Conc-Stab_Aggregation
01	  M	  0.7	  0.0	0.000	0.000	0.000
02	  F	  2.7	  0.0	0.000	0.000	0.000
03	  F	  4.6	  0.0	0.000	0.000	0.000
04	  S	  4.4	  0.2	0.000	0.000	0.000
05	  K	  3.0	  0.2	0.000	0.000	0.000
06	  T	 11.8	  0.2	0.000	0.000	0.000
07	  F	 12.3	  0.1	0.000	0.000	0.000
08	  R	 12.0	  0.1	0.000	0.000	0.000
09	  K	  1.8	  0.1	0.000	0.000	0.000
10	  T	 10.2	  0.1	0.000	0.000	0.000
11	  Y	 15.8	  0.1	0.000	0.000	0.000
12	  E	 15.4	  0.0	0.000	0.000	0.000
13	  F	  6.3	  0.2	0.000	0.000	0.000
14	  P	  0.1	  0.2	0.000	0.000	0.000
15	  H	  0.4	  0.3	0.000	0.000	0.000
16	  R	  0.6	  0.3	0.000	0.000	0.000
17	  S	  0.9	  0.2	0.000	0.000	0.000
18	  T	 28.6	  0.2	0.000	0.000	0.000
19	  V	 28.8	  0.0	0.000	0.000	0.000
20	  K	 28.5	  0.8	0.000	0.000	0.000
21	  P	  0.5	  1.2	0.000	0.000	0.000
22	  S	  0.0	  1.3	0.000	0.000	0.000
23	  G	  0.0	  1.4	0.000	0.000	0.000
24	  K	  0.3	  0.6	0.000	0.000	0.000
25	  R	  0.5	  0.4	0.000	0.000	0.000
26	  R	  0.7	  0.3	0.000	0.000	0.000
27	  S	  0.6	  0.3	0.000	0.000	0.000
28	  S	  1.2	  0.3	0.000	0.000	0.000
29	  H	 13.4	  0.2	0.000	0.000	0.000
30	  I	 13.8	  0.1	0.000	0.000	0.000
31	  V	 12.9	  0.0	0.000	0.000	0.000
32	  P	  0.6	  0.0	0.000	0.000	0.000
33	  Q	  0.0	  0.0	0.000	0.000	0.000
