res	aa	Beta	Turn	Helix	Aggregation	Conc-Stab_Aggregation
01	  M	  1.8	  0.0	0.000	0.000	0.000
02	  Q	  3.7	  0.0	0.000	0.000	0.000
03	  Y	  6.9	  0.0	0.000	0.000	0.000
04	  C	  8.5	  0.0	0.000	0.000	0.000
05	  F	  8.0	  0.1	0.000	0.000	0.000
06	  S	  5.0	  0.1	0.237	0.000	0.000
07	  R	  2.5	  0.1	0.237	0.000	0.000
08	  Y	  2.7	  0.1	0.237	0.000	0.000
09	  R	  4.0	  0.1	0.237	0.000	0.000
10	  S	 15.2	  0.1	0.237	0.000	0.000
11	  Y	 14.0	  0.1	0.237	0.000	0.000
12	  R	 12.6	  0.2	0.104	0.000	0.000
13	  P	  0.3	  0.6	0.000	0.000	0.000
14	  E	  0.0	  0.7	0.000	0.000	0.000
15	  D	  0.0	  0.9	0.000	0.000	0.000
16	  N	  1.0	  0.7	0.000	0.000	0.000
17	  S	  7.4	  0.3	0.000	0.000	0.000
18	  Y	  7.8	  0.2	0.000	0.000	0.000
19	  Q	  6.8	  0.1	0.000	0.000	0.000
20	  P	  0.4	  0.2	0.000	0.000	0.000
21	  Y	  1.3	  0.4	0.000	0.000	0.000
22	  S	  1.3	  0.4	0.000	0.000	0.000
23	  G	  1.3	  0.3	0.000	0.000	0.000
24	  G	  0.0	  0.5	0.000	0.000	0.000
25	  P	  0.0	  0.4	0.000	0.000	0.000
26	  R	  0.4	  0.4	0.000	0.000	0.000
27	  R	  0.5	  0.4	0.000	0.000	0.000
28	  Q	  1.6	  0.1	0.000	0.000	0.000
29	  C	  1.2	  0.1	0.000	0.000	0.000
30	  E	  1.1	  0.0	0.000	0.000	0.000
