res	aa	Beta	Turn	Helix	Aggregation	Conc-Stab_Aggregation
01	  V	  4.2	  0.0	0.000	0.000	0.000
02	  S	  5.2	  0.0	0.000	0.000	0.000
03	  F	  6.4	  0.0	0.000	0.000	0.000
04	  F	  2.9	  0.1	0.000	0.000	0.000
05	  K	  2.0	  0.1	0.000	0.000	0.000
06	  Q	  3.5	  0.1	0.000	0.000	0.000
07	  F	  4.2	  0.1	0.000	0.000	0.000
08	  Y	  4.8	  0.2	0.000	0.000	0.000
09	  D	  2.3	  0.2	0.098	0.000	0.000
10	  S	 10.8	  0.3	0.098	0.000	0.000
11	  V	 10.8	  0.3	0.098	0.000	0.000
12	  S	 12.0	  0.9	0.192	0.000	0.000
13	  R	  2.3	  1.4	0.192	0.000	0.000
14	  S	  1.5	  1.2	0.192	0.000	0.000
15	  D	  1.0	  1.2	0.742	0.000	0.000
16	  Y	  1.9	  0.5	0.742	0.000	0.000
17	  F	  6.5	  0.0	0.742	0.000	0.000
18	  T	  7.8	  0.0	0.794	0.000	0.000
19	  L	  6.9	  0.1	0.794	0.000	0.000
20	  R	  2.6	  0.3	0.794	0.000	0.000
21	  R	  0.4	  0.3	0.575	0.000	0.000
22	  G	  0.2	  0.3	0.362	0.000	0.000
23	  F	  1.9	  0.2	0.250	0.000	0.000
24	  V	  1.8	  0.0	0.000	0.000	0.000
25	  M	  1.8	  0.0	0.000	0.000	0.000
