res	aa	Beta	Turn	Helix	Aggregation	Conc-Stab_Aggregation
01	  R	  0.1	  0.0	0.000	0.000	0.000
02	  W	  2.0	  0.0	0.531	0.000	0.000
03	  C	  4.4	  0.1	0.798	0.000	0.000
04	  Y	  4.6	  0.2	0.798	0.000	0.000
05	  D	  2.8	  0.2	1.579	0.000	0.000
06	  R	  1.3	  0.2	1.579	0.000	0.000
07	  Y	  2.7	  0.1	1.579	0.000	0.000
08	  R	  4.2	  0.1	1.579	0.000	0.000
09	  S	  9.4	  0.1	1.464	0.000	0.000
10	  Y	  9.4	  0.1	1.146	0.000	0.000
11	  R	  8.1	  0.0	0.564	0.000	0.000
12	  A	  2.0	  0.1	0.243	0.000	0.000
13	  W	  0.4	  0.1	0.128	0.000	0.000
14	  D	  0.2	  0.2	0.000	0.000	0.000
15	  N	  2.5	  0.2	0.000	0.000	0.000
16	  T	 36.3	  0.1	0.000	0.000	0.000
17	  F	 36.6	  0.0	0.000	0.000	0.000
18	  Q	 34.5	  0.3	0.000	0.000	0.000
19	  P	  0.4	  0.3	0.000	0.000	0.000
20	  Y	  0.1	  0.3	0.000	0.000	0.000
21	  G	  0.1	  0.3	0.000	0.000	0.000
22	  G	  0.1	  0.3	0.000	0.000	0.000
23	  P	  0.0	  0.3	0.000	0.000	0.000
24	  R	  0.4	  0.4	0.000	0.000	0.000
25	  Q	  0.6	  0.3	0.000	0.000	0.000
26	  Q	  1.9	  0.1	0.000	0.000	0.000
27	  C	  6.2	  0.1	0.000	0.000	0.000
28	  W	  6.2	  0.0	0.000	0.000	0.000
29	  S	  4.9	  0.1	0.000	0.000	0.000
30	  P	  0.2	  0.1	0.000	0.000	0.000
31	  F	  0.0	  0.1	0.000	0.000	0.000
32	  S	  0.0	  0.1	0.000	0.000	0.000
