res	aa	Beta	Turn	Helix	Aggregation	Conc-Stab_Aggregation
01	  M	  0.0	  0.0	0.000	0.000	0.000
02	  Q	  0.2	  0.1	0.000	0.000	0.000
03	  E	  0.3	  0.1	0.000	0.000	0.000
04	  K	  0.6	  0.2	0.000	0.000	0.000
05	  R	  0.8	  0.1	0.000	0.000	0.000
06	  Q	  1.0	  0.1	0.000	0.000	0.000
07	  Q	  1.3	  0.1	0.000	0.000	0.000
08	  L	  1.1	  0.1	0.000	0.000	0.000
09	  V	  9.4	  0.0	0.000	0.000	0.000
10	  R	 10.7	  0.0	0.000	0.000	0.000
11	  V	 14.4	  0.0	0.000	0.000	0.000
12	  V	  6.3	  0.1	0.000	0.000	0.000
13	  S	  4.1	  0.1	1.903	0.000	0.000
14	  D	  0.3	  0.2	2.371	0.000	0.000
15	  T	  0.2	  0.2	3.965	0.000	0.000
16	  E	  0.3	  0.1	4.345	0.000	0.000
17	  L	  1.8	  0.1	4.345	0.000	0.000
18	  E	  2.1	  0.0	4.345	0.000	0.000
19	  V	  4.6	  0.0	4.203	0.944	0.944
20	  L	  3.2	  0.0	4.203	0.944	0.944
21	  I	  2.8	  3.4	3.940	0.944	0.944
22	  G	  0.2	  3.6	3.940	0.944	0.944
23	  G	  0.1	  3.6	2.089	0.944	0.944
24	  K	  0.0	  3.7	0.502	0.000	0.000
25	  G	  0.0	  1.3	0.000	0.000	0.000
26	  P	  0.0	  1.1	0.000	0.000	0.000
27	  G	  0.0	  1.1	0.000	0.000	0.000
28	  L	  0.6	  1.0	0.000	0.000	0.000
29	  V	  2.1	  0.1	0.000	0.000	0.000
30	  K	  2.4	  0.1	0.000	0.000	0.000
31	  T	  1.8	  0.1	0.000	0.000	0.000
32	  F	  0.3	  0.1	0.000	0.000	0.000
