res	aa	Beta	Turn	Helix	Aggregation	Conc-Stab_Aggregation
01	  M	  0.1	  0.2	0.000	0.000	0.000
02	  S	  0.1	  0.2	0.000	0.000	0.000
03	  D	  1.0	  0.9	0.000	0.000	0.000
04	  I	  1.9	  0.9	0.000	0.000	0.000
05	  N	  2.0	  0.9	0.000	0.000	0.000
06	  A	  1.2	  0.9	0.000	0.000	0.000
07	  T	  1.1	  0.2	0.000	0.000	0.000
08	  R	  1.1	  0.2	0.000	0.000	0.000
09	  L	  0.9	  0.0	0.000	0.000	0.000
10	  P	  0.1	  0.0	0.000	0.000	0.000
11	  I	  0.7	  0.0	0.000	0.729	0.729
12	  W	  0.9	  0.1	0.000	0.729	0.729
13	  G	  0.9	  0.4	0.000	0.729	0.729
14	  I	  0.4	  1.5	0.000	0.729	0.729
15	  G	  0.3	  1.5	0.000	0.729	0.729
16	  C	  0.3	  1.4	0.000	0.444	0.444
17	  N	  0.2	  2.6	0.000	0.000	0.000
18	  P	  0.1	  1.5	0.000	0.000	0.000
19	  S	  0.3	  1.7	0.000	0.000	0.000
20	  V	  0.4	  2.7	0.000	0.000	0.000
21	  G	  0.4	  1.2	0.000	0.000	0.000
22	  D	  0.0	  1.3	6.115	0.000	0.000
23	  E	  0.2	  1.1	6.115	0.000	0.000
24	  A	  0.3	  0.1	6.115	1.317	1.317
25	  T	  0.7	  0.1	6.307	2.697	2.697
26	  A	  0.8	  0.0	6.307	2.697	2.697
27	  L	  0.9	  0.0	6.307	2.697	2.697
28	  L	  0.6	  0.0	4.663	2.697	2.697
29	  T	  0.4	  0.2	3.634	1.875	1.875
30	  R	  0.3	  0.3	3.474	0.000	0.000
31	  G	  0.1	  0.3	1.384	0.000	0.000
32	  E	  0.1	  0.3	0.428	0.000	0.000
33	  A	  0.2	  0.1	0.167	0.000	0.000
34	  L	  0.2	  0.0	0.167	0.000	0.000
35	  C	  0.1	  0.0	0.167	0.000	0.000
