res	aa	Beta	Turn	Helix	Aggregation	Conc-Stab_Aggregation
01	  M	  0.1	  0.2	0.000	0.000	0.000
02	  S	  0.1	  0.2	0.000	0.000	0.000
03	  D	  1.0	  0.9	0.000	0.000	0.000
04	  I	  1.9	  0.9	0.000	0.000	0.000
05	  N	  2.0	  0.9	0.000	0.000	0.000
06	  A	  1.2	  0.9	0.000	0.000	0.000
07	  T	  1.1	  0.2	0.000	0.000	0.000
08	  R	  1.1	  0.2	0.000	0.000	0.000
09	  L	  0.9	  0.0	0.273	0.000	0.000
10	  P	  0.1	  0.0	1.060	0.480	0.480
11	  I	  0.8	  0.0	1.276	92.562	92.562
12	  F	  1.8	  0.0	1.418	99.782	99.782
13	  W	  2.3	  0.0	1.418	99.853	99.853
14	  F	  2.2	  0.0	1.418	99.856	99.856
15	  I	  2.8	  0.0	1.418	99.852	99.852
16	  Y	  2.4	  0.0	1.418	90.979	90.979
17	  F	  1.8	  0.3	1.418	11.618	11.618
18	  P	  0.2	  0.3	0.000	5.231	5.231
19	  C	  0.4	  0.5	0.000	0.000	0.000
20	  V	  0.4	  2.2	0.000	0.000	0.000
21	  G	  0.4	  2.2	0.000	0.000	0.000
22	  D	  0.1	  2.2	0.000	0.000	0.000
23	  D	  0.7	  2.8	0.135	0.000	0.000
24	  V	  1.1	  1.1	0.135	0.000	0.000
25	  D	  1.1	  1.0	0.328	0.000	0.000
26	  N	  0.5	  1.0	0.791	0.000	0.000
27	  T	  0.5	  0.1	0.942	0.000	0.000
28	  L	  0.5	  0.2	0.942	0.000	0.000
29	  A	  0.5	  0.4	0.942	0.000	0.000
30	  R	  0.1	  0.4	0.942	0.000	0.000
31	  G	  0.1	  0.6	0.614	0.000	0.000
32	  E	  0.1	  0.4	0.280	0.000	0.000
33	  S	  4.2	  0.3	0.000	0.000	0.000
34	  L	  4.2	  0.2	0.000	0.000	0.000
35	  S	  4.1	  0.0	0.000	0.000	0.000
