res	aa	Beta	Turn	Helix	Aggregation	Conc-Stab_Aggregation
01	  W	  1.8	  0.0	0.000	0.000	0.000
02	  T	  2.8	  0.0	0.000	0.000	0.000
03	  R	  4.0	  0.0	0.000	0.000	0.000
04	  C	  3.8	  0.2	0.000	0.000	0.000
05	  V	  3.6	  0.1	0.000	0.000	0.000
06	  N	  2.5	  0.1	0.000	0.000	0.000
07	  D	  0.9	  0.6	0.363	0.000	0.000
08	  P	  0.0	  0.5	0.363	0.000	0.000
09	  F	  2.7	  0.5	0.363	0.000	0.000
10	  C	  3.4	  0.8	0.363	0.000	0.000
11	  A	  3.6	  0.4	0.363	0.000	0.000
12	  S	  1.3	  0.4	0.363	0.000	0.000
13	  K	  2.3	  0.4	0.190	0.000	0.000
14	  V	  6.0	  0.0	0.000	0.000	0.000
15	  V	  5.8	  0.3	0.000	0.000	0.000
16	  Q	  4.0	  0.3	0.000	0.000	0.000
17	  G	  0.2	  0.3	0.121	0.000	0.000
18	  Y	  1.2	  0.4	0.121	0.000	0.000
19	  M	  1.3	  0.2	0.121	0.000	0.000
20	  N	  1.4	  0.2	0.121	0.000	0.000
21	  R	  0.5	  0.2	0.121	0.000	0.000
22	  Y	  1.0	  0.0	0.121	0.000	0.000
23	  A	  0.9	  0.0	0.000	0.000	0.000
24	  Q	  0.5	  0.0	0.000	0.000	0.000
