res	aa	Beta	Turn	Helix	Aggregation	Conc-Stab_Aggregation
01	  M	  0.1	  0.2	0.000	0.000	0.000
02	  S	  0.1	  0.2	0.000	0.000	0.000
03	  D	  1.0	  0.9	0.000	0.000	0.000
04	  I	  1.9	  0.9	0.000	0.000	0.000
05	  N	  2.0	  0.9	0.000	0.000	0.000
06	  A	  1.2	  0.9	0.000	0.000	0.000
07	  T	  1.1	  0.2	0.000	0.000	0.000
08	  R	  1.1	  0.2	0.000	0.000	0.000
09	  L	  1.0	  0.0	0.000	0.000	0.000
10	  P	  0.1	  0.0	0.000	0.000	0.000
11	  L	  0.0	  0.4	0.000	0.000	0.000
12	  P	  0.0	  0.4	0.000	0.000	0.000
13	  S	  0.0	  0.4	0.000	0.000	0.000
14	  R	  0.1	  0.4	0.000	0.000	0.000
15	  P	  0.1	  0.0	0.000	0.000	0.000
16	  V	  0.4	  0.0	0.000	0.000	0.000
17	  F	  0.4	  0.2	0.000	0.000	0.000
18	  P	  0.4	  0.2	0.000	0.000	0.000
19	  F	  1.6	  0.2	0.000	0.000	0.000
20	  V	  1.8	  0.4	0.000	0.000	0.000
21	  S	  1.8	  0.2	0.000	0.000	0.000
22	  D	  0.3	  0.2	0.498	0.000	0.000
23	  A	  0.2	  0.2	0.498	0.000	0.000
24	  I	  7.7	  0.0	0.498	0.000	0.000
25	  E	  8.2	  0.0	0.498	0.000	0.000
26	  V	 15.2	  0.0	0.498	0.000	0.000
27	  V	  8.2	  0.0	0.498	0.000	0.000
28	  L	  7.7	  0.3	0.498	0.000	0.000
29	  G	  0.5	  0.5	0.498	0.000	0.000
30	  R	  0.0	  0.6	0.266	0.000	0.000
31	  G	  0.0	  1.0	0.000	0.000	0.000
32	  E	  0.0	  0.8	0.000	0.000	0.000
33	  D	  0.2	  0.5	0.000	0.000	0.000
34	  L	  0.2	  0.5	0.000	0.000	0.000
35	  C	  0.2	  0.0	0.000	0.000	0.000
