res	aa	Beta	Turn	Helix	Aggregation	Conc-Stab_Aggregation
01	  M	  0.2	  0.0	0.000	0.000	0.000
02	  D	  0.2	  4.0	0.000	0.000	0.000
03	  A	  0.3	  4.0	0.000	0.000	0.000
04	  N	  0.2	  4.2	0.000	0.000	0.000
05	  S	  0.8	  4.2	0.000	0.000	0.000
06	  T	  1.6	  0.2	0.000	0.000	0.000
07	  R	  1.5	  0.2	0.000	0.000	0.000
08	  L	  0.9	  0.0	0.000	0.000	0.000
09	  P	  0.1	  0.0	0.000	0.000	0.000
10	  I	  0.7	  0.0	0.000	0.763	0.763
11	  W	  0.9	  0.1	0.000	0.763	0.763
12	  G	  0.9	  0.4	0.000	0.763	0.763
13	  I	  0.4	  1.5	0.000	0.763	0.763
14	  G	  0.3	  1.5	0.000	0.763	0.763
15	  C	  0.3	  1.4	0.000	0.465	0.465
16	  N	  0.2	  1.4	0.000	0.000	0.000
17	  P	  0.1	  0.3	0.000	0.000	0.000
18	  W	  0.1	  0.3	0.000	0.000	0.000
19	  A	  0.1	  0.5	0.000	0.000	0.000
20	  P	  0.1	  0.3	0.000	0.000	0.000
21	  E	  0.0	  0.3	0.000	0.000	0.000
22	  S	  5.1	  0.7	0.000	0.000	0.000
23	  V	  5.5	  0.6	0.000	0.000	0.000
24	  N	  5.5	  0.5	0.000	0.000	0.000
25	  D	  0.5	  0.5	0.363	0.000	0.000
26	  T	  2.7	  0.1	0.470	0.000	0.000
27	  L	  2.8	  0.1	0.470	0.000	0.000
28	  T	  2.9	  0.4	0.470	0.000	0.000
29	  R	  0.3	  0.4	0.470	0.000	0.000
30	  G	  0.1	  0.8	0.470	0.000	0.000
31	  K	  0.1	  0.8	0.107	0.000	0.000
32	  D	  0.2	  0.5	0.000	0.000	0.000
33	  L	  0.2	  0.4	0.000	0.000	0.000
34	  C	  0.2	  0.0	0.000	0.000	0.000
