res	aa	Beta	Turn	Helix	Aggregation	Conc-Stab_Aggregation
01	  M	  0.1	  0.2	0.000	0.000	0.000
02	  S	  0.1	  0.2	0.000	0.000	0.000
03	  D	  1.0	  0.9	0.000	0.000	0.000
04	  I	  1.9	  0.9	0.000	0.000	0.000
05	  N	  1.9	  0.9	1.582	0.000	0.000
06	  A	  1.2	  0.9	1.582	0.000	0.000
07	  T	  0.6	  0.3	2.096	0.000	0.000
08	  R	  0.7	  0.3	2.096	0.000	0.000
09	  L	  0.9	  0.0	2.096	13.223	13.223
10	  A	  0.7	  0.0	2.096	15.433	15.433
11	  I	  1.2	  0.0	1.918	15.693	15.693
12	  W	  1.1	  0.1	1.918	15.693	15.693
13	  G	  0.9	  0.4	1.386	15.693	15.693
14	  I	  0.4	  1.1	0.116	15.215	15.215
15	  G	  0.3	  1.1	0.116	8.406	8.406
16	  C	  0.3	  1.0	0.000	5.116	5.116
17	  D	  0.2	  0.9	0.000	0.000	0.000
18	  P	  0.1	  0.1	0.000	0.000	0.000
19	  C	  0.3	  0.4	0.000	0.000	0.000
20	  V	  0.4	  2.0	0.000	0.000	0.000
21	  G	  0.4	  2.1	0.000	0.000	0.000
22	  D	  0.1	  2.1	3.558	0.000	0.000
23	  D	  1.1	  1.8	4.883	0.000	0.000
24	  V	  3.9	  0.2	4.883	16.051	16.051
25	  T	  4.2	  0.0	5.069	17.231	17.231
26	  A	  3.5	  0.0	5.069	17.231	17.231
27	  L	  0.9	  0.0	5.069	17.231	17.231
28	  L	  0.6	  0.0	4.512	17.231	17.231
29	  T	  0.4	  0.2	4.114	7.218	7.218
30	  R	  0.3	  0.3	3.990	0.000	0.000
31	  G	  0.1	  0.3	1.766	0.000	0.000
32	  E	  0.1	  0.3	0.513	0.000	0.000
33	  A	  0.2	  0.1	0.169	0.000	0.000
34	  L	  0.2	  0.0	0.169	0.000	0.000
35	  C	  0.1	  0.0	0.169	0.000	0.000
