res	aa	Beta	Turn	Helix	Aggregation	Conc-Stab_Aggregation
01	  M	  0.1	  0.2	0.000	0.000	0.000
02	  S	  0.1	  0.2	0.000	0.000	0.000
03	  D	  1.0	  0.9	0.000	0.000	0.000
04	  I	  1.9	  0.9	0.000	0.000	0.000
05	  N	  2.0	  0.9	0.000	0.000	0.000
06	  A	  1.2	  0.9	0.000	0.000	0.000
07	  T	  1.1	  0.2	0.000	0.000	0.000
08	  R	  1.1	  0.2	0.000	0.000	0.000
09	  L	  0.9	  0.0	0.000	0.000	0.000
10	  P	  0.1	  0.0	0.000	0.536	0.536
11	  F	  0.7	  0.0	0.000	97.343	97.343
12	  L	  1.2	  0.0	0.000	97.853	97.853
13	  L	  1.9	  0.0	0.000	97.853	97.853
14	  F	  3.5	  0.0	0.000	97.853	97.853
15	  I	  3.0	  0.0	0.000	97.812	97.812
16	  I	  2.4	  0.0	0.000	7.157	7.157
17	  P	  0.0	  0.1	0.000	0.039	0.039
18	  P	  0.0	  0.1	0.000	0.000	0.000
19	  C	  1.6	  0.1	0.000	0.000	0.000
20	  V	  1.8	  0.3	0.000	0.000	0.000
21	  S	  1.8	  1.3	0.000	0.000	0.000
22	  D	  0.2	  1.3	0.000	0.000	0.000
23	  D	  0.8	  1.8	0.000	0.000	0.000
24	  V	  2.3	  1.7	0.000	0.000	0.000
25	  N	  2.4	  0.7	0.000	0.000	0.000
26	  S	  1.8	  0.7	0.255	0.000	0.000
27	  T	  3.0	  0.1	0.255	0.000	0.000
28	  L	  3.1	  0.1	0.255	0.000	0.000
29	  T	  3.0	  0.3	0.255	0.000	0.000
30	  R	  0.3	  0.3	0.255	0.000	0.000
31	  G	  0.1	  0.5	0.255	0.000	0.000
32	  E	  0.1	  0.5	0.000	0.000	0.000
33	  S	  0.8	  0.3	0.000	0.000	0.000
34	  L	  0.8	  0.2	0.000	0.000	0.000
35	  C	  0.8	  0.0	0.000	0.000	0.000
