res	aa	Beta	Turn	Helix	Aggregation	Conc-Stab_Aggregation
01	  M	  0.7	  0.0	0.000	0.245	0.245
02	  Y	  2.5	  0.0	0.000	92.282	92.282
03	  V	  8.8	  0.0	0.000	99.915	99.915
04	  I	 14.8	  0.0	0.000	99.915	99.915
05	  I	 17.0	  0.0	0.000	99.915	99.915
06	  V	 13.6	  0.0	0.000	99.915	99.915
07	  Y	  9.3	  0.0	0.000	80.883	80.883
08	  D	  5.3	  0.0	0.093	0.246	0.246
09	  I	  5.8	  0.0	0.093	0.245	0.245
10	  A	  3.4	  0.0	0.093	0.235	0.235
11	  V	  4.6	  0.0	0.093	0.232	0.232
12	  E	  1.7	  0.0	0.093	0.002	0.002
13	  R	  7.5	  0.0	0.093	0.002	0.002
14	  V	  6.5	  0.0	0.000	0.002	0.002
15	  N	  6.5	  0.0	1.000	0.002	0.002
16	  K	  2.0	  0.0	1.000	0.002	0.002
17	  V	  2.3	  0.1	1.000	0.001	0.001
18	  R	  2.7	  0.0	1.000	0.000	0.000
19	  K	  1.3	  0.0	1.000	0.000	0.000
20	  Y	  1.7	  0.0	1.000	0.000	0.000
21	  L	  1.5	  0.1	0.626	0.000	0.000
22	  R	  3.1	  0.1	0.516	0.000	0.000
23	  Q	  3.2	  0.1	0.347	0.000	0.000
24	  Y	  3.7	  0.1	0.161	0.000	0.000
25	  L	  2.5	  0.0	0.161	0.000	0.000
26	  M	  1.5	  0.0	0.161	0.000	0.000
27	  W	  0.7	  0.0	0.000	0.000	0.000
