res	aa	Beta	Turn	Helix	Aggregation	Conc-Stab_Aggregation
01	  M	  0.7	  0.0	0.000	0.000	0.000
02	  Y	  6.1	  0.0	0.000	0.441	0.441
03	  S	  6.8	  0.0	0.000	0.441	0.441
04	  W	  7.4	  0.0	0.000	0.441	0.441
05	  Y	  2.2	  0.0	0.000	0.441	0.441
06	  F	  1.4	  0.2	0.000	0.441	0.441
07	  P	  0.2	  0.6	0.000	0.441	0.441
08	  K	  0.1	  0.6	0.000	0.000	0.000
09	  D	  0.1	  0.6	0.000	0.000	0.000
10	  S	  0.1	  3.3	0.387	0.000	0.000
11	  P	  0.0	  3.1	0.387	0.000	0.000
12	  S	  0.3	  3.2	0.387	0.000	0.000
13	  S	  0.4	  3.2	0.387	0.000	0.000
14	  R	  0.6	  0.4	0.387	0.000	0.000
15	  M	  0.4	  0.3	0.387	0.000	0.000
16	  G	  0.3	  0.3	0.111	0.000	0.000
17	  H	  0.7	  0.4	0.000	0.000	0.000
18	  R	  1.5	  0.3	0.000	0.000	0.000
19	  H	  1.8	  0.3	0.000	0.000	0.000
20	  D	  2.1	  0.3	0.000	0.000	0.000
21	  W	  2.0	  0.2	0.000	0.000	0.000
22	  E	  1.8	  0.1	0.000	0.000	0.000
23	  H	  2.9	  0.1	0.000	0.202	0.202
24	  V	 13.8	  0.1	0.000	97.187	97.187
25	  V	 16.3	  0.0	0.000	97.587	97.587
26	  V	 16.0	  0.0	0.000	97.587	97.587
27	  W	  5.0	  0.0	0.000	97.587	97.587
28	  I	  2.5	  0.0	0.000	97.571	97.571
29	  N	  0.9	  0.0	0.000	4.189	4.189
30	  N	  0.2	  0.0	0.000	0.000	0.000
31	  P	  0.0	  0.0	0.000	0.000	0.000
32	  D	  0.0	  0.0	0.000	0.000	0.000
