res	aa	Beta	Turn	Helix	Aggregation	Conc-Stab_Aggregation
01	  M	  0.1	  0.2	0.000	0.000	0.000
02	  S	  0.1	  0.2	0.000	0.000	0.000
03	  D	  1.0	  0.9	0.000	0.000	0.000
04	  I	  1.9	  0.9	0.000	0.000	0.000
05	  N	  2.0	  0.9	0.000	0.000	0.000
06	  A	  1.2	  0.9	0.000	0.000	0.000
07	  T	  1.1	  0.2	0.000	0.000	0.000
08	  R	  1.1	  0.2	0.000	0.000	0.000
09	  L	  1.0	  0.0	0.000	0.000	0.000
10	  P	  0.1	  0.0	0.000	0.000	0.000
11	  I	  0.1	  0.0	0.000	0.000	0.000
12	  P	  0.0	  0.0	0.000	0.000	0.000
13	  F	  8.9	  0.0	0.000	0.000	0.000
14	  H	  9.5	  0.0	0.000	0.000	0.000
15	  I	  9.5	  0.0	0.000	0.000	0.000
16	  P	  0.7	  0.0	0.000	0.000	0.000
17	  A	  0.0	  0.3	0.000	0.000	0.000
18	  P	  0.0	  0.3	0.000	0.000	0.000
19	  S	  0.3	  0.5	0.000	0.000	0.000
20	  V	  0.4	  2.1	0.000	0.000	0.000
21	  G	  0.4	  1.9	0.000	0.000	0.000
22	  D	  0.1	  1.9	0.429	0.000	0.000
23	  D	  1.5	  1.7	1.355	0.000	0.000
24	  I	  8.7	  0.2	1.355	0.000	0.000
25	  E	  9.2	  0.0	1.355	0.000	0.000
26	  V	 14.8	  0.0	1.355	0.000	0.000
27	  V	  8.0	  0.0	1.355	0.000	0.000
28	  L	  7.5	  0.3	1.355	0.000	0.000
29	  G	  0.5	  0.5	1.355	0.000	0.000
30	  R	  0.0	  0.6	0.725	0.000	0.000
31	  G	  0.0	  1.0	0.000	0.000	0.000
32	  E	  0.1	  0.7	0.000	0.000	0.000
33	  N	  0.3	  0.5	0.000	0.000	0.000
34	  L	  0.3	  0.4	0.000	0.000	0.000
35	  C	  0.3	  0.0	0.000	0.000	0.000
