res	aa	Beta	Turn	Helix	Aggregation	Conc-Stab_Aggregation
01	  M	  0.1	  0.2	0.000	0.000	0.000
02	  S	  0.1	  0.2	0.000	0.000	0.000
03	  D	  1.0	  0.9	0.000	0.000	0.000
04	  I	  1.9	  0.9	0.000	0.000	0.000
05	  N	  2.0	  0.9	0.000	0.000	0.000
06	  A	  1.2	  0.9	0.000	0.000	0.000
07	  T	  1.1	  0.2	0.000	0.000	0.000
08	  R	  1.1	  0.2	0.000	0.000	0.000
09	  L	  0.9	  0.3	0.000	0.000	0.000
10	  P	  0.1	  0.3	0.000	0.199	0.199
11	  S	  0.3	  0.3	0.000	40.162	40.162
12	  I	  2.3	  0.3	0.000	48.622	48.622
13	  L	  3.7	  0.0	0.000	48.622	48.622
14	  I	 10.8	  0.0	0.000	48.622	48.622
15	  V	  8.8	  0.0	0.000	48.622	48.622
16	  W	  7.4	  0.0	0.000	9.523	9.523
17	  P	  0.0	  0.1	0.000	0.000	0.000
18	  P	  0.0	  0.1	0.000	0.000	0.000
19	  C	  0.4	  0.4	0.000	0.000	0.000
20	  V	  0.4	  2.1	0.000	0.000	0.000
21	  G	  0.4	  2.2	0.000	0.000	0.000
22	  D	  0.1	  2.2	0.000	0.000	0.000
23	  D	  0.8	  2.5	0.000	0.000	0.000
24	  V	  2.3	  0.8	0.000	0.000	0.000
25	  N	  2.4	  0.7	0.000	0.000	0.000
26	  S	  1.8	  0.7	0.257	0.000	0.000
27	  T	  3.0	  0.1	0.257	0.000	0.000
28	  L	  3.1	  0.1	0.257	0.000	0.000
29	  T	  3.0	  0.3	0.257	0.000	0.000
30	  R	  0.3	  0.3	0.257	0.000	0.000
31	  G	  0.1	  0.5	0.257	0.000	0.000
32	  E	  0.1	  0.5	0.000	0.000	0.000
33	  S	  0.8	  0.3	0.000	0.000	0.000
34	  L	  0.8	  0.2	0.000	0.000	0.000
35	  C	  0.8	  0.0	0.000	0.000	0.000
