res	aa	Beta	Turn	Helix	Aggregation	Conc-Stab_Aggregation
01	  C	  0.0	  0.8	0.000	0.000	0.000
02	  G	  0.1	  1.1	0.000	0.000	0.000
03	  G	  0.1	  1.6	0.000	0.000	0.000
04	  A	  0.0	  1.7	0.000	0.000	0.000
05	  G	  0.0	  1.1	0.000	0.000	0.000
06	  A	  0.1	  0.8	0.000	0.000	0.000
07	  K	  0.7	  0.3	0.000	0.000	0.000
08	  C	  0.9	  0.4	0.000	0.000	0.000
09	  S	  1.1	  0.2	0.000	0.000	0.000
10	  T	  3.4	  0.3	0.000	0.000	0.000
11	  K	  3.3	  1.0	0.000	0.000	0.000
12	  S	  3.0	  0.9	0.000	0.000	0.000
13	  D	  1.1	  0.9	0.000	0.000	0.000
14	  C	  9.6	  0.9	0.000	0.000	0.000
15	  C	  9.9	  0.5	0.000	0.000	0.000
16	  S	  8.8	  0.4	0.000	0.000	0.000
17	  G	  0.4	  0.4	0.000	0.000	0.000
18	  L	  1.1	  0.2	0.000	0.000	0.000
19	  W	  2.4	  0.0	0.000	0.000	0.000
20	  C	  2.6	  0.7	0.000	0.000	0.000
21	  S	  1.9	  2.5	0.000	0.000	0.000
22	  G	  0.6	  2.9	0.000	0.000	0.000
23	  S	  0.3	  3.0	0.000	0.000	0.000
24	  G	  0.1	  2.4	0.000	0.000	0.000
25	  H	  1.5	  0.6	0.000	0.000	0.000
26	  C	  3.9	  0.1	0.000	0.000	0.000
27	  Y	  5.2	  0.0	0.000	0.000	0.000
28	  H	  4.3	  0.1	0.000	0.000	0.000
29	  R	  2.7	  0.1	0.000	0.000	0.000
30	  R	  2.4	  0.1	0.000	0.000	0.000
31	  Y	  1.9	  0.1	0.000	0.000	0.000
32	  T	  1.1	  0.0	0.000	0.000	0.000
