res	aa	Beta	Turn	Helix	Aggregation	Conc-Stab_Aggregation
01	  M	  0.1	  0.2	0.000	0.000	0.000
02	  S	  0.1	  0.2	0.000	0.000	0.000
03	  D	  1.0	  0.9	0.000	0.000	0.000
04	  I	  1.9	  0.9	0.000	0.000	0.000
05	  N	  2.0	  0.9	0.000	0.000	0.000
06	  A	  1.2	  0.9	0.000	0.000	0.000
07	  T	  1.1	  0.2	0.000	0.000	0.000
08	  R	  1.1	  0.2	0.000	0.000	0.000
09	  L	  0.9	  0.0	0.000	0.000	0.000
10	  P	  0.1	  0.0	0.000	0.315	0.315
11	  A	  0.2	  0.0	0.000	29.332	29.332
12	  I	  1.6	  0.0	0.000	30.240	30.240
13	  F	  2.2	  0.0	0.000	30.240	30.240
14	  L	  2.4	  0.0	0.000	30.240	30.240
15	  A	  1.0	  0.0	0.000	30.070	30.070
16	  W	  0.4	  0.0	0.000	1.679	1.679
17	  P	  0.0	  0.1	0.000	0.000	0.000
18	  P	  0.0	  0.1	0.000	0.000	0.000
19	  C	  0.4	  0.4	0.000	0.000	0.000
20	  V	  0.4	  2.9	0.000	0.000	0.000
21	  G	  0.4	  2.9	0.000	0.000	0.000
22	  D	  0.1	  2.9	0.000	0.000	0.000
23	  N	  1.5	  3.1	0.000	0.000	0.000
24	  V	  2.9	  0.6	0.000	0.000	0.000
25	  N	  3.0	  0.5	0.000	0.000	0.000
26	  S	  1.7	  0.5	0.256	0.000	0.000
27	  T	  3.0	  0.1	0.256	0.000	0.000
28	  L	  3.0	  0.1	0.256	0.000	0.000
29	  T	  3.0	  0.3	0.256	0.000	0.000
30	  R	  0.3	  0.3	0.256	0.000	0.000
31	  G	  0.1	  0.5	0.256	0.000	0.000
32	  E	  0.1	  0.5	0.000	0.000	0.000
33	  S	  0.8	  0.3	0.000	0.000	0.000
34	  L	  0.8	  0.2	0.000	0.000	0.000
35	  C	  0.8	  0.0	0.000	0.000	0.000
