res	aa	Beta	Turn	Helix	Aggregation	Conc-Stab_Aggregation
01	  M	  0.2	  0.1	0.000	0.000	0.000
02	  K	  0.4	  0.1	0.000	0.000	0.000
03	  T	  0.8	  0.1	0.000	0.000	0.000
04	  S	  1.3	  0.5	0.000	0.000	0.000
05	  A	  1.2	  0.6	0.000	0.000	0.000
06	  R	  0.8	  0.5	0.000	0.000	0.000
07	  G	  0.2	  0.5	0.000	0.000	0.000
08	  V	  2.4	  0.1	0.000	0.125	0.125
09	  D	  2.6	  0.0	1.404	0.125	0.125
10	  L	  2.8	  0.0	1.404	0.125	0.125
11	  I	  1.3	  0.1	1.404	0.125	0.125
12	  K	  1.2	  0.1	1.404	0.125	0.125
13	  E	  1.6	  0.1	1.404	0.000	0.000
14	  F	  1.3	  0.6	1.404	0.000	0.000
15	  E	  1.1	  0.5	0.920	0.000	0.000
16	  G	  0.4	  0.5	0.846	0.000	0.000
17	  F	  0.4	  2.2	0.598	0.000	0.000
18	  K	  0.4	  1.8	0.266	0.000	0.000
19	  G	  0.4	  1.8	0.445	0.000	0.000
20	  K	  0.2	  1.8	0.445	0.000	0.000
21	  A	  0.5	  0.1	0.445	0.000	0.000
22	  Y	  3.3	  0.0	0.445	0.000	0.000
23	  L	  3.3	  0.0	0.445	0.000	0.000
24	  C	  3.0	  0.2	0.445	0.000	0.000
25	  P	  0.1	  0.2	0.000	0.000	0.000
26	  A	  0.5	  0.2	0.000	0.000	0.000
27	  R	  0.7	  0.2	0.000	0.000	0.000
28	  V	  0.7	  0.0	0.000	0.000	0.000
29	  P	  0.2	  0.0	0.000	0.000	0.000
