res	aa	Beta	Turn	Helix	Aggregation	Conc-Stab_Aggregation
01	  M	  0.1	  0.2	0.000	0.000	0.000
02	  S	  0.1	  0.2	0.000	0.000	0.000
03	  D	  1.0	  0.9	0.000	0.000	0.000
04	  I	  1.9	  0.9	0.000	0.000	0.000
05	  N	  2.0	  0.9	0.000	0.000	0.000
06	  A	  1.2	  0.9	0.000	0.000	0.000
07	  T	  1.1	  0.2	0.000	0.000	0.000
08	  R	  1.1	  0.2	0.000	0.000	0.000
09	  L	  0.9	  3.2	0.000	0.000	0.000
10	  P	  0.1	  3.2	0.000	0.427	0.427
11	  G	  0.0	  3.2	0.115	8.103	8.103
12	  F	  0.7	  3.2	0.115	91.198	91.198
13	  L	  1.1	  0.0	0.115	97.476	97.476
14	  L	  1.3	  0.0	0.115	98.392	98.392
15	  W	  1.1	  0.1	0.115	98.397	98.397
16	  A	  1.0	  0.1	0.115	98.231	98.231
17	  Y	  1.5	  0.2	0.115	96.524	96.524
18	  V	  1.0	  1.9	0.000	81.466	81.466
19	  G	  0.7	  2.0	0.000	2.999	2.999
20	  D	  0.1	  2.0	0.000	0.000	0.000
21	  D	  0.7	  2.3	0.402	0.000	0.000
22	  V	  2.6	  0.6	0.402	0.000	0.000
23	  D	  3.0	  0.4	0.520	0.000	0.000
24	  Y	  3.3	  0.4	0.520	0.000	0.000
25	  I	  3.1	  0.0	0.520	0.000	0.000
26	  L	  2.8	  0.0	0.520	0.000	0.000
27	  T	  1.9	  0.2	0.520	0.000	0.000
28	  R	  0.3	  0.3	0.520	0.000	0.000
29	  G	  0.1	  0.5	0.218	0.000	0.000
30	  E	  0.1	  0.5	0.000	0.000	0.000
31	  S	  0.2	  0.3	0.000	0.000	0.000
32	  L	  0.2	  0.2	0.000	0.000	0.000
33	  A	  0.2	  0.0	0.000	0.000	0.000
