res	aa	Beta	Turn	Helix	Aggregation	Conc-Stab_Aggregation
01	  M	  0.1	  0.2	0.000	0.000	0.000
02	  S	  0.1	  0.2	0.000	0.000	0.000
03	  D	  1.0	  0.9	0.000	0.000	0.000
04	  I	  1.9	  0.9	0.000	0.000	0.000
05	  N	  2.0	  0.9	0.000	0.000	0.000
06	  A	  1.2	  0.9	0.000	0.000	0.000
07	  T	  1.1	  0.2	0.000	0.000	0.000
08	  R	  1.1	  0.2	0.000	0.000	0.000
09	  L	  0.9	  0.0	0.000	0.000	0.000
10	  P	  0.1	  0.0	0.000	0.000	0.000
11	  I	  0.7	  0.0	0.000	0.741	0.741
12	  W	  0.9	  0.1	0.000	0.741	0.741
13	  G	  0.9	  0.4	0.000	0.741	0.741
14	  I	  0.4	  1.5	0.000	0.741	0.741
15	  G	  0.3	  1.5	0.000	0.741	0.741
16	  C	  0.3	  1.4	0.000	0.452	0.452
17	  N	  0.2	  1.1	0.000	0.000	0.000
18	  P	  0.1	  0.0	0.000	0.000	0.000
19	  C	  0.3	  0.2	0.000	0.000	0.000
20	  V	  0.4	  1.2	0.000	0.000	0.000
21	  G	  0.4	  1.2	0.000	0.000	0.000
22	  D	  0.1	  1.2	2.879	0.000	0.000
23	  E	  5.0	  1.0	2.879	0.000	0.000
24	  V	  7.7	  0.0	2.879	27.990	27.990
25	  T	  8.0	  0.0	2.879	30.042	30.042
26	  A	  3.4	  0.0	2.879	30.042	30.042
27	  L	  1.0	  0.0	2.879	30.042	30.042
28	  I	  4.3	  0.0	2.070	30.042	30.042
29	  T	  4.2	  0.2	2.196	12.582	12.582
30	  R	  3.9	  0.2	2.092	0.000	0.000
31	  G	  0.2	  0.3	1.156	0.000	0.000
32	  E	  0.1	  0.3	0.290	0.000	0.000
33	  A	  0.2	  0.1	0.126	0.000	0.000
34	  L	  0.2	  0.0	0.126	0.000	0.000
35	  C	  0.1	  0.0	0.126	0.000	0.000
