res	aa	Beta	Turn	Helix	Aggregation	Conc-Stab_Aggregation
01	  M	  0.1	  0.2	0.000	0.000	0.000
02	  S	  0.1	  0.2	0.000	0.000	0.000
03	  D	  1.0	  0.9	0.000	0.000	0.000
04	  I	  1.9	  0.9	0.000	0.000	0.000
05	  N	  2.0	  0.9	0.000	0.000	0.000
06	  A	  1.2	  0.9	0.000	0.000	0.000
07	  T	  1.1	  0.2	0.000	0.000	0.000
08	  R	  1.1	  0.2	0.000	0.000	0.000
09	  L	  0.9	  0.2	0.000	0.000	0.000
10	  P	  0.1	  0.2	0.000	0.000	0.000
11	  A	  0.2	  0.2	0.000	8.938	8.938
12	  W	  0.7	  0.2	0.000	8.938	8.938
13	  L	  1.1	  0.0	0.000	8.938	8.938
14	  V	 11.7	  0.0	0.000	8.938	8.938
15	  T	 11.5	  0.0	0.000	8.938	8.938
16	  C	 11.1	  0.2	0.000	0.000	0.000
17	  P	  0.3	  0.2	0.000	0.000	0.000
18	  C	  0.3	  0.4	0.000	0.000	0.000
19	  V	  0.4	  2.2	0.000	0.000	0.000
20	  G	  0.4	  2.2	0.000	0.000	0.000
21	  D	  0.1	  2.2	0.000	0.000	0.000
22	  D	  1.2	  2.0	0.000	0.000	0.000
23	  V	  1.4	  0.2	0.000	0.000	0.000
24	  N	  1.4	  0.2	0.000	0.000	0.000
25	  P	  0.2	  0.2	0.000	0.000	0.000
26	  T	 11.6	  0.2	0.000	0.000	0.000
27	  I	 15.2	  0.2	0.000	0.000	0.000
28	  T	 15.2	  0.2	0.000	0.000	0.000
29	  R	  3.9	  0.2	0.000	0.000	0.000
30	  G	  0.1	  0.4	0.000	0.000	0.000
31	  E	  0.1	  0.4	0.000	0.000	0.000
32	  S	  0.8	  0.3	0.000	0.000	0.000
33	  L	  0.8	  0.2	0.000	0.000	0.000
34	  C	  0.8	  0.0	0.000	0.000	0.000
