res	aa	Beta	Turn	Helix	Aggregation	Conc-Stab_Aggregation
01	  M	  0.1	  0.2	0.000	0.000	0.000
02	  S	  0.1	  0.2	0.000	0.000	0.000
03	  D	  1.0	  0.8	0.000	0.000	0.000
04	  I	  2.1	  0.8	0.000	0.000	0.000
05	  N	  2.2	  0.8	0.000	0.000	0.000
06	  S	  1.9	  0.8	0.000	0.000	0.000
07	  T	  1.6	  0.2	0.000	0.000	0.000
08	  R	  1.6	  0.2	0.000	0.000	0.000
09	  L	  0.9	  0.0	0.000	0.000	0.000
10	  P	  0.1	  0.0	0.000	0.000	0.000
11	  I	  0.7	  0.0	0.000	0.729	0.729
12	  W	  0.9	  0.1	0.000	0.729	0.729
13	  G	  0.9	  0.4	0.000	0.729	0.729
14	  I	  0.4	  1.5	0.000	0.729	0.729
15	  G	  0.3	  1.5	0.000	0.729	0.729
16	  C	  0.3	  1.4	0.000	0.444	0.444
17	  N	  0.2	  2.6	0.000	0.000	0.000
18	  P	  0.1	  1.5	0.000	0.000	0.000
19	  S	  0.3	  1.7	0.000	0.000	0.000
20	  V	  0.3	  2.6	0.000	0.000	0.000
21	  G	  0.3	  1.1	0.000	0.000	0.000
22	  D	  0.1	  1.1	5.820	0.000	0.000
23	  E	  4.8	  0.9	5.955	0.000	0.000
24	  V	  7.5	  0.0	5.955	15.987	15.987
25	  T	  7.9	  0.0	6.133	17.158	17.158
26	  A	  3.4	  0.0	6.133	17.158	17.158
27	  L	  0.8	  0.0	6.133	17.158	17.158
28	  L	  0.6	  0.0	5.333	17.158	17.158
29	  T	  0.4	  0.2	4.800	7.186	7.186
30	  R	  0.3	  0.3	4.589	0.000	0.000
31	  G	  0.1	  0.3	1.772	0.000	0.000
32	  E	  0.1	  0.3	0.512	0.000	0.000
33	  A	  0.2	  0.1	0.166	0.000	0.000
34	  L	  0.2	  0.0	0.166	0.000	0.000
35	  C	  0.1	  0.0	0.166	0.000	0.000
