res	aa	Beta	Turn	Helix	Aggregation	Conc-Stab_Aggregation
01	  M	  2.8	  0.1	0.000	0.000	0.000
02	  D	  2.8	  0.1	0.000	0.000	0.000
03	  C	  3.0	  0.1	0.000	0.000	0.000
04	  G	  0.2	  0.3	0.000	0.000	0.000
05	  L	  0.2	  0.3	0.000	0.000	0.000
06	  G	  0.0	  0.4	0.000	0.000	0.000
07	  E	  0.3	  0.5	0.000	0.000	0.000
08	  K	  0.3	  0.4	0.000	0.000	0.000
09	  N	  0.3	  0.6	0.000	0.000	0.000
10	  S	  0.2	  0.7	0.000	0.154	0.154
11	  L	  0.2	  0.5	0.000	3.740	3.740
12	  G	  0.2	  0.8	0.000	4.266	4.266
13	  F	  0.3	  0.5	0.000	4.266	4.266
14	  G	  0.2	  0.3	0.000	4.266	4.266
15	  F	  2.0	  0.3	0.000	4.266	4.266
16	  L	  1.9	  0.0	0.000	3.740	3.740
17	  N	  1.9	  0.0	0.000	0.000	0.000
18	  P	  0.1	  0.0	0.000	0.000	0.000
19	  V	  0.0	  0.0	0.000	0.000	0.000
20	  R	  0.0	  0.0	0.000	0.000	0.000
