res	aa	Beta	Turn	Helix	Aggregation	Conc-Stab_Aggregation
01	  M	  0.1	  0.2	0.000	0.000	0.000
02	  S	  0.1	  0.2	0.000	0.000	0.000
03	  D	  1.0	  0.9	0.000	0.000	0.000
04	  I	  1.9	  0.9	0.000	0.000	0.000
05	  N	  2.0	  0.9	0.000	0.000	0.000
06	  A	  1.2	  0.9	0.000	0.000	0.000
07	  T	  1.1	  0.2	0.000	0.000	0.000
08	  R	  1.1	  0.2	0.000	0.000	0.000
09	  L	  0.9	  0.0	0.000	0.000	0.000
10	  P	  0.1	  0.0	0.000	0.000	0.000
11	  I	  0.7	  0.0	0.000	0.315	0.315
12	  W	  0.9	  0.1	0.000	0.315	0.315
13	  G	  0.9	  0.4	0.000	0.315	0.315
14	  I	  0.4	  1.1	0.000	0.315	0.315
15	  G	  0.3	  1.1	0.000	0.315	0.315
16	  C	  0.3	  1.0	0.000	0.192	0.192
17	  D	  0.2	  0.9	0.000	0.000	0.000
18	  P	  0.1	  0.1	0.000	0.000	0.000
19	  C	  0.4	  0.4	0.000	0.000	0.000
20	  V	  0.4	  2.0	0.000	0.000	0.000
21	  G	  0.4	  2.1	0.000	0.000	0.000
22	  D	  0.1	  2.1	1.477	0.000	0.000
23	  D	  1.1	  1.9	2.091	0.000	0.000
24	  V	  3.9	  0.2	2.091	28.981	28.981
25	  T	  4.7	  0.0	2.209	31.110	31.110
26	  A	  4.4	  0.0	2.209	31.110	31.110
27	  V	  3.1	  0.0	2.209	31.110	31.110
28	  L	  2.4	  0.0	2.209	31.110	31.110
29	  T	  1.8	  0.2	2.130	13.033	13.033
30	  R	  0.3	  0.3	2.130	0.000	0.000
31	  G	  0.2	  0.3	0.718	0.000	0.000
32	  E	  0.1	  0.3	0.170	0.000	0.000
33	  A	  0.2	  0.1	0.170	0.000	0.000
34	  L	  0.2	  0.0	0.170	0.000	0.000
35	  C	  0.1	  0.0	0.170	0.000	0.000
