res	aa	Beta	Turn	Helix	Aggregation	Conc-Stab_Aggregation
01	  M	  0.1	  0.2	0.000	0.000	0.000
02	  S	  0.1	  0.2	0.000	0.000	0.000
03	  D	  1.0	  0.9	0.000	0.000	0.000
04	  I	  1.9	  0.9	0.000	0.000	0.000
05	  N	  2.0	  0.9	0.000	0.000	0.000
06	  A	  1.2	  0.9	0.000	0.000	0.000
07	  T	  1.1	  0.2	0.000	0.000	0.000
08	  R	  1.1	  0.2	0.000	0.000	0.000
09	  L	  0.9	  0.0	0.000	0.000	0.000
10	  P	  0.1	  0.0	0.000	0.547	0.547
11	  F	  0.5	  0.0	0.000	97.974	97.974
12	  I	  1.6	  0.0	0.000	98.652	98.652
13	  W	  2.6	  0.0	0.000	98.656	98.656
14	  V	  3.0	  0.0	0.000	98.656	98.656
15	  F	  2.5	  0.0	0.000	98.621	98.621
16	  G	  1.6	  0.0	0.000	9.550	9.550
17	  I	  0.6	  0.8	0.000	0.888	0.888
18	  P	  0.0	  1.7	0.000	0.252	0.252
19	  G	  0.0	  1.9	0.000	0.000	0.000
20	  D	  0.0	  1.9	0.000	0.000	0.000
21	  D	  0.1	  1.4	0.782	0.000	0.000
22	  I	  0.1	  0.5	0.782	4.133	4.133
23	  G	  0.1	  0.3	0.782	4.454	4.454
24	  T	  3.8	  0.3	0.782	4.454	4.454
25	  V	  5.4	  0.1	0.782	4.454	4.454
26	  L	  5.5	  0.0	0.782	4.454	4.454
27	  T	  1.8	  0.2	0.782	1.873	1.873
28	  R	  0.3	  0.3	0.782	0.000	0.000
29	  G	  0.1	  0.7	0.303	0.000	0.000
30	  E	  0.1	  0.7	0.000	0.000	0.000
31	  N	  0.3	  0.5	0.000	0.000	0.000
32	  L	  0.3	  0.4	0.000	0.000	0.000
33	  C	  0.3	  0.0	0.000	0.000	0.000
