res	aa	Beta	Turn	Helix	Aggregation	Conc-Stab_Aggregation
01	  M	  0.3	  0.0	0.000	0.000	0.000
02	  L	  2.7	  0.0	0.000	0.142	0.142
03	  T	  3.2	  0.0	0.000	0.142	0.142
04	  M	  3.0	  0.0	0.000	0.142	0.142
05	  A	  0.6	  0.3	0.000	0.142	0.142
06	  A	  0.2	  0.3	0.000	0.142	0.142
07	  D	  1.5	  0.3	0.000	0.000	0.000
08	  I	  3.4	  0.3	0.000	41.645	41.645
09	  I	  4.1	  0.0	0.000	47.701	47.701
10	  S	  3.1	  0.0	0.000	49.510	49.510
11	  T	  5.8	  0.0	0.727	63.948	63.948
12	  I	  7.4	  0.0	0.727	87.822	87.822
13	  V	  9.9	  0.0	0.836	89.784	89.784
14	  E	  5.5	  0.0	1.091	88.665	88.665
15	  F	  4.9	  0.0	1.091	90.864	90.864
16	  V	  8.5	  0.0	1.091	91.032	91.032
17	  K	  8.8	  0.0	1.091	91.032	91.032
18	  L	  7.6	  0.0	0.907	90.122	90.122
19	  I	  1.4	  0.0	0.907	83.953	83.953
20	  A	  0.8	  0.1	1.024	55.003	55.003
21	  E	  0.4	  0.1	0.882	30.397	30.397
22	  T	  3.9	  0.1	0.691	30.369	30.369
23	  V	  4.6	  0.1	0.691	30.351	30.351
24	  A	  4.7	  0.0	0.691	29.097	29.097
25	  K	  1.3	  0.0	0.691	28.030	28.030
26	  F	  1.8	  0.0	0.691	27.455	27.455
27	  I	  2.5	  0.0	0.350	24.081	24.081
28	  K	  2.0	  0.0	0.350	0.000	0.000
29	  K	  0.8	  0.0	0.000	0.000	0.000
