res	aa	Beta	Turn	Helix	Aggregation	Conc-Stab_Aggregation
01	  M	  0.4	  0.0	0.000	0.000	0.000
02	  F	  3.7	  0.0	0.000	0.000	0.000
03	  T	  3.7	  0.0	0.000	0.000	0.000
04	  N	  3.3	  0.0	0.000	0.000	0.000
05	  P	  0.0	  0.0	0.000	0.000	0.000
06	  F	  0.8	  0.0	0.000	0.000	0.000
07	  L	  0.9	  0.0	0.000	0.000	0.000
08	  I	  1.4	  0.1	0.000	0.000	0.000
09	  E	  0.6	  0.1	0.000	0.000	0.000
10	  S	  0.7	  0.1	0.000	0.000	0.000
11	  S	  6.0	  0.3	0.000	0.000	0.000
12	  I	 12.2	  0.2	0.000	0.000	0.000
13	  S	 12.3	  0.2	0.000	0.000	0.000
14	  F	  6.9	  0.2	0.000	0.000	0.000
15	  P	  0.2	  0.0	0.000	0.000	0.000
16	  H	  0.0	  0.0	0.000	0.000	0.000
17	  P	  0.0	  0.0	0.000	0.000	0.000
18	  T	  0.0	  0.5	0.128	0.000	0.000
19	  P	  0.0	  0.6	0.128	0.000	0.000
20	  S	  0.1	  0.6	0.312	0.000	0.000
21	  A	  0.2	  0.6	0.312	0.000	0.000
22	  A	  0.3	  0.0	0.312	0.000	0.000
23	  L	  0.8	  0.0	0.312	0.000	0.000
24	  A	  0.8	  0.0	0.184	0.000	0.000
25	  I	  0.7	  0.0	0.184	0.000	0.000
26	  P	  0.1	  0.0	0.000	0.000	0.000
27	  R	  0.0	  0.0	0.000	0.000	0.000
