res	aa	Beta	Turn	Helix	Aggregation	Conc-Stab_Aggregation
01	  M	  0.0	  0.4	0.000	0.000	0.000
02	  P	  0.0	  0.4	0.154	0.000	0.000
03	  Y	  1.6	  0.4	0.154	0.901	0.901
04	  F	  2.9	  0.4	0.154	0.901	0.901
05	  A	  3.1	  0.1	0.154	0.901	0.901
06	  C	  4.6	  0.1	0.154	0.901	0.901
07	  F	  6.0	  0.1	0.154	0.901	0.901
08	  R	  5.8	  0.0	0.154	0.000	0.000
09	  K	  2.8	  0.2	0.000	0.000	0.000
10	  P	  0.1	  0.2	0.000	0.000	0.000
11	  T	  0.8	  0.3	0.000	0.000	0.000
12	  S	  2.8	  0.5	0.148	0.000	0.000
13	  T	  3.2	  0.4	0.285	0.188	0.188
14	  S	  2.7	  0.3	0.826	0.376	0.376
15	  L	  1.6	  0.3	0.826	0.376	0.376
16	  M	  1.4	  0.0	0.826	0.376	0.376
17	  L	  7.4	  0.0	0.826	0.376	0.376
18	  T	  7.3	  0.0	0.826	0.188	0.188
19	  Y	  7.0	  0.0	0.826	0.000	0.000
20	  P	  0.8	  0.0	0.000	0.000	0.000
21	  V	  0.0	  0.0	0.000	0.000	0.000
22	  P	  0.0	  0.0	0.000	0.000	0.000
23	  P	  0.0	  0.0	0.000	0.543	0.543
24	  F	  1.5	  0.0	0.000	47.390	47.390
25	  T	  2.6	  0.0	0.000	49.726	49.726
26	  T	  7.5	  0.0	0.000	53.412	53.412
27	  I	  8.8	  0.0	0.000	59.142	59.142
28	  V	  8.0	  0.0	0.000	59.480	59.480
29	  G	  3.2	  0.0	0.000	42.665	42.665
30	  M	  1.0	  0.0	0.000	41.052	41.052
31	  I	  0.9	  0.0	0.000	38.836	38.836
32	  A	  0.9	  0.0	0.000	26.470	26.470
33	  N	  0.2	  0.0	0.000	0.000	0.000
