res	aa	Beta	Turn	Helix	Aggregation	Conc-Stab_Aggregation
01	  A	  0.0	  0.0	0.000	0.000	0.000
02	  D	  0.0	  0.0	1.573	0.000	0.000
03	  E	  0.1	  0.0	1.876	0.000	0.000
04	  F	  1.1	  0.0	1.876	0.000	0.000
05	  L	  2.2	  0.0	1.876	0.000	0.000
06	  R	  5.1	  0.0	1.876	0.000	0.000
07	  W	  4.5	  0.0	1.876	0.000	0.000
08	  N	  3.4	  0.2	1.593	0.000	0.000
09	  K	  0.4	  0.6	0.391	0.000	0.000
10	  A	  0.1	  0.9	0.000	0.000	0.000
11	  G	  0.1	  0.9	0.000	0.000	0.000
12	  S	  0.4	  0.7	0.108	0.000	0.000
13	  K	  1.2	  0.4	0.108	0.000	0.000
14	  V	  4.3	  0.2	0.108	0.000	0.000
15	  L	  4.0	  1.6	0.108	0.000	0.000
16	  N	  3.2	  1.6	3.250	0.000	0.000
17	  G	  0.1	  1.6	3.618	0.000	0.000
18	  L	  0.2	  1.5	3.511	0.000	0.000
19	  T	  1.0	  0.1	5.460	0.000	0.000
20	  R	  1.3	  0.1	5.568	0.000	0.000
21	  R	  1.3	  0.1	5.568	0.000	0.000
22	  R	  0.5	  0.1	4.154	0.000	0.000
23	  E	  0.2	  0.1	3.972	0.000	0.000
24	  A	  0.1	  0.1	3.808	0.000	0.000
25	  E	  0.2	  0.1	3.702	0.000	0.000
26	  R	  0.3	  0.1	3.497	0.000	0.000
27	  A	  0.4	  0.1	2.745	0.000	0.000
28	  L	  1.0	  0.0	2.232	0.000	0.000
29	  F	  1.6	  0.0	1.340	0.000	0.000
30	  L	  1.4	  0.0	0.114	0.000	0.000
31	  S	  0.7	  0.0	0.000	0.000	0.000
