res	aa	Beta	Turn	Helix	Aggregation	Conc-Stab_Aggregation
01	  K	  0.1	  0.4	0.000	0.000	0.000
02	  A	  0.1	  0.7	0.000	0.000	0.000
03	  G	  0.1	  0.8	0.000	0.000	0.000
04	  S	  0.4	  0.8	0.000	0.000	0.000
05	  K	  1.2	  0.4	0.000	0.000	0.000
06	  V	  4.3	  0.2	0.000	0.000	0.000
07	  L	  4.1	  1.6	0.000	0.000	0.000
08	  N	  3.2	  1.6	3.145	0.000	0.000
09	  G	  0.1	  1.6	3.515	0.000	0.000
10	  L	  0.2	  1.5	3.515	0.000	0.000
11	  T	  1.0	  0.1	5.466	0.000	0.000
12	  R	  1.3	  0.1	5.574	0.000	0.000
13	  R	  1.3	  0.1	5.574	0.000	0.000
14	  R	  0.5	  0.1	4.158	0.000	0.000
15	  E	  0.2	  0.1	3.976	0.000	0.000
16	  A	  0.1	  0.1	3.811	0.000	0.000
17	  E	  0.2	  0.1	3.705	0.000	0.000
18	  R	  0.3	  0.1	3.500	0.000	0.000
19	  A	  0.4	  0.1	2.747	0.000	0.000
20	  L	  1.0	  0.0	2.233	0.000	0.000
21	  F	  1.6	  0.0	1.341	0.000	0.000
22	  L	  1.4	  0.0	0.114	0.000	0.000
23	  S	  0.7	  0.0	0.000	0.000	0.000
