res	aa	Beta	Turn	Helix	Aggregation	Conc-Stab_Aggregation
01	  Q	  0.2	  0.1	0.000	0.000	0.000
02	  S	  1.1	  0.1	0.000	0.000	0.000
03	  H	  1.4	  0.1	0.000	0.000	0.000
04	  F	  1.2	  0.1	0.000	0.000	0.000
05	  P	  0.3	  0.0	0.000	0.000	0.000
06	  I	  1.3	  0.0	0.000	2.211	2.211
07	  C	  1.6	  0.0	0.000	2.211	2.211
08	  L	  3.0	  0.0	0.000	2.211	2.211
09	  Y	 17.5	  0.0	0.000	2.211	2.211
10	  C	 22.6	  0.2	0.000	2.211	2.211
11	  C	 22.3	  0.2	0.000	0.549	0.549
12	  N	  8.4	  0.2	0.109	0.000	0.000
13	  C	  8.8	  0.2	0.109	0.000	0.000
14	  C	  7.9	  0.5	0.109	0.000	0.000
15	  K	  6.4	  0.5	0.109	0.000	0.000
16	  N	  0.3	  1.8	0.109	0.000	0.000
17	  K	  0.1	  2.1	0.109	0.000	0.000
18	  G	  0.0	  1.7	0.000	0.000	0.000
19	  C	  0.1	  1.6	0.000	0.000	0.000
20	  G	  0.1	  0.3	0.000	0.000	0.000
21	  Y	 17.5	  0.0	0.000	0.000	0.000
22	  C	 24.8	  0.0	0.000	0.000	0.000
23	  C	 25.1	  0.0	0.000	0.000	0.000
24	  R	  8.3	  0.0	0.000	0.000	0.000
25	  T	  0.3	  0.0	0.000	0.000	0.000
