res	aa	Beta	Turn	Helix	Aggregation	Conc-Stab_Aggregation
01	  A	  0.0	  0.3	0.138	0.000	0.000
02	  A	  0.0	  0.4	0.504	0.000	0.000
03	  D	  0.0	  0.4	3.011	0.000	0.000
04	  E	  0.1	  0.4	3.339	0.000	0.000
05	  F	  1.1	  0.0	3.339	0.000	0.000
06	  L	  2.1	  0.0	3.339	0.000	0.000
07	  R	  5.0	  0.0	3.339	0.000	0.000
08	  W	  4.3	  0.0	3.339	0.000	0.000
09	  N	  3.3	  0.2	2.940	0.000	0.000
10	  K	  0.4	  0.4	1.001	0.000	0.000
11	  A	  0.1	  2.0	0.312	0.000	0.000
12	  G	  0.1	  2.0	0.167	0.000	0.000
13	  G	  0.1	  1.9	0.138	0.000	0.000
14	  K	  0.1	  1.7	0.138	0.000	0.000
15	  A	  0.3	  0.4	0.138	0.000	0.000
16	  L	  0.3	  1.8	0.138	0.000	0.000
17	  N	  0.2	  1.8	3.399	0.000	0.000
18	  G	  0.1	  1.8	3.781	0.000	0.000
19	  L	  0.2	  1.5	3.643	0.000	0.000
20	  T	  1.0	  0.1	5.589	0.000	0.000
21	  R	  1.3	  0.1	5.697	0.000	0.000
22	  R	  1.3	  0.1	5.697	0.000	0.000
23	  R	  0.5	  0.1	4.207	0.000	0.000
24	  E	  0.2	  0.1	4.013	0.000	0.000
25	  A	  0.1	  0.1	3.842	0.000	0.000
26	  E	  0.2	  0.1	3.737	0.000	0.000
27	  R	  0.3	  0.1	3.532	0.000	0.000
28	  A	  0.4	  0.1	2.769	0.000	0.000
29	  L	  1.0	  0.0	2.252	0.000	0.000
30	  F	  1.6	  0.0	1.350	0.000	0.000
31	  L	  1.4	  0.0	0.114	0.000	0.000
32	  S	  0.7	  0.0	0.000	0.000	0.000
