res	aa	Beta	Turn	Helix	Aggregation	Conc-Stab_Aggregation
01	  M	  0.1	  0.0	0.000	0.000	0.000
02	  L	  0.6	  0.1	0.000	0.000	0.000
03	  R	  1.4	  0.1	0.000	0.000	0.000
04	  S	 11.6	  0.2	0.000	0.000	0.000
05	  V	 11.8	  0.3	0.000	0.000	0.000
06	  S	 11.3	  0.2	0.000	0.000	0.000
07	  R	  1.5	  0.2	0.000	0.000	0.000
08	  Y	  2.4	  0.1	0.000	0.000	0.000
09	  L	  2.4	  0.0	0.000	0.000	0.000
10	  C	  2.9	  0.4	0.000	0.000	0.000
11	  T	  1.2	  0.8	0.000	0.000	0.000
12	  N	  1.0	  1.0	0.000	0.000	0.000
13	  G	  0.2	  1.0	0.000	0.000	0.000
14	  C	  0.7	  0.6	0.000	0.000	0.000
15	  A	  0.8	  0.3	0.000	0.000	0.000
16	  R	  0.7	  0.1	0.000	0.000	0.000
17	  T	  1.2	  0.2	0.000	0.000	0.000
18	  S	  1.6	  0.2	0.000	0.000	0.000
19	  Q	  4.6	  0.1	0.000	0.000	0.000
20	  Y	  8.1	  0.1	0.000	0.000	0.000
21	  T	  7.7	  0.0	0.000	0.000	0.000
22	  L	  4.6	  0.0	0.000	0.000	0.000
