res	aa	Beta	Turn	Helix	Aggregation	Conc-Stab_Aggregation
01	  M	  0.9	  0.0	0.000	0.029	0.029
02	  L	  2.4	  0.0	0.000	90.241	90.241
03	  V	  8.8	  0.0	0.000	95.203	95.203
04	  V	 11.4	  0.0	0.000	95.203	95.203
05	  I	 13.4	  0.0	0.000	95.203	95.203
06	  S	 13.5	  0.3	0.000	95.197	95.197
07	  Y	 12.9	  0.3	0.000	76.653	76.653
08	  D	 10.6	  0.3	0.096	0.400	0.400
09	  V	  5.5	  0.5	0.096	0.400	0.400
10	  K	  2.4	  0.4	0.267	0.377	0.377
11	  D	  1.2	  0.5	0.757	0.000	0.000
12	  D	  0.1	  0.7	1.679	0.000	0.000
13	  K	  0.3	  0.6	1.679	0.000	0.000
14	  R	  1.0	  0.5	1.679	0.000	0.000
15	  R	  1.0	  0.4	1.679	0.000	0.000
16	  N	  0.8	  0.2	1.679	0.000	0.000
17	  R	  1.8	  0.2	1.073	0.000	0.000
18	  I	  3.0	  0.0	0.288	0.000	0.000
19	  A	  2.9	  0.1	0.288	0.000	0.000
20	  R	  1.5	  0.1	0.145	0.000	0.000
21	  T	  1.1	  0.1	0.000	0.000	0.000
22	  L	  1.5	  0.3	0.000	0.000	0.000
23	  L	  2.5	  0.2	0.000	0.000	0.000
24	  N	  1.7	  0.2	0.000	0.000	0.000
25	  Y	  1.3	  0.2	0.000	0.000	0.000
