res	aa	Beta	Turn	Helix	Aggregation	Conc-Stab_Aggregation
01	  G	  0.0	  0.0	0.000	0.000	0.000
02	  E	  0.0	  0.1	0.000	0.000	0.000
03	  P	  0.0	  0.2	0.405	0.000	0.000
04	  E	  0.0	  0.2	0.798	0.176	0.176
05	  L	  0.4	  0.2	0.798	0.176	0.176
06	  I	  3.3	  0.0	0.937	0.176	0.176
07	  K	  3.8	  0.0	0.937	0.176	0.176
08	  F	  4.1	  0.0	0.937	0.176	0.176
09	  A	  1.3	  0.2	0.716	0.176	0.176
10	  L	  4.0	  0.2	0.716	0.176	0.176
11	  N	  3.4	  0.2	0.716	0.000	0.000
12	  C	  3.5	  0.3	0.585	0.000	0.000
13	  G	  0.3	  0.3	0.585	0.000	0.000
14	  I	  0.3	  0.9	0.000	0.000	0.000
15	  G	  0.1	  1.0	0.235	0.000	0.000
16	  S	  0.7	  2.7	0.235	0.000	0.000
17	  K	  0.7	  2.5	0.235	0.000	0.000
18	  N	  0.7	  2.5	0.235	0.000	0.000
19	  A	  0.1	  2.7	0.235	0.000	0.000
20	  Q	  0.1	  0.9	0.235	0.112	0.112
21	  G	  0.0	  1.2	0.000	2.886	2.886
22	  F	  0.5	  1.4	0.000	33.953	33.953
23	  G	  0.5	  1.1	0.104	36.276	36.276
24	  C	  5.0	  1.1	0.104	36.276	36.276
25	  I	 12.7	  0.7	0.104	36.276	36.276
26	  V	 13.6	  0.0	0.104	36.276	36.276
27	  L	  9.4	  0.2	0.104	35.235	35.235
28	  K	  1.2	  0.2	0.104	0.000	0.000
29	  D	  0.2	  0.2	0.000	0.000	0.000
30	  R	  0.4	  0.2	0.000	0.000	0.000
31	  W	  1.2	  0.0	0.000	0.000	0.000
32	  K	  1.6	  0.0	0.000	0.000	0.000
33	  F	  1.3	  0.0	0.000	0.000	0.000
34	  N	  0.5	  0.0	0.000	0.000	0.000
