res	aa	Beta	Turn	Helix	Aggregation	Conc-Stab_Aggregation
01	  M	  2.0	  0.0	0.000	0.000	0.000
02	  K	  4.1	  0.0	0.000	0.000	0.000
03	  V	  6.5	  0.0	0.000	0.000	0.000
04	  I	  9.7	  0.0	0.000	0.000	0.000
05	  K	  8.4	  0.0	0.000	0.000	0.000
06	  L	  7.2	  0.1	0.000	0.000	0.000
07	  K	  2.5	  0.1	0.113	0.000	0.000
08	  L	  1.7	  0.1	0.113	0.000	0.000
09	  Y	  2.0	  0.5	0.113	0.000	0.000
10	  Q	  2.0	  0.4	0.113	0.000	0.000
11	  N	  2.0	  0.4	0.288	0.000	0.000
12	  L	  0.6	  0.5	0.288	0.000	0.000
13	  C	  1.1	  0.2	0.288	0.000	0.000
14	  N	  1.6	  0.1	0.288	0.000	0.000
15	  Y	  3.3	  0.2	0.175	0.000	0.000
16	  K	  2.9	  0.0	0.175	0.000	0.000
17	  I	  2.3	  0.5	0.000	0.000	0.000
18	  G	  0.3	  1.1	0.000	0.000	0.000
19	  G	  0.1	  1.3	0.000	0.000	0.000
20	  S	  0.8	  1.5	0.253	0.122	0.122
21	  Y	  1.0	  1.0	0.253	0.122	0.122
22	  G	  0.9	  0.4	0.425	0.122	0.122
23	  Y	  1.6	  0.2	0.425	0.122	0.122
24	  V	  1.8	  0.1	0.425	0.122	0.122
25	  Q	  3.3	  0.1	0.425	0.000	0.000
26	  T	  2.8	  0.1	0.425	0.000	0.000
27	  Y	  2.4	  0.1	0.425	0.000	0.000
28	  P	  0.9	  0.0	0.000	0.000	0.000
29	  L	  0.0	  0.0	0.000	0.000	0.000
30	  P	  0.0	  0.0	0.000	0.000	0.000
31	  T	  0.0	  0.0	0.000	0.000	0.000
32	  P	  0.0	  0.0	0.000	0.000	0.000
