res	aa	Beta	Turn	Helix	Aggregation	Conc-Stab_Aggregation
01	  M	  0.2	  0.2	0.000	0.000	0.000
02	  S	  0.2	  0.4	0.000	0.000	0.000
03	  G	  0.2	  0.4	0.000	0.000	0.000
04	  G	  0.1	  0.4	0.000	0.000	0.000
05	  S	  0.5	  0.3	0.000	0.000	0.000
06	  W	  1.2	  0.0	0.000	0.000	0.000
07	  A	  1.2	  0.0	0.000	0.000	0.000
08	  Y	  0.8	  0.0	0.000	0.000	0.000
09	  P	  0.0	  0.0	0.000	0.000	0.000
10	  F	  3.1	  0.0	0.000	0.000	0.000
11	  T	  3.1	  0.2	0.156	0.000	0.000
12	  R	  3.2	  0.2	0.156	0.000	0.000
13	  G	  0.2	  0.2	0.156	0.000	0.000
14	  V	  2.4	  0.2	0.156	0.000	0.000
15	  R	  2.6	  0.1	0.156	0.000	0.000
16	  Q	  3.4	  0.1	0.156	0.000	0.000
17	  S	  1.7	  0.1	0.156	0.000	0.000
18	  F	  3.1	  0.1	0.000	0.000	0.000
19	  A	  2.2	  0.0	0.000	0.000	0.000
20	  I	  1.7	  0.0	0.000	0.000	0.000
21	  P	  0.1	  0.0	0.000	0.000	0.000
22	  S	  0.0	  0.0	0.000	0.000	0.000
23	  P	  0.0	  0.0	0.000	0.000	0.000
24	  T	  0.0	  0.2	0.000	0.000	0.000
25	  P	  0.0	  0.2	0.000	0.000	0.000
26	  K	  0.0	  0.2	0.000	0.000	0.000
27	  K	  0.0	  0.2	0.000	0.000	0.000
