res	aa	Beta	Turn	Helix	Aggregation	Conc-Stab_Aggregation
01	  Y	  0.4	  0.4	0.000	0.000	0.000
02	  A	  0.4	  0.5	0.000	0.000	0.000
03	  G	  0.4	  0.5	0.732	0.000	0.000
04	  A	  0.1	  0.8	0.903	0.000	0.000
05	  A	  0.1	  0.5	1.545	0.000	0.000
06	  D	  0.0	  0.3	4.609	0.000	0.000
07	  E	  0.1	  0.3	5.118	0.000	0.000
08	  F	  1.1	  0.0	5.118	0.000	0.000
09	  L	  2.1	  0.0	5.118	0.000	0.000
10	  R	  4.9	  0.0	5.118	0.000	0.000
11	  W	  4.3	  0.0	5.118	0.000	0.000
12	  N	  3.3	  0.2	4.399	0.000	0.000
13	  K	  0.4	  0.4	1.601	0.000	0.000
14	  A	  0.1	  1.9	0.381	0.000	0.000
15	  G	  0.1	  1.9	0.203	0.000	0.000
16	  G	  0.0	  1.7	0.000	0.000	0.000
17	  K	  0.8	  1.5	0.000	0.000	0.000
18	  V	  4.0	  0.2	0.000	0.000	0.000
19	  L	  4.0	  1.5	0.000	0.000	0.000
20	  N	  3.2	  1.6	3.156	0.000	0.000
21	  G	  0.1	  1.6	3.525	0.000	0.000
22	  L	  0.2	  1.5	3.525	0.000	0.000
23	  T	  1.0	  0.1	5.477	0.000	0.000
24	  R	  1.3	  0.1	5.585	0.000	0.000
25	  R	  1.3	  0.1	5.585	0.000	0.000
26	  R	  0.5	  0.1	4.162	0.000	0.000
27	  E	  0.2	  0.1	3.979	0.000	0.000
28	  A	  0.1	  0.1	3.813	0.000	0.000
29	  E	  0.2	  0.1	3.708	0.000	0.000
30	  R	  0.3	  0.1	3.502	0.000	0.000
31	  A	  0.4	  0.1	2.749	0.000	0.000
32	  L	  1.0	  0.0	2.235	0.000	0.000
33	  F	  1.6	  0.0	1.342	0.000	0.000
34	  L	  1.4	  0.0	0.114	0.000	0.000
35	  S	  0.7	  0.0	0.000	0.000	0.000
