res	aa	Beta	Turn	Helix	Aggregation	Conc-Stab_Aggregation
01	  M	  5.1	  0.0	0.000	0.000	0.000
02	  R	  7.2	  0.0	0.000	0.000	0.000
03	  I	  7.4	  0.0	0.000	0.000	0.000
04	  S	  2.5	  0.3	0.000	0.000	0.000
05	  E	  0.2	  0.9	0.000	0.000	0.000
06	  K	  0.0	  0.9	0.000	0.000	0.000
07	  G	  0.1	  0.9	0.000	3.160	3.160
08	  V	  4.6	  0.6	0.000	3.466	3.466
09	  S	  4.9	  0.0	0.222	3.466	3.466
10	  L	  5.2	  0.0	0.222	3.466	3.466
11	  I	  1.4	  0.1	0.222	3.466	3.466
12	  K	  1.2	  0.1	0.222	0.306	0.306
13	  E	  1.6	  0.1	0.222	0.306	0.306
14	  F	  1.3	  0.9	0.222	0.306	0.306
15	  E	  1.1	  1.5	0.000	0.000	0.000
16	  G	  0.4	  1.5	0.000	0.000	0.000
17	  C	  1.4	  1.6	0.123	0.000	0.000
18	  S	  3.0	  0.8	0.123	0.000	0.000
19	  L	  3.7	  0.1	0.123	0.000	0.000
20	  T	  3.6	  0.1	0.123	0.000	0.000
21	  A	  2.1	  0.0	0.123	0.000	0.000
22	  Y	  1.3	  0.0	0.123	0.000	0.000
23	  P	  0.0	  0.0	0.000	0.000	0.000
24	  D	  0.0	  0.0	0.000	0.000	0.000
25	  P	  0.0	  0.0	0.000	0.000	0.000
