res	aa	Beta	Turn	Helix	Aggregation	Conc-Stab_Aggregation
01	  M	  0.2	  0.1	0.000	0.000	0.000
02	  K	  0.9	  0.1	0.000	0.000	0.000
03	  T	  3.3	  0.1	0.201	0.000	0.000
04	  I	  8.7	  0.1	0.201	0.000	0.000
05	  I	  8.7	  0.0	0.201	0.000	0.000
06	  L	  7.1	  0.0	0.201	0.000	0.000
07	  K	  2.2	  0.0	0.201	0.000	0.000
08	  F	  2.7	  0.0	0.201	0.000	0.000
09	  S	  1.9	  0.2	0.000	0.000	0.000
10	  G	  1.3	  0.3	0.000	0.000	0.000
11	  P	  0.0	  0.3	0.000	0.000	0.000
12	  L	  0.2	  0.5	0.000	0.000	0.000
13	  Q	  1.0	  0.3	0.000	0.000	0.000
14	  S	  1.5	  0.3	0.000	0.000	0.000
15	  W	  1.4	  0.4	0.000	0.135	0.135
16	  G	  0.7	  0.5	0.000	0.135	0.135
17	  I	  0.3	  3.4	0.000	0.297	0.297
18	  G	  0.1	  3.2	0.000	0.297	0.297
19	  S	  1.2	  3.1	0.000	0.297	0.297
20	  Y	  3.3	  2.9	0.000	0.297	0.297
21	  F	  4.4	  0.1	0.000	0.297	0.297
22	  E	  3.4	  0.2	0.000	0.000	0.000
23	  S	  1.4	  1.2	2.162	0.000	0.000
24	  R	  0.4	  1.3	2.162	0.000	0.000
25	  D	  0.4	  1.2	2.162	0.000	0.000
26	  T	  0.9	  1.1	2.162	0.000	0.000
27	  A	  1.1	  0.1	2.162	0.000	0.000
28	  R	  1.2	  0.0	2.162	0.000	0.000
29	  Y	  0.4	  0.3	1.322	0.000	0.000
30	  P	  0.1	  0.3	0.000	0.000	0.000
31	  T	  0.0	  0.3	0.000	0.000	0.000
32	  K	  0.0	  0.3	0.000	0.000	0.000
