res	aa	Beta	Turn	Helix	Aggregation	Conc-Stab_Aggregation
01	  M	  2.5	  0.1	0.000	0.000	0.000
02	  S	  3.2	  0.1	1.125	0.000	0.000
03	  Y	  3.5	  0.2	1.125	0.000	0.000
04	  G	  1.1	  0.2	1.242	0.000	0.000
05	  I	  5.5	  0.1	1.242	0.000	0.000
06	  K	  6.1	  0.1	1.242	0.000	0.000
07	  L	  7.6	  0.0	1.242	0.000	0.000
08	  K	  3.4	  0.0	1.242	0.000	0.000
09	  V	  2.9	  0.0	0.281	0.000	0.000
10	  W	  1.4	  1.3	0.281	0.000	0.000
11	  G	  0.6	  1.3	0.000	0.000	0.000
12	  D	  0.1	  1.3	0.104	0.000	0.000
13	  Y	  1.4	  1.4	0.104	1.312	1.312
14	  A	  1.6	  0.0	0.104	1.312	1.312
15	  C	  2.5	  0.0	0.104	1.312	1.312
16	  F	  7.3	  0.0	0.104	1.312	1.312
17	  T	  7.2	  0.0	0.104	1.312	1.312
18	  R	  6.2	  0.2	0.104	0.000	0.000
19	  P	  0.1	  0.2	0.000	0.000	0.000
20	  E	  1.3	  0.2	0.000	0.000	0.000
21	  M	  3.3	  0.2	0.000	0.000	0.000
22	  K	  9.9	  0.0	0.000	0.000	0.000
23	  V	 10.0	  0.0	0.000	0.000	0.000
24	  E	  8.1	  0.0	0.000	0.000	0.000
25	  R	  2.4	  0.0	0.000	0.000	0.000
26	  V	  4.7	  0.0	0.000	0.000	0.000
27	  S	 11.7	  0.4	0.000	0.000	0.000
28	  Y	 13.9	  0.4	0.000	0.000	0.000
29	  D	 10.6	  0.4	0.000	0.000	0.000
30	  V	  4.9	  0.4	0.000	0.000	0.000
31	  M	  1.5	  0.0	0.000	0.000	0.000
32	  T	  1.4	  0.0	0.000	0.000	0.000
