res	aa	Beta	Turn	Helix	Aggregation	Conc-Stab_Aggregation
01	  Y	  3.3	  0.0	0.000	0.000	0.000
02	  N	  4.2	  0.0	0.000	0.000	0.000
03	  Y	  6.4	  0.0	0.000	0.000	0.000
04	  C	  4.8	  0.1	0.000	0.000	0.000
05	  S	  4.5	  0.2	0.242	0.000	0.000
06	  Q	  3.0	  0.2	0.242	0.000	0.000
07	  R	  2.2	  0.2	0.242	0.000	0.000
08	  Y	  3.2	  0.1	0.242	0.000	0.000
09	  R	  4.1	  0.1	0.242	0.000	0.000
10	  S	 16.1	  0.1	0.242	0.000	0.000
11	  F	 14.7	  0.1	0.104	0.000	0.000
12	  D	 13.2	  0.3	0.000	0.000	0.000
13	  P	  0.2	  0.5	0.000	0.000	0.000
14	  R	  0.1	  0.6	0.000	0.000	0.000
15	  S	  0.1	  0.9	0.000	0.000	0.000
16	  G	  0.2	  0.6	0.000	0.000	0.000
17	  T	 34.5	  0.4	0.000	0.000	0.000
18	  F	 34.7	  0.3	0.000	0.000	0.000
19	  Q	 34.7	  0.1	0.000	0.000	0.000
20	  P	  0.4	  0.3	0.000	0.000	0.000
21	  Y	  0.4	  0.3	0.000	0.000	0.000
22	  N	  0.3	  0.3	0.000	0.000	0.000
23	  G	  0.3	  0.5	0.000	0.000	0.000
24	  P	  0.0	  0.4	0.000	0.000	0.000
25	  R	  0.4	  0.4	0.000	0.000	0.000
26	  R	  0.4	  0.4	0.000	0.000	0.000
27	  L	  0.6	  0.1	0.000	0.000	0.000
28	  C	  0.2	  0.0	0.000	0.000	0.000
29	  R	  0.1	  0.0	0.000	0.000	0.000
