res	aa	Beta	Turn	Helix	Aggregation	Conc-Stab_Aggregation
01	  L	  0.3	  0.0	0.000	0.000	0.000
02	  Q	  1.0	  0.0	0.000	0.000	0.000
03	  A	  1.0	  0.0	0.000	0.000	0.000
04	  Y	  0.7	  0.5	0.000	0.000	0.000
05	  P	  0.0	  0.5	0.000	0.000	0.000
06	  E	  0.0	  0.5	0.000	0.000	0.000
07	  L	  0.5	  0.5	0.000	4.233	4.233
08	  I	  3.1	  0.0	0.000	4.815	4.815
09	  S	  3.3	  0.0	0.000	4.815	4.815
10	  I	  4.6	  0.0	0.000	4.815	4.815
11	  A	  2.2	  0.0	0.000	4.815	4.815
12	  Y	  3.8	  0.0	0.000	3.938	3.938
13	  D	  2.0	  0.1	0.000	0.000	0.000
14	  W	  1.9	  0.2	0.000	0.000	0.000
15	  G	  0.1	  0.4	0.000	0.000	0.000
16	  L	  0.1	  0.7	0.000	0.000	0.000
17	  G	  0.0	  0.6	0.276	0.000	0.000
18	  S	  0.6	  2.4	0.276	0.000	0.000
19	  K	  0.7	  2.2	0.276	0.000	0.000
20	  N	  0.7	  2.5	0.276	0.000	0.000
21	  A	  0.1	  2.7	0.276	0.000	0.000
22	  Q	  0.1	  0.9	0.276	0.000	0.000
23	  G	  0.0	  1.2	0.000	0.000	0.000
24	  F	  0.2	  0.6	0.000	0.000	0.000
25	  G	  0.2	  0.3	0.000	0.000	0.000
26	  M	  0.6	  0.3	0.000	0.000	0.000
27	  I	  1.9	  0.0	0.000	0.000	0.000
28	  K	  2.6	  0.0	0.000	0.000	0.000
29	  T	  6.4	  0.0	0.000	0.000	0.000
30	  I	  6.3	  0.1	0.000	0.000	0.000
31	  E	  5.7	  0.0	0.000	0.000	0.000
32	  R	  1.6	  0.0	0.000	0.000	0.000
33	  R	  0.2	  0.0	0.000	0.000	0.000
