res	aa	Beta	Turn	Helix	Aggregation	Conc-Stab_Aggregation
01	  I	  0.6	  0.0	0.000	0.000	0.000
02	  S	  0.7	  0.1	0.000	0.000	0.000
03	  K	  0.8	  0.1	0.000	0.000	0.000
04	  K	  0.9	  0.1	0.000	0.000	0.000
05	  Y	  1.6	  0.2	0.000	0.000	0.000
06	  S	  1.6	  0.1	0.000	0.000	0.000
07	  T	  1.2	  0.4	0.000	0.000	0.000
08	  A	  0.4	  0.5	0.000	0.000	0.000
09	  N	  0.3	  1.6	0.000	0.000	0.000
10	  S	  0.1	  1.6	0.000	0.000	0.000
11	  N	  0.7	  2.0	0.000	0.000	0.000
12	  Y	  1.0	  2.2	0.000	0.213	0.213
13	  D	  1.1	  0.9	0.000	0.213	0.213
14	  N	  1.0	  0.9	0.114	0.213	0.213
15	  F	  2.5	  0.2	0.114	0.550	0.550
16	  V	  9.4	  0.0	0.114	2.413	2.413
17	  K	 10.2	  0.0	0.114	2.568	2.568
18	  I	 11.0	  0.0	0.114	2.700	2.700
19	  V	  5.4	  0.1	0.114	2.700	2.700
20	  S	  4.1	  0.2	0.114	2.488	2.488
21	  S	  1.6	  0.2	0.000	2.488	2.488
22	  T	  2.3	  0.2	0.000	2.488	2.488
23	  M	  2.4	  0.2	0.000	2.488	2.488
24	  N	  2.3	  0.1	0.138	2.488	2.488
25	  T	  1.1	  0.1	0.288	2.488	2.488
26	  L	  0.9	  0.0	0.288	2.488	2.488
27	  L	  1.4	  0.0	0.288	2.488	2.488
28	  E	  0.8	  0.0	0.288	2.355	2.355
29	  M	  1.1	  0.0	0.288	33.147	33.147
30	  A	  1.5	  0.0	0.150	33.147	33.147
31	  V	  8.5	  0.0	0.000	33.147	33.147
32	  I	 11.0	  0.0	0.000	33.147	33.147
33	  I	 10.0	  0.0	0.000	32.810	32.810
34	  G	  3.1	  0.0	0.000	0.000	0.000
