res	aa	Beta	Turn	Helix	Aggregation	Conc-Stab_Aggregation
01	  R	  0.0	  0.1	0.000	0.000	0.000
02	  G	  0.1	  0.1	0.000	0.000	0.000
03	  C	  6.9	  0.5	0.000	0.000	0.000
04	  C	  7.0	  6.6	0.000	0.000	0.000
05	  N	  6.9	  6.9	0.000	0.000	0.000
06	  G	  0.1	  7.0	0.000	0.000	0.000
07	  R	  0.0	  6.8	0.000	0.000	0.000
08	  G	  0.0	  1.1	0.000	0.000	0.000
09	  G	  0.0	  0.7	0.000	0.000	0.000
10	  C	  0.7	  0.8	0.000	0.000	0.000
11	  S	  1.0	  0.6	0.000	0.000	0.000
12	  S	  1.1	  0.3	0.223	0.000	0.000
13	  R	  0.5	  0.3	0.223	0.000	0.000
14	  W	  1.6	  0.0	0.223	0.000	0.000
15	  C	  1.8	  0.4	0.223	0.000	0.000
16	  R	  1.8	  0.5	0.223	0.000	0.000
17	  D	  0.4	  0.5	0.223	0.000	0.000
18	  H	  0.3	  0.8	0.223	0.000	0.000
19	  A	  0.4	  0.4	0.000	0.000	0.000
20	  R	  0.6	  0.3	0.000	0.000	0.000
21	  C	  0.3	  0.3	0.000	0.000	0.000
22	  C	  0.2	  0.0	0.000	0.000	0.000
