res	aa	Beta	Turn	Helix	Aggregation	Conc-Stab_Aggregation
01	  M	  0.4	  0.0	0.000	0.000	0.000
02	  F	  3.7	  0.0	0.000	0.000	0.000
03	  T	  3.7	  0.0	0.000	0.000	0.000
04	  N	  3.3	  0.1	0.000	0.000	0.000
05	  P	  0.0	  0.1	0.000	0.000	0.000
06	  F	  1.0	  0.1	0.000	0.000	0.000
07	  F	  2.0	  0.1	0.000	0.000	0.000
08	  I	  2.5	  0.1	0.000	0.000	0.000
09	  E	  1.5	  0.1	0.000	0.000	0.000
10	  S	  0.7	  0.1	0.000	0.000	0.000
11	  S	  5.9	  0.3	0.000	0.000	0.000
12	  I	 12.2	  0.2	0.000	0.000	0.000
13	  S	 12.3	  0.2	0.000	0.000	0.000
14	  F	  6.9	  0.2	0.000	0.000	0.000
15	  P	  0.2	  0.0	0.000	0.000	0.000
16	  H	  0.0	  0.0	0.000	0.000	0.000
17	  P	  0.0	  0.0	0.000	0.000	0.000
18	  T	  0.0	  0.5	0.242	0.000	0.000
19	  P	  0.0	  0.6	0.242	0.000	0.000
20	  S	  0.1	  0.6	0.242	0.000	0.000
21	  A	  0.2	  0.6	0.242	0.189	0.189
22	  A	  0.3	  0.0	0.242	0.411	0.411
23	  F	  1.9	  0.0	0.242	0.411	0.411
24	  A	  1.8	  0.0	0.000	0.411	0.411
25	  I	  1.7	  0.0	0.000	0.411	0.411
26	  P	  0.1	  0.0	0.000	0.411	0.411
27	  K	  0.0	  0.0	0.000	0.000	0.000
