res	aa	Beta	Turn	Helix	Aggregation	Conc-Stab_Aggregation
01	  M	  0.5	  0.0	0.000	0.006	0.006
02	  W	  1.1	  0.0	0.000	92.033	92.033
03	  I	  4.2	  0.0	0.000	99.955	99.955
04	  L	  4.9	  0.0	0.000	99.955	99.955
05	  V	  6.3	  0.0	0.000	99.955	99.955
06	  F	  4.7	  0.1	0.000	99.955	99.955
07	  F	  5.7	  0.1	0.000	93.383	93.383
08	  D	  3.8	  0.1	0.000	0.005	0.005
09	  L	  2.3	  0.3	0.000	0.000	0.000
10	  P	  0.0	  0.2	0.000	0.000	0.000
11	  T	  0.1	  0.3	0.507	0.000	0.000
12	  E	  0.5	  0.3	0.507	0.000	0.000
13	  T	  1.8	  0.2	1.445	0.000	0.000
14	  K	  1.8	  0.5	1.445	0.000	0.000
15	  R	  1.4	  0.5	1.445	0.000	0.000
16	  D	  0.1	  0.6	1.895	0.000	0.000
17	  K	  0.1	  0.6	1.731	0.000	0.000
18	  K	  0.2	  0.2	1.541	0.000	0.000
19	  A	  0.5	  0.2	0.819	0.000	0.000
20	  Y	  1.7	  0.1	0.690	0.000	0.000
21	  V	  3.5	  0.1	0.451	0.000	0.000
22	  D	  4.3	  0.1	0.765	0.000	0.000
23	  F	  4.3	  0.1	0.765	0.000	0.000
24	  R	  2.6	  0.1	0.634	0.000	0.000
25	  K	  1.6	  0.2	0.430	0.000	0.000
26	  S	  1.0	  0.2	0.314	0.000	0.000
27	  L	  1.0	  0.3	0.314	0.000	0.000
28	  Q	  0.9	  0.4	0.314	0.000	0.000
29	  N	  0.3	  0.6	0.122	0.000	0.000
30	  D	  0.1	  0.6	0.000	0.000	0.000
31	  G	  0.2	  0.4	0.000	0.000	0.000
32	  F	  5.2	  0.3	0.000	0.000	0.000
33	  T	  7.0	  0.0	0.000	0.000	0.000
34	  M	  6.9	  0.0	0.000	0.000	0.000
35	  F	  1.9	  0.0	0.000	0.000	0.000
