res	aa	Beta	Turn	Helix	Aggregation	Conc-Stab_Aggregation
01	  L	  1.3	  0.0	0.000	0.000	0.000
02	  E	  1.5	  0.0	0.129	0.733	0.733
03	  I	  3.0	  0.0	0.129	0.733	0.733
04	  L	  1.9	  0.0	0.129	0.733	0.733
05	  Y	  3.6	  0.0	0.129	0.733	0.733
06	  K	  2.3	  0.0	0.129	0.733	0.733
07	  I	  2.4	  0.2	0.129	0.733	0.733
08	  G	  0.5	  0.2	0.129	0.373	0.373
09	  I	  0.3	  1.9	0.000	0.373	0.373
10	  G	  0.0	  1.9	0.182	0.000	0.000
11	  N	  0.0	  2.1	0.182	0.000	0.000
12	  R	  0.1	  2.3	0.182	0.000	0.000
13	  T	  0.1	  0.7	0.182	0.000	0.000
14	  G	  0.1	  1.1	0.182	0.000	0.000
15	  Q	  0.1	  0.7	0.182	0.000	0.000
16	  G	  0.0	  0.8	0.000	0.000	0.000
17	  F	  0.2	  0.6	0.000	0.000	0.000
18	  G	  0.2	  0.2	0.000	0.000	0.000
19	  M	  0.4	  0.2	0.000	0.000	0.000
20	  V	 19.1	  0.0	0.000	0.000	0.000
21	  E	 19.5	  0.0	0.000	0.000	0.000
22	  V	 20.2	  0.0	0.000	0.000	0.000
23	  L	  1.5	  0.0	0.000	0.000	0.000
24	  E	  0.9	  0.0	0.000	0.000	0.000
