res	aa	Beta	Turn	Helix	Aggregation	Conc-Stab_Aggregation
01	  L	  0.1	  0.0	0.000	0.000	0.000
02	  Q	  0.7	  0.0	0.000	0.000	0.000
03	  R	  1.8	  0.0	0.000	0.000	0.000
04	  W	  9.2	  0.0	0.000	0.000	0.000
05	  T	 11.9	  0.0	0.000	0.000	0.000
06	  Y	 11.1	  0.2	0.000	0.000	0.000
07	  A	  3.7	  1.7	0.000	0.000	0.000
08	  G	  0.4	  1.8	0.000	0.000	0.000
09	  G	  0.0	  1.8	0.000	0.000	0.000
10	  K	  0.2	  1.6	0.000	0.000	0.000
11	  Q	  1.6	  0.1	0.000	0.000	0.000
12	  W	  1.6	  0.4	0.000	0.000	0.000
13	  K	  1.5	  0.4	0.000	0.000	0.000
14	  G	  0.1	  0.4	0.000	0.000	0.000
15	  L	  0.4	  0.4	0.000	0.000	0.000
16	  I	  1.4	  0.0	0.000	0.000	0.000
17	  S	  1.8	  0.1	7.780	0.000	0.000
18	  R	  1.5	  0.1	7.780	0.000	0.000
19	  R	  0.7	  0.1	7.883	0.000	0.000
20	  E	  1.0	  0.1	7.883	0.000	0.000
21	  I	  2.2	  0.1	7.883	0.000	0.000
22	  E	  2.1	  0.0	7.883	0.000	0.000
23	  R	  1.6	  0.0	6.966	0.000	0.000
24	  E	  1.1	  0.0	4.858	0.000	0.000
25	  V	  1.9	  0.0	1.763	0.000	0.000
26	  C	  2.8	  0.3	1.610	0.000	0.000
27	  E	  2.0	  0.4	0.934	0.000	0.000
28	  W	  1.2	  0.5	0.706	0.000	0.000
29	  G	  0.1	  0.5	0.206	0.000	0.000
30	  Q	  0.1	  0.2	0.000	0.000	0.000
31	  K	  0.0	  0.0	0.000	0.000	0.000
