res	aa	Beta	Turn	Helix	Aggregation	Conc-Stab_Aggregation
01	  A	  0.1	  0.0	0.000	0.000	0.000
02	  C	  0.8	  0.1	0.442	0.000	0.000
03	  D	  0.8	  0.2	0.947	0.000	0.000
04	  Q	  1.5	  0.2	0.947	0.000	0.000
05	  L	  0.8	  0.2	0.947	0.000	0.000
06	  R	  1.5	  0.1	0.947	0.000	0.000
07	  R	  1.9	  0.0	0.947	0.000	0.000
08	  W	  9.1	  0.0	0.759	0.000	0.000
09	  T	 11.7	  0.0	0.097	0.000	0.000
10	  Y	 10.9	  0.2	0.097	0.000	0.000
11	  A	  3.7	  1.7	0.000	0.000	0.000
12	  G	  0.4	  1.8	0.000	0.000	0.000
13	  G	  0.0	  1.8	0.000	0.000	0.000
14	  K	  0.2	  1.6	0.000	0.000	0.000
15	  Q	  1.6	  0.1	0.000	0.000	0.000
16	  W	  1.6	  0.5	0.000	0.000	0.000
17	  K	  1.5	  0.5	0.000	0.000	0.000
18	  G	  0.1	  0.5	0.340	0.000	0.000
19	  L	  0.2	  0.5	0.340	0.000	0.000
20	  M	  0.4	  0.0	0.340	0.000	0.000
21	  T	  1.2	  0.1	2.448	0.000	0.000
22	  R	  1.1	  0.1	2.448	0.000	0.000
23	  R	  1.1	  0.1	2.558	0.000	0.000
24	  E	  1.1	  0.1	2.218	0.000	0.000
25	  I	  2.4	  0.1	2.218	0.000	0.000
26	  E	  2.2	  0.0	2.218	0.000	0.000
27	  R	  1.6	  0.0	1.966	0.000	0.000
28	  E	  0.7	  0.0	1.390	0.000	0.000
29	  I	  2.2	  0.0	0.455	2.702	2.702
30	  C	  2.5	  0.0	0.455	2.702	2.702
31	  L	  2.1	  0.2	0.282	2.702	2.702
32	  W	  0.6	  0.2	0.174	2.702	2.702
33	  G	  0.2	  0.2	0.000	2.702	2.702
34	  Q	  0.1	  0.2	0.000	0.254	0.254
35	  Q	  0.0	  0.0	0.000	0.000	0.000
