res	aa	Beta	Turn	Helix	Aggregation	Conc-Stab_Aggregation
01	  S	  0.0	  0.0	1.072	0.000	0.000
02	  E	  0.1	  0.0	1.072	0.000	0.000
03	  A	  0.3	  0.0	1.072	40.142	40.142
04	  W	  1.2	  0.0	1.072	52.884	52.884
05	  Y	  1.8	  0.0	1.072	52.884	52.884
06	  A	  1.8	  0.0	1.072	52.884	52.884
07	  W	  2.2	  0.0	1.350	52.884	52.884
08	  C	  1.8	  0.4	1.350	48.162	48.162
09	  R	  1.7	  0.4	1.350	0.000	0.000
10	  D	  0.4	  0.4	1.048	0.000	0.000
11	  R	  1.0	  0.4	0.857	0.000	0.000
12	  Y	  2.8	  0.1	0.681	0.000	0.000
13	  R	  4.3	  0.1	0.362	0.000	0.000
14	  S	 10.5	  0.4	0.100	0.000	0.000
15	  F	  9.5	  0.4	0.000	0.000	0.000
16	  D	  8.1	  0.5	0.000	0.000	0.000
17	  A	  0.9	  0.6	0.000	0.000	0.000
18	  R	  0.1	  0.3	0.000	0.000	0.000
19	  T	  0.1	  0.6	0.000	0.000	0.000
20	  G	  0.1	  0.4	0.000	0.000	0.000
21	  T	 19.1	  0.3	0.000	0.000	0.000
22	  Y	 20.2	  0.3	0.000	0.000	0.000
23	  T	 20.1	  0.1	0.000	0.000	0.000
24	  G	  1.5	  0.3	0.122	0.000	0.000
25	  Y	  0.4	  2.9	0.265	0.000	0.000
26	  D	  0.3	  2.8	0.565	0.000	0.000
27	  G	  0.3	  2.8	0.565	0.000	0.000
28	  V	  1.2	  2.6	0.565	0.000	0.000
29	  R	  2.0	  0.1	0.565	0.000	0.000
30	  R	  2.0	  0.0	0.565	0.000	0.000
31	  F	  3.3	  0.0	0.565	0.000	0.000
32	  C	  8.2	  0.0	0.000	0.000	0.000
33	  V	  8.6	  0.0	0.000	0.000	0.000
34	  A	  6.3	  0.0	0.000	0.000	0.000
35	  G	  0.6	  0.0	0.000	0.000	0.000
