res	aa	Beta	Turn	Helix	Aggregation	Conc-Stab_Aggregation
01	  M	  0.1	  0.0	0.000	0.000	0.000
02	  M	  0.2	  0.1	0.000	0.000	0.000
03	  E	  0.3	  0.1	0.000	0.000	0.000
04	  K	  1.1	  0.2	0.000	0.000	0.000
05	  M	  1.1	  0.3	0.000	0.000	0.000
06	  N	  1.0	  0.8	0.000	0.000	0.000
07	  N	  0.2	  0.8	0.000	0.000	0.000
08	  N	  0.1	  0.8	0.000	0.000	0.000
09	  R	  0.3	  0.7	0.000	0.000	0.000
10	  Y	  2.0	  0.3	0.000	0.173	0.173
11	  C	  2.5	  0.3	0.000	0.173	0.173
12	  N	  2.9	  0.2	0.234	0.173	0.173
13	  L	  1.4	  0.2	0.234	0.173	0.173
14	  Y	  4.2	  0.0	0.234	0.173	0.173
15	  D	  5.9	  0.0	1.757	0.000	0.000
16	  V	  8.9	  0.0	1.757	0.000	0.000
17	  E	  5.7	  0.0	1.757	0.000	0.000
18	  Y	  4.0	  0.0	1.757	0.000	0.000
19	  L	  1.1	  0.0	1.757	0.000	0.000
20	  L	  1.2	  0.1	1.757	0.000	0.000
21	  S	  1.1	  5.9	1.716	0.000	0.000
22	  K	  0.7	  6.2	1.060	0.000	0.000
23	  D	  0.5	  6.4	0.217	0.000	0.000
24	  G	  0.0	  6.9	0.466	0.000	0.000
25	  A	  0.1	  1.0	0.466	0.000	0.000
26	  N	  0.8	  0.7	0.466	0.000	0.000
27	  Y	  2.1	  0.5	0.357	0.000	0.000
28	  K	  2.3	  0.0	0.357	0.000	0.000
29	  F	  3.5	  0.0	0.357	0.000	0.000
30	  F	  3.5	  0.1	0.127	0.000	0.000
31	  N	  3.7	  0.2	0.127	0.000	0.000
32	  S	  2.8	  0.2	0.000	0.000	0.000
33	  C	  1.5	  0.1	0.000	0.000	0.000
34	  A	  0.9	  0.1	0.000	0.000	0.000
