res	aa	Beta	Turn	Helix	Aggregation	Conc-Stab_Aggregation
01	  M	  0.2	  0.2	0.000	0.000	0.000
02	  K	  0.7	  0.2	0.000	0.818	0.818
03	  T	  2.7	  0.2	0.000	19.921	19.921
04	  Y	  3.9	  0.2	0.000	72.609	72.609
05	  I	  6.9	  0.0	0.000	72.609	72.609
06	  V	 12.7	  0.0	0.000	72.609	72.609
07	  T	 17.8	  0.0	0.000	72.609	72.609
08	  Y	 17.0	  0.0	0.000	68.628	68.628
09	  D	  9.8	  0.3	0.000	0.818	0.818
10	  I	  3.4	  0.3	0.000	0.818	0.818
11	  S	  0.6	  0.3	0.000	0.091	0.091
12	  D	  0.1	  0.8	3.811	0.000	0.000
13	  P	  0.0	  0.6	3.933	0.000	0.000
14	  K	  0.1	  0.6	3.933	0.000	0.000
15	  R	  0.7	  0.6	3.933	0.000	0.000
16	  L	  0.9	  0.1	3.933	0.000	0.000
17	  R	  1.3	  0.0	3.933	0.000	0.000
18	  K	  1.6	  0.0	2.871	0.000	0.000
19	  V	  5.2	  0.0	1.536	2.085	2.085
20	  F	  8.3	  0.0	1.536	2.085	2.085
21	  Q	  8.3	  0.0	1.122	2.085	2.085
22	  I	  6.6	  0.0	0.954	2.085	2.085
23	  L	  3.1	  0.3	0.954	2.085	2.085
24	  R	  2.3	  0.3	0.954	0.000	0.000
25	  G	  0.3	  0.4	0.810	0.000	0.000
26	  Y	  0.2	  4.5	0.116	0.000	0.000
27	  G	  0.1	  4.3	0.000	0.000	0.000
28	  D	  0.1	  4.3	0.000	0.000	0.000
29	  H	  0.0	  4.1	0.000	0.000	0.000
30	  L	  0.0	  0.1	0.000	0.000	0.000
