res	aa	Beta	Turn	Helix	Aggregation	Conc-Stab_Aggregation
01	  M	  0.7	  0.0	0.000	0.000	0.000
02	  V	  2.9	  0.0	0.000	0.000	0.000
03	  K	  3.1	  0.0	0.000	0.000	0.000
04	  A	  2.5	  0.1	0.000	0.000	0.000
05	  K	  0.5	  0.1	0.000	0.000	0.000
06	  K	  0.5	  0.0	0.000	1.726	1.726
07	  I	  1.8	  0.0	0.000	80.619	80.619
08	  F	  4.0	  0.0	0.000	96.088	96.088
09	  C	  5.7	  0.0	0.000	96.256	96.256
10	  V	  8.4	  0.0	0.000	96.256	96.256
11	  V	  7.7	  0.0	0.000	96.256	96.256
12	  A	  5.8	  0.0	0.000	92.867	92.867
13	  Y	  4.9	  0.0	0.000	73.935	73.935
14	  D	  3.5	  0.0	0.000	1.726	1.726
15	  I	  3.4	  0.1	0.000	1.700	1.700
16	  Q	  0.4	  0.3	0.000	0.028	0.028
17	  D	  0.1	  0.4	0.836	0.000	0.000
18	  D	  0.0	  1.5	1.899	0.000	0.000
19	  R	  0.3	  1.5	1.899	0.000	0.000
20	  S	  0.6	  1.3	1.899	0.000	0.000
21	  R	  2.0	  1.2	1.899	0.000	0.000
22	  I	  2.8	  0.0	1.899	0.000	0.000
23	  Q	  3.3	  0.0	2.027	0.000	0.000
24	  I	  2.5	  0.0	1.208	0.000	0.000
25	  S	  1.8	  0.0	1.547	0.000	0.000
26	  K	  1.5	  0.0	1.086	0.000	0.000
27	  I	  1.6	  0.0	0.767	0.000	0.000
28	  L	  1.3	  0.1	0.767	0.000	0.000
29	  E	  1.0	  0.1	0.767	0.000	0.000
30	  K	  0.5	  0.1	0.767	0.000	0.000
31	  Y	  0.4	  0.6	0.000	0.000	0.000
32	  G	  0.3	  0.4	0.000	0.000	0.000
33	  T	  0.1	  0.4	0.000	0.000	0.000
34	  R	  0.0	  0.4	0.000	0.000	0.000
