res	aa	Beta	Turn	Helix	Aggregation	Conc-Stab_Aggregation
01	  M	  0.2	  0.2	0.000	0.000	0.000
02	  S	  0.7	  0.2	1.199	0.848	0.848
03	  Q	  1.7	  0.2	1.199	3.654	3.654
04	  Y	  2.2	  0.2	1.199	36.567	36.567
05	  L	  2.2	  0.0	1.199	43.837	43.837
06	  I	  2.5	  0.0	1.199	43.837	43.837
07	  F	  5.0	  0.0	1.199	43.837	43.837
08	  Q	  5.0	  0.0	1.083	40.961	40.961
09	  L	  3.9	  0.0	0.912	36.040	36.040
10	  H	  0.7	  0.2	0.753	0.187	0.187
11	  G	  0.1	  0.3	0.320	0.000	0.000
12	  P	  0.0	  0.3	0.000	0.000	0.000
13	  M	  0.2	  0.7	0.000	0.000	0.000
14	  A	  0.7	  0.6	0.000	0.000	0.000
15	  S	  1.2	  0.7	0.000	0.000	0.000
16	  W	  1.1	  0.7	0.000	0.000	0.000
17	  G	  0.7	  0.4	0.000	0.000	0.000
18	  V	  1.1	  0.2	0.000	0.000	0.000
19	  D	  1.0	  0.0	0.000	0.000	0.000
20	  A	  0.9	  0.0	0.000	0.000	0.000
