res	aa	Beta	Turn	Helix	Aggregation	Conc-Stab_Aggregation
01	  M	  0.2	  0.0	0.000	0.000	0.000
02	  S	  0.5	  0.0	0.188	0.000	0.000
03	  Q	  2.3	  0.0	0.188	0.000	0.000
04	  I	  5.4	  0.1	0.188	0.000	0.000
05	  T	  7.1	  0.0	0.188	0.000	0.000
06	  T	  5.7	  0.1	0.188	0.000	0.000
07	  K	  2.9	  0.1	0.188	0.000	0.000
08	  H	  6.4	  0.1	0.000	0.000	0.000
09	  I	 21.7	  0.0	0.000	18.923	18.923
10	  T	 24.1	  0.0	1.370	18.923	18.923
11	  V	 20.2	  0.0	1.443	18.923	18.923
12	  L	  4.5	  0.0	1.443	18.923	18.923
13	  F	  2.7	  0.0	1.443	18.923	18.923
14	  R	  2.2	  0.0	1.443	0.000	0.000
15	  R	  2.5	  0.0	1.443	0.000	0.000
16	  W	  1.5	  0.0	1.202	60.607	60.607
17	  M	  1.1	  0.0	1.202	67.857	67.857
18	  A	  1.3	  0.0	1.008	81.655	81.655
19	  I	  2.7	  0.0	0.834	97.893	97.893
20	  I	  5.2	  0.0	0.834	99.301	99.301
21	  C	 12.5	  0.0	1.478	99.414	99.414
22	  C	 11.7	  0.0	1.632	99.721	99.721
23	  L	 10.0	  0.0	1.271	99.757	99.757
24	  I	  3.7	  0.0	1.130	99.726	99.726
25	  I	  7.3	  0.0	1.130	99.539	99.539
26	  K	  7.3	  0.0	1.130	97.380	97.380
27	  I	  7.4	  0.0	0.997	97.459	97.459
28	  A	  3.2	  0.0	0.997	97.455	97.455
29	  Y	  2.5	  0.0	0.725	97.452	97.452
30	  L	  1.1	  0.0	0.000	97.438	97.438
31	  A	  0.8	  0.0	0.000	97.135	97.135
32	  Y	  0.2	  0.0	0.000	96.414	96.414
