res	aa	Beta	Turn	Helix	Aggregation	Conc-Stab_Aggregation
01	  P	  0.0	  0.0	0.000	0.000	0.000
02	  V	  0.6	  0.2	0.000	0.000	0.000
03	  A	  0.7	  0.3	0.000	0.000	0.000
04	  D	  0.8	  0.4	0.633	0.000	0.000
05	  S	  0.6	  0.5	0.789	0.000	0.000
06	  R	  0.7	  0.3	0.789	0.000	0.000
07	  R	  0.7	  0.3	0.789	0.000	0.000
08	  A	  0.2	  0.2	0.789	0.000	0.000
09	  E	  0.1	  0.1	0.789	0.000	0.000
10	  S	  0.9	  0.1	0.399	0.172	0.172
11	  V	  5.3	  0.1	0.000	0.633	0.633
12	  F	  8.3	  0.0	0.000	0.633	0.633
13	  S	  7.6	  0.0	0.000	0.633	0.633
14	  L	  3.2	  0.0	0.000	0.633	0.633
15	  A	  0.2	  0.0	0.000	0.461	0.461
16	  E	  0.0	  0.0	0.000	0.000	0.000
17	  A	  0.0	  0.0	0.000	0.000	0.000
