res	aa	Beta	Turn	Helix	Aggregation	Conc-Stab_Aggregation
01	  C	  2.0	  0.0	0.000	0.000	0.000
02	  A	  2.1	  0.0	0.000	0.000	0.000
03	  Q	  2.1	  0.2	0.000	0.000	0.000
04	  P	  0.0	  0.2	0.000	0.000	0.000
05	  H	  0.0	  0.2	0.000	0.000	0.000
06	  N	  0.0	  2.1	0.000	0.000	0.000
07	  P	  0.0	  2.0	0.000	0.000	0.000
08	  S	  0.3	  2.0	0.465	0.250	0.250
09	  L	  0.6	  2.0	0.465	2.399	2.399
10	  Y	  2.5	  0.2	0.465	2.745	2.745
11	  T	  2.5	  0.1	0.465	2.745	2.745
12	  N	  4.2	  0.1	0.465	2.745	2.745
13	  I	  3.1	  0.1	0.465	2.745	2.745
14	  F	  6.8	  0.0	0.465	2.591	2.591
15	  E	  7.1	  0.0	0.240	0.000	0.000
16	  Y	  7.9	  0.0	0.000	0.000	0.000
17	  T	  4.4	  0.0	0.000	0.000	0.000
18	  D	  2.1	  0.0	0.000	0.000	0.000
19	  W	  0.8	  0.0	0.000	0.528	0.528
20	  I	  0.6	  0.1	0.000	0.528	0.528
21	  Q	  0.5	  0.1	0.000	0.528	0.528
22	  N	  2.9	  0.1	0.138	0.528	0.528
23	  I	  5.9	  0.1	0.138	0.794	0.794
24	  I	  6.8	  0.0	0.138	0.794	0.794
25	  A	  4.2	  0.9	0.138	0.507	0.507
26	  G	  1.2	  1.0	0.138	0.266	0.266
27	  N	  0.0	  1.0	0.761	0.266	0.266
28	  L	  0.1	  1.0	0.623	0.266	0.266
29	  A	  0.2	  0.2	0.623	0.122	0.122
30	  A	  0.6	  0.2	0.623	0.000	0.000
31	  T	  0.5	  0.2	0.623	0.000	0.000
32	  C	  0.5	  0.2	0.623	0.000	0.000
33	  P	  0.0	  0.0	0.000	0.000	0.000
34	  P	  0.0	  0.0	0.000	0.000	0.000
