res	aa	Beta	Turn	Helix	Aggregation	Conc-Stab_Aggregation
01	  M	  0.1	  0.2	0.000	0.000	0.000
02	  S	  0.1	  0.2	0.000	0.000	0.000
03	  D	  1.0	  0.9	0.000	0.000	0.000
04	  I	  1.9	  0.9	0.000	0.000	0.000
05	  N	  2.0	  0.9	0.000	0.000	0.000
06	  A	  1.2	  0.9	0.000	0.000	0.000
07	  T	  1.1	  0.2	0.000	0.000	0.000
08	  R	  1.1	  0.2	0.000	0.000	0.000
09	  L	  0.9	  0.0	0.000	0.000	0.000
10	  P	  0.1	  0.0	0.000	0.172	0.172
11	  I	  2.0	  0.0	0.000	35.206	35.206
12	  I	  2.2	  0.1	0.000	35.313	35.313
13	  G	  2.2	  0.1	0.000	35.313	35.313
14	  I	  6.3	  0.1	0.000	35.313	35.313
15	  L	  6.0	  0.1	0.000	35.313	35.313
16	  L	  6.0	  0.0	0.000	1.342	1.342
17	  P	  0.0	  0.1	0.000	0.000	0.000
18	  P	  0.0	  0.1	0.000	0.000	0.000
19	  C	  0.6	  0.3	0.000	0.000	0.000
20	  I	  0.6	  2.4	0.000	0.000	0.000
21	  G	  0.6	  2.5	0.000	0.000	0.000
22	  D	  0.0	  2.5	1.814	0.000	0.000
23	  D	  1.0	  2.3	2.381	0.000	0.000
24	  V	  7.9	  0.2	2.381	55.225	55.225
25	  T	  8.5	  0.0	2.487	59.280	59.280
26	  L	  8.3	  0.0	2.487	59.280	59.280
27	  L	  1.8	  0.0	2.487	59.280	59.280
28	  L	  1.1	  0.0	2.206	59.280	59.280
29	  T	  0.4	  0.2	1.772	24.840	24.840
30	  R	  0.3	  0.2	1.772	0.000	0.000
31	  G	  0.1	  0.2	0.587	0.000	0.000
32	  E	  0.0	  0.2	0.000	0.000	0.000
