res	aa	Beta	Turn	Helix	Aggregation	Conc-Stab_Aggregation
01	  M	  0.1	  0.2	0.000	0.000	0.000
02	  S	  0.1	  0.2	0.000	0.000	0.000
03	  D	  1.0	  0.9	0.000	0.000	0.000
04	  I	  1.9	  0.9	0.000	0.000	0.000
05	  N	  2.0	  0.9	0.000	0.000	0.000
06	  A	  1.2	  0.9	0.000	0.000	0.000
07	  T	  1.1	  0.2	0.000	0.000	0.000
08	  R	  1.1	  0.2	0.000	0.000	0.000
09	  L	  0.9	  0.0	0.000	0.000	0.000
10	  P	  0.1	  0.0	0.000	0.000	0.000
11	  I	  0.7	  0.0	0.000	0.318	0.318
12	  W	  0.9	  0.1	0.000	0.318	0.318
13	  G	  0.9	  0.4	0.000	0.318	0.318
14	  I	  0.4	  1.1	0.000	0.318	0.318
15	  G	  0.3	  1.1	0.000	0.318	0.318
16	  C	  0.3	  1.0	0.000	0.194	0.194
17	  D	  0.2	  0.9	0.000	0.000	0.000
18	  P	  0.1	  0.1	0.000	0.000	0.000
19	  C	  0.6	  0.4	0.000	0.000	0.000
20	  I	  0.6	  2.4	0.000	0.000	0.000
21	  G	  0.6	  2.4	0.000	0.000	0.000
22	  D	  0.0	  2.4	1.306	0.000	0.000
23	  D	  1.0	  2.2	1.656	0.000	0.000
24	  V	 10.1	  0.2	1.656	69.469	69.469
25	  T	 12.4	  0.0	1.656	74.567	74.567
26	  I	 14.0	  0.0	1.656	74.567	74.567
27	  L	  5.3	  0.0	1.656	74.567	74.567
28	  L	  2.9	  0.0	1.488	74.567	74.567
29	  T	  0.4	  0.2	1.347	31.245	31.245
30	  R	  0.2	  0.2	1.347	0.000	0.000
31	  G	  0.1	  0.2	0.474	0.000	0.000
32	  E	  0.0	  0.2	0.000	0.000	0.000
