res	aa	Beta	Turn	Helix	Aggregation	Conc-Stab_Aggregation
01	  M	  0.1	  0.2	0.000	0.000	0.000
02	  S	  0.1	  0.2	0.203	0.000	0.000
03	  D	  0.9	  0.9	0.403	0.000	0.000
04	  I	  1.9	  0.9	0.403	0.000	0.000
05	  N	  2.0	  0.7	0.403	0.000	0.000
06	  A	  1.5	  0.7	0.403	0.000	0.000
07	  I	  3.5	  0.0	0.403	0.000	0.000
08	  R	  3.4	  0.0	0.403	0.000	0.000
09	  A	  3.0	  0.0	0.111	0.000	0.000
10	  P	  0.0	  0.0	0.251	0.380	0.380
11	  I	  3.1	  0.0	0.389	73.510	73.510
12	  L	  4.1	  0.0	0.593	79.369	79.369
13	  M	  4.3	  0.0	0.593	79.441	79.441
14	  L	  1.7	  0.0	0.593	79.472	79.472
15	  A	  1.7	  0.0	0.593	79.439	79.439
16	  I	  1.8	  0.0	0.593	73.967	73.967
17	  L	  1.4	  0.0	0.593	5.308	5.308
18	  P	  0.3	  0.0	0.000	2.841	2.841
19	  C	  0.4	  0.2	0.000	0.000	0.000
20	  V	  0.4	  1.8	0.000	0.000	0.000
21	  G	  0.4	  2.0	0.000	0.000	0.000
22	  D	  0.1	  2.0	0.000	0.000	0.000
23	  D	  1.6	  1.8	0.000	0.000	0.000
24	  I	  9.5	  0.2	0.000	0.000	0.000
25	  E	  9.9	  0.0	0.000	0.000	0.000
26	  V	  9.6	  0.0	0.000	0.000	0.000
27	  L	  1.7	  0.0	0.000	0.000	0.000
28	  R	  1.2	  0.0	0.000	0.000	0.000
