res	aa	Beta	Turn	Helix	Aggregation	Conc-Stab_Aggregation
01	  M	  0.1	  0.2	0.000	0.000	0.000
02	  S	  0.1	  0.2	0.000	0.000	0.000
03	  D	  1.0	  0.7	0.657	0.000	0.000
04	  I	  2.9	  0.7	0.657	0.000	0.000
05	  N	  3.0	  0.5	0.657	0.000	0.000
06	  T	  2.9	  0.5	0.657	0.000	0.000
07	  A	  1.3	  0.0	0.657	0.000	0.000
08	  R	  1.3	  0.0	0.657	0.000	0.000
09	  L	  0.5	  0.2	0.132	0.000	0.000
10	  P	  0.1	  0.2	0.000	0.000	0.000
11	  F	  2.1	  0.2	0.000	0.000	0.000
12	  Y	 10.8	  0.2	0.000	0.000	0.000
13	  Q	 10.9	  0.0	0.000	0.000	0.000
14	  F	  9.0	  1.1	0.000	0.000	0.000
15	  P	  0.2	  1.1	0.000	0.000	0.000
16	  D	  0.4	  1.1	0.000	0.000	0.000
17	  F	  2.6	  1.1	0.000	0.000	0.000
18	  K	  2.6	  0.0	0.000	0.000	0.000
19	  Y	  2.3	  0.2	0.000	0.000	0.000
20	  P	  0.1	  0.2	0.000	0.000	0.000
21	  C	  0.4	  0.5	0.000	0.000	0.000
22	  V	  0.4	  2.1	0.000	0.000	0.000
23	  G	  0.4	  2.1	0.000	0.000	0.000
24	  D	  0.1	  2.1	0.935	0.000	0.000
25	  D	  1.6	  1.8	2.514	0.000	0.000
26	  I	  4.2	  0.2	2.514	0.000	0.000
27	  E	  4.3	  0.0	2.743	0.000	0.000
28	  M	  5.1	  0.0	2.743	0.000	0.000
29	  V	  3.4	  0.0	2.743	0.000	0.000
30	  L	  3.3	  0.2	2.743	0.000	0.000
31	  A	  1.1	  0.4	2.743	0.000	0.000
32	  R	  0.1	  0.4	2.313	0.000	0.000
33	  G	  0.1	  0.4	0.431	0.000	0.000
34	  E	  0.0	  0.2	0.000	0.000	0.000
