res	aa	Beta	Turn	Helix	Aggregation	Conc-Stab_Aggregation
01	  M	  0.1	  0.2	0.000	0.000	0.000
02	  S	  0.1	  0.2	0.000	0.000	0.000
03	  D	  1.0	  0.7	0.659	0.000	0.000
04	  I	  2.9	  0.7	0.659	0.000	0.000
05	  N	  3.0	  0.5	0.659	0.000	0.000
06	  T	  2.9	  0.5	0.659	0.000	0.000
07	  A	  1.3	  0.0	0.659	0.000	0.000
08	  R	  1.3	  0.0	0.659	0.000	0.000
09	  L	  0.5	  0.0	0.133	0.000	0.000
10	  P	  0.1	  0.0	0.000	0.000	0.000
11	  C	  0.7	  0.3	0.000	1.810	1.810
12	  I	  0.8	  0.3	0.000	2.251	2.251
13	  G	  0.8	  0.3	0.000	2.251	2.251
14	  F	  0.5	  0.4	0.000	2.251	2.251
15	  L	  0.6	  0.2	0.000	2.251	2.251
16	  G	  0.6	  0.2	0.000	0.592	0.592
17	  I	  0.3	  0.3	0.000	0.000	0.000
18	  P	  0.0	  0.2	0.000	0.000	0.000
19	  S	  0.3	  0.4	0.000	0.000	0.000
20	  V	  0.4	  2.0	0.000	0.000	0.000
21	  G	  0.4	  2.0	0.000	0.000	0.000
22	  D	  0.1	  2.0	0.987	0.000	0.000
23	  D	  1.5	  1.8	3.071	0.000	0.000
24	  I	  4.2	  0.2	3.174	0.000	0.000
25	  E	  4.2	  0.0	3.308	0.000	0.000
26	  M	  5.0	  0.0	3.308	0.000	0.000
27	  V	  4.1	  0.0	3.308	0.000	0.000
28	  L	  4.7	  0.1	3.308	0.000	0.000
29	  R	  2.6	  0.1	3.206	0.000	0.000
30	  H	  0.9	  0.1	2.405	0.000	0.000
31	  G	  0.2	  0.1	0.102	0.000	0.000
