res	aa	Beta	Turn	Helix	Aggregation	Conc-Stab_Aggregation
01	  M	  0.0	  0.2	0.000	0.000	0.000
02	  S	  0.1	  0.2	0.000	0.000	0.000
03	  D	  0.9	  0.4	0.000	0.000	0.000
04	  I	 10.6	  0.4	0.000	0.000	0.000
05	  N	 12.3	  0.2	0.000	0.000	0.000
06	  V	 13.0	  0.2	0.000	0.000	0.000
07	  T	  4.3	  0.0	0.000	0.000	0.000
08	  R	  2.3	  0.0	0.000	0.000	0.000
09	  L	  0.8	  3.1	0.000	0.000	0.000
10	  P	  0.1	  3.1	0.000	0.000	0.000
11	  G	  0.0	  3.1	0.000	0.000	0.000
12	  F	  0.2	  3.1	0.000	0.000	0.000
13	  V	  0.2	  0.0	0.000	0.000	0.000
14	  P	  0.2	  0.0	0.000	0.000	0.000
15	  I	  2.6	  0.0	0.000	0.000	0.000
16	  L	  2.6	  0.0	0.000	0.000	0.000
17	  F	  2.6	  0.3	0.000	0.000	0.000
18	  P	  0.1	  0.3	0.000	0.000	0.000
19	  C	  0.4	  0.5	0.000	0.000	0.000
20	  V	  0.4	  2.2	0.000	0.000	0.000
21	  G	  0.4	  2.2	0.000	0.000	0.000
22	  D	  0.1	  2.2	0.000	0.000	0.000
23	  D	  0.8	  2.4	0.838	0.000	0.000
24	  V	  2.0	  0.7	0.838	0.000	0.000
25	  N	  2.1	  0.5	0.838	0.000	0.000
26	  T	  1.7	  0.5	0.983	0.000	0.000
27	  A	  0.7	  0.0	0.983	0.000	0.000
28	  L	  0.7	  0.0	0.983	0.000	0.000
29	  T	  0.4	  0.2	0.524	0.000	0.000
30	  R	  0.3	  0.2	0.524	0.000	0.000
31	  G	  0.1	  0.2	0.315	0.000	0.000
32	  E	  0.0	  0.2	0.000	0.000	0.000
