res	aa	Beta	Turn	Helix	Aggregation	Conc-Stab_Aggregation
01	  M	  0.1	  0.2	0.000	0.000	0.000
02	  S	  0.1	  0.2	0.000	0.000	0.000
03	  D	  1.0	  0.9	0.000	0.000	0.000
04	  I	  1.9	  0.9	0.000	0.000	0.000
05	  N	  2.0	  0.9	0.000	0.000	0.000
06	  A	  1.2	  0.9	0.000	0.000	0.000
07	  T	  1.1	  0.2	0.000	0.000	0.000
08	  R	  1.1	  0.2	0.000	0.000	0.000
09	  L	  0.9	  0.0	0.000	0.000	0.000
10	  P	  0.1	  0.0	0.000	0.000	0.000
11	  H	  0.0	  0.0	0.000	0.000	0.000
12	  P	  0.0	  0.0	0.000	0.000	0.000
13	  F	  0.0	  0.5	0.000	0.000	0.000
14	  P	  0.0	  0.5	0.000	0.000	0.000
15	  L	  0.1	  0.5	0.000	0.000	0.000
16	  G	  0.1	  0.5	0.000	0.000	0.000
17	  L	  0.2	  0.0	0.000	0.000	0.000
18	  Q	  0.1	  0.0	0.000	0.000	0.000
19	  P	  0.1	  0.0	0.000	0.000	0.000
20	  C	  0.2	  0.8	0.000	0.000	0.000
21	  A	  0.2	  1.1	0.000	0.000	0.000
22	  G	  0.2	  1.1	0.000	0.000	0.000
23	  D	  0.7	  1.9	0.000	0.000	0.000
24	  V	  1.0	  1.2	0.000	0.000	0.000
25	  D	  1.0	  0.9	0.447	0.000	0.000
26	  N	  0.7	  0.9	0.447	0.000	0.000
27	  L	  2.5	  0.1	0.447	0.000	0.000
28	  T	  5.2	  0.0	0.447	0.000	0.000
29	  L	  5.4	  0.0	0.447	0.000	0.000
30	  T	  3.3	  0.5	0.447	0.000	0.000
31	  K	  0.5	  0.7	0.447	0.000	0.000
32	  G	  0.1	  0.7	0.121	0.000	0.000
33	  E	  0.0	  0.6	0.000	0.000	0.000
34	  G	  0.0	  0.2	0.000	0.000	0.000
