res	aa	Beta	Turn	Helix	Aggregation	Conc-Stab_Aggregation
01	  M	  0.1	  0.2	0.000	0.000	0.000
02	  S	  0.1	  0.2	0.000	0.000	0.000
03	  D	  1.0	  0.9	0.000	0.000	0.000
04	  I	  1.9	  0.9	0.000	0.000	0.000
05	  N	  2.0	  0.9	0.000	0.000	0.000
06	  A	  1.2	  0.9	0.000	0.000	0.000
07	  T	  1.1	  0.2	0.000	0.000	0.000
08	  R	  1.1	  0.2	0.000	0.000	0.000
09	  L	  0.9	  0.2	0.163	0.000	0.000
10	  P	  0.1	  0.2	0.882	0.000	0.000
11	  A	  0.2	  0.2	1.053	0.680	0.680
12	  W	  0.6	  0.2	1.053	0.680	0.680
13	  L	  0.6	  0.1	1.053	0.680	0.680
14	  A	  0.8	  0.1	1.053	0.680	0.680
15	  T	  0.8	  0.1	1.053	0.680	0.680
16	  C	  0.8	  0.4	1.053	0.000	0.000
17	  P	  0.4	  0.3	0.000	0.000	0.000
18	  C	  0.2	  1.0	0.000	0.000	0.000
19	  A	  0.2	  2.3	0.000	0.000	0.000
20	  G	  0.2	  2.2	0.000	0.000	0.000
21	  D	  0.0	  2.2	0.000	0.000	0.000
22	  D	  1.4	  1.5	0.000	0.000	0.000
23	  V	  1.6	  0.2	0.000	0.000	0.000
24	  N	  1.6	  0.1	0.141	0.000	0.000
25	  P	  0.2	  0.1	0.141	0.000	0.000
26	  L	  0.2	  0.1	0.141	0.000	0.000
27	  L	  0.4	  0.2	0.141	0.000	0.000
28	  T	  0.4	  0.3	0.141	0.000	0.000
29	  R	  0.3	  0.3	0.141	0.000	0.000
30	  G	  0.1	  0.3	0.000	0.000	0.000
31	  E	  0.0	  0.2	0.000	0.000	0.000
