res	aa	Beta	Turn	Helix	Aggregation	Conc-Stab_Aggregation
01	  M	  0.0	  0.2	0.000	0.000	0.000
02	  S	  0.1	  0.2	0.000	0.000	0.000
03	  D	  0.9	  2.1	0.000	0.000	0.000
04	  I	  1.8	  4.6	0.000	0.000	0.000
05	  N	  1.8	  4.6	0.000	0.000	0.000
06	  G	  1.0	  4.6	0.000	0.000	0.000
07	  T	  0.8	  2.7	0.000	0.000	0.000
08	  R	  0.9	  0.2	0.000	0.000	0.000
09	  L	  0.9	  0.0	0.000	0.000	0.000
10	  P	  0.1	  0.0	0.000	0.000	0.000
11	  I	  0.1	  0.4	0.000	0.000	0.000
12	  P	  0.0	  0.4	0.000	0.000	0.000
13	  G	  0.1	  0.4	0.000	0.000	0.000
14	  L	  0.1	  0.4	0.000	0.000	0.000
15	  I	  0.2	  0.2	0.000	0.000	0.000
16	  P	  0.1	  0.2	0.000	0.000	0.000
17	  L	  0.3	  0.2	0.000	0.000	0.000
18	  G	  0.2	  0.2	0.000	0.000	0.000
19	  I	  0.3	  0.0	0.000	0.000	0.000
20	  P	  0.0	  0.0	0.000	0.000	0.000
21	  C	  1.6	  0.0	0.000	0.000	0.000
22	  V	  1.8	  0.2	0.000	0.000	0.000
23	  S	  1.8	  1.3	0.000	0.000	0.000
24	  D	  0.3	  1.3	0.000	0.000	0.000
25	  D	  1.3	  1.3	0.000	0.000	0.000
26	  V	  1.5	  1.1	0.000	0.000	0.000
27	  N	  1.5	  0.3	0.000	0.000	0.000
28	  P	  0.2	  0.3	0.000	0.000	0.000
29	  T	  2.8	  0.3	0.000	0.000	0.000
30	  L	  3.0	  0.3	0.000	0.000	0.000
31	  T	  3.0	  0.3	0.000	0.000	0.000
32	  R	  0.3	  0.3	0.000	0.000	0.000
33	  G	  0.1	  0.3	0.000	0.000	0.000
34	  E	  0.0	  0.2	0.000	0.000	0.000
35	  R	  0.0	  0.0	0.000	0.000	0.000
