res	aa	Beta	Turn	Helix	Aggregation	Conc-Stab_Aggregation
01	  M	  0.4	  0.0	0.000	0.000	0.000
02	  G	  0.5	  0.0	0.000	3.487	3.487
03	  I	  3.6	  0.0	0.000	18.907	18.907
04	  I	  4.3	  0.0	0.000	21.490	21.490
05	  A	  4.2	  0.0	0.000	21.490	21.490
06	  G	  1.3	  0.0	0.097	21.490	21.490
07	  I	  1.8	  0.0	0.097	21.490	21.490
08	  I	  9.2	  0.0	0.097	19.987	19.987
09	  K	 11.2	  0.0	0.097	0.000	0.000
10	  V	 11.9	  0.0	0.097	0.000	0.000
11	  I	  5.8	  0.1	0.097	0.000	0.000
12	  K	  3.7	  0.1	0.097	0.000	0.000
13	  S	  1.7	  0.1	0.369	0.000	0.000
14	  L	  0.6	  0.1	0.369	0.000	0.000
15	  I	  0.9	  0.1	0.369	0.000	0.000
16	  E	  0.8	  0.1	0.369	0.000	0.000
17	  Q	  3.9	  0.1	0.369	0.000	0.000
18	  F	  4.8	  0.3	0.369	0.000	0.000
19	  T	  4.7	  0.2	0.000	0.000	0.000
20	  G	  1.5	  0.2	0.000	0.000	0.000
21	  K	  0.1	  0.2	0.000	0.000	0.000
