res	aa	Beta	Turn	Helix	Aggregation	Conc-Stab_Aggregation
01	  H	  1.9	  0.0	0.000	0.000	0.000
02	  C	  2.1	  0.0	0.000	0.000	0.000
03	  S	  2.1	  0.3	0.171	0.000	0.000
04	  P	  0.2	  0.3	0.171	0.000	0.000
05	  K	  0.3	  0.4	0.171	0.000	0.000
06	  E	  0.3	  0.4	0.171	0.000	0.000
07	  K	  1.0	  0.1	0.171	0.000	0.000
08	  I	  4.1	  0.0	0.171	0.000	0.000
09	  C	  4.1	  0.0	0.171	0.000	0.000
10	  L	  3.4	  0.0	0.000	0.000	0.000
11	  P	  0.0	  0.5	0.000	0.000	0.000
12	  P	  0.0	  0.7	0.000	0.000	0.000
13	  S	  0.1	  3.0	0.000	0.000	0.000
14	  S	  0.1	  3.0	0.000	0.000	0.000
15	  D	  0.1	  3.2	0.000	0.000	0.000
16	  F	  0.1	  4.1	0.000	0.000	0.000
17	  G	  0.1	  1.9	0.000	0.000	0.000
18	  K	  0.8	  2.2	0.000	0.000	0.000
19	  M	  3.3	  1.5	0.000	0.000	0.000
20	  D	  4.0	  0.4	1.822	0.000	0.000
21	  C	  3.9	  0.4	1.822	0.000	0.000
22	  R	  2.0	  0.0	1.822	0.000	0.000
23	  W	  2.3	  0.0	1.822	0.000	0.000
24	  R	  2.1	  0.0	1.822	0.000	0.000
25	  W	  3.6	  0.0	1.822	0.000	0.000
26	  K	  5.3	  0.0	1.546	0.000	0.000
27	  C	 12.5	  0.0	1.037	0.000	0.000
28	  C	 10.7	  0.3	0.865	0.000	0.000
29	  K	  7.8	  0.7	0.519	0.000	0.000
30	  K	  0.4	  1.3	0.280	0.000	0.000
31	  G	  0.0	  1.7	0.000	0.000	0.000
32	  S	  0.0	  1.4	0.000	0.000	0.000
33	  G	  0.0	  1.0	0.000	0.000	0.000
34	  K	  0.0	  0.5	0.000	0.000	0.000
