res	aa	Beta	Turn	Helix	Aggregation	Conc-Stab_Aggregation
01	  E	  0.0	  0.0	0.000	0.000	0.000
02	  G	  0.0	  0.0	0.000	0.000	0.000
03	  P	  0.0	  0.0	0.000	0.000	0.000
04	  V	  0.2	  0.1	0.000	0.000	0.000
05	  G	  0.2	  0.0	0.000	0.000	0.000
06	  L	  0.3	  0.0	0.000	0.000	0.000
07	  A	  0.1	  0.0	0.000	0.000	0.000
08	  D	  0.0	 30.1	0.000	0.000	0.000
09	  P	  0.0	 30.1	0.000	0.000	0.000
10	  D	  0.0	 30.1	0.000	0.000	0.000
11	  G	  0.0	 30.2	0.000	0.000	0.000
12	  P	  0.0	  0.3	0.000	0.000	0.000
13	  A	  0.3	  0.3	0.000	0.000	0.000
14	  S	  0.3	  0.2	0.000	0.000	0.000
15	  A	  0.3	  0.6	0.000	0.000	0.000
16	  P	  0.1	  0.6	0.000	0.000	0.000
17	  L	  0.1	  0.6	0.000	0.000	0.000
18	  G	  0.1	  0.6	0.000	0.000	0.000
19	  A	  0.1	  0.1	0.000	0.000	0.000
20	  P	  0.0	  0.0	0.000	0.000	0.000
