res	aa	Beta	Turn	Helix	Aggregation	Conc-Stab_Aggregation
01	  G	  0.0	  0.0	0.000	0.000	0.000
02	  C	  0.2	  0.0	0.000	0.000	0.000
03	  M	  0.3	  0.5	0.000	0.000	0.000
04	  P	  0.2	  0.5	0.135	0.000	0.000
05	  E	  0.7	  0.5	0.135	0.000	0.000
06	  Y	  3.4	  0.5	0.135	0.000	0.000
07	  C	  3.5	  1.1	0.404	0.000	0.000
08	  A	  2.9	  1.2	0.404	0.000	0.000
09	  G	  0.2	  1.2	0.513	0.000	0.000
10	  Q	  0.5	  1.2	0.513	0.000	0.000
11	  C	  0.9	  0.6	0.378	0.000	0.000
12	  R	  0.9	  0.6	0.378	0.000	0.000
13	  G	  0.4	  0.5	0.378	0.000	0.000
14	  K	  1.2	  0.5	0.273	0.000	0.000
15	  V	  2.9	  0.0	0.000	0.000	0.000
16	  S	  3.4	  1.6	0.278	0.000	0.000
17	  Q	  2.7	  1.6	0.278	0.000	0.000
18	  D	  1.5	  1.6	1.958	0.000	0.000
19	  Y	  3.1	  1.5	1.958	0.000	0.000
20	  C	  4.7	  0.0	1.958	0.000	0.000
21	  L	  4.4	  0.3	1.958	0.000	0.000
22	  K	  2.5	  0.3	1.958	0.000	0.000
23	  N	  1.6	  0.3	1.958	0.000	0.000
24	  C	  3.2	  0.3	0.515	0.000	0.000
25	  R	  5.3	  0.0	0.110	0.000	0.000
26	  C	  6.7	  0.0	0.000	0.000	0.000
27	  I	  4.9	  0.0	0.000	0.000	0.000
28	  R	  2.7	  0.0	0.000	0.000	0.000
