res	aa	Beta	Turn	Helix	Aggregation	Conc-Stab_Aggregation
01	  D	  0.1	  0.0	0.000	0.000	0.000
02	  N	  2.0	  0.0	0.000	0.000	0.000
03	  W	  2.1	  0.0	0.000	0.000	0.000
04	  W	  2.0	  0.0	0.000	0.000	0.000
05	  P	  0.1	  0.0	0.000	0.000	0.000
06	  K	  0.0	  0.0	0.000	0.000	0.000
07	  P	  0.0	  0.3	0.000	0.000	0.000
08	  P	  0.0	  0.3	0.000	0.000	0.000
09	  H	  0.0	  0.3	0.000	0.000	0.000
10	  Q	  0.0	  0.4	0.000	0.000	0.000
11	  G	  0.0	  0.1	0.000	0.000	0.000
12	  P	  0.0	  0.0	0.000	0.000	0.000
13	  R	  0.0	  0.0	0.000	0.000	0.000
14	  P	  0.0	  0.0	0.000	0.000	0.000
15	  P	  0.0	  0.0	0.000	0.000	0.000
16	  R	  0.0	  0.0	0.000	0.000	0.000
17	  P	  0.0	  0.0	0.000	0.000	0.000
18	  R	  0.0	  0.0	0.000	0.000	0.000
19	  P	  0.0	  0.0	0.000	0.000	0.000
20	  K	  0.0	  0.0	0.000	0.000	0.000
21	  P	  0.0	  0.0	0.000	0.000	0.000
