res	aa	Beta	Turn	Helix	Aggregation	Conc-Stab_Aggregation
01	  I	  3.4	  0.0	0.000	0.000	0.000
02	  K	 11.7	  0.0	0.000	0.000	0.000
03	  F	 11.7	  0.0	0.000	0.000	0.000
04	  E	  8.9	  0.0	0.000	0.000	0.000
05	  P	  0.0	  0.0	0.000	0.000	0.000
06	  P	  0.0	  0.0	0.000	0.000	0.000
07	  L	  0.0	  0.0	0.000	0.000	0.000
08	  P	  0.0	  0.3	0.397	0.000	0.000
09	  P	  0.0	  0.3	0.397	0.000	0.000
10	  K	  0.1	  0.3	0.397	0.000	0.000
11	  K	  0.2	  0.3	0.397	0.000	0.000
12	  A	  0.4	  0.1	0.397	0.000	0.000
13	  H	  0.5	  0.2	0.397	0.000	0.000
14	  K	  0.4	  0.1	0.117	0.000	0.000
15	  K	  0.5	  0.1	0.000	0.000	0.000
16	  F	  1.9	  0.1	0.000	0.000	0.000
17	  W	  2.3	  0.4	0.000	0.000	0.000
18	  E	  2.1	  0.8	0.000	0.000	0.000
19	  D	  0.4	  1.0	0.000	0.000	0.000
20	  D	  0.0	  1.1	0.000	0.000	0.000
21	  G	  0.1	  0.7	0.000	0.000	0.000
22	  I	  1.7	  0.3	0.000	0.000	0.000
23	  Y	  1.7	  0.0	0.000	0.000	0.000
24	  Y	  1.7	  0.0	0.000	0.000	0.000
25	  P	  0.0	  1.1	0.000	0.000	0.000
26	  P	  0.0	  1.1	0.000	0.000	0.000
27	  N	  0.1	  1.4	0.000	0.000	0.000
28	  H	  0.8	  1.4	0.000	0.000	0.000
29	  N	  0.9	  0.3	0.000	0.000	0.000
30	  F	  0.8	  0.3	0.000	0.000	0.000
31	  P	  0.1	  0.0	0.000	0.000	0.000
