res	aa	Beta	Turn	Helix	Aggregation	Conc-Stab_Aggregation
01	  F	  0.6	  0.0	0.000	0.000	0.000
02	  L	  0.7	  0.0	0.000	0.000	0.000
03	  A	  0.7	  0.0	0.000	0.000	0.000
04	  K	  0.3	  0.0	0.000	0.000	0.000
05	  K	  2.2	  0.0	0.000	0.000	0.000
06	  V	  2.9	  0.0	0.000	0.000	0.000
07	  A	  2.8	  0.1	0.000	0.000	0.000
08	  K	  1.5	  0.1	0.000	0.000	0.000
09	  T	  4.7	  0.1	0.139	0.000	0.000
10	  V	  5.3	  0.1	0.269	0.000	0.000
11	  A	  4.6	  0.1	0.419	0.000	0.000
12	  K	  0.9	  0.1	0.531	0.000	0.000
13	  Q	  0.2	  0.1	0.531	0.000	0.000
14	  A	  0.2	  0.1	0.531	0.000	0.000
15	  A	  0.2	  0.2	0.531	0.000	0.000
16	  K	  0.2	  0.4	0.531	0.000	0.000
17	  Q	  0.1	  0.5	0.112	0.000	0.000
18	  G	  0.0	  0.5	0.000	0.000	0.000
19	  A	  0.2	  0.3	0.000	0.000	0.000
20	  K	  0.6	  0.1	0.000	0.000	0.000
21	  Y	  2.8	  0.0	0.000	0.000	0.000
22	  V	  7.2	  0.0	0.000	0.000	0.000
23	  V	  7.1	  0.0	0.000	0.000	0.000
24	  N	  4.9	  0.1	0.000	0.000	0.000
25	  K	  0.5	  0.1	0.000	0.000	0.000
26	  Q	  1.4	  0.1	0.000	0.000	0.000
27	  M	  1.4	  0.1	0.000	0.000	0.000
28	  E	  1.3	  0.0	0.000	0.000	0.000
