res	aa	Beta	Turn	Helix	Aggregation	Conc-Stab_Aggregation
01	  A	  0.1	  0.0	0.000	0.000	0.000
02	  F	  0.1	  0.4	0.000	1.288	1.288
03	  G	  0.2	  0.4	1.789	1.288	1.288
04	  T	  2.6	  0.4	5.187	1.288	1.288
05	  I	  3.3	  0.4	5.811	1.288	1.288
06	  L	  3.5	  0.0	6.363	1.288	1.288
07	  K	  1.1	  0.0	7.010	0.000	0.000
08	  A	  0.4	  0.0	7.383	0.000	0.000
09	  L	  0.2	  0.0	7.521	0.000	0.000
10	  A	  0.4	  0.0	7.602	0.000	0.000
11	  K	  1.6	  0.0	7.179	0.000	0.000
12	  I	  2.3	  0.0	4.890	0.000	0.000
13	  A	  2.1	  0.0	4.890	0.000	0.000
14	  A	  1.1	  0.0	4.597	0.000	0.000
15	  K	  2.1	  0.0	4.036	0.000	0.000
16	  V	  4.7	  0.0	0.104	0.000	0.000
17	  V	  5.0	  0.0	0.104	0.000	0.000
18	  K	  3.3	  0.1	0.104	0.000	0.000
19	  K	  0.9	  0.1	0.000	0.000	0.000
20	  L	  0.4	  0.1	0.000	0.000	0.000
21	  A	  0.9	  0.0	0.000	0.000	0.000
22	  T	  0.8	  0.0	0.000	0.000	0.000
23	  K	  0.7	  1.2	0.000	0.000	0.000
24	  P	  0.2	  1.5	0.000	0.000	0.000
25	  G	  0.0	  1.6	0.112	0.000	0.000
26	  A	  0.8	  1.6	0.112	0.349	0.349
27	  T	  4.3	  0.4	1.328	0.349	0.349
28	  Y	  5.1	  0.2	1.328	0.349	0.349
29	  M	  4.5	  0.0	1.328	0.349	0.349
30	  L	  1.2	  0.1	1.328	0.349	0.349
31	  K	  0.5	  0.2	1.328	0.000	0.000
32	  Q	  0.4	  0.2	1.328	0.000	0.000
33	  N	  0.4	  0.2	0.331	0.000	0.000
34	  L	  0.3	  0.2	0.000	0.000	0.000
35	  Q	  0.2	  0.0	0.000	0.000	0.000
