res	aa	Beta	Turn	Helix	Aggregation	Conc-Stab_Aggregation
01	  I	  0.4	  0.0	0.000	0.000	0.000
02	  N	  0.6	  0.0	0.282	0.000	0.000
03	  K	  1.4	  0.0	0.282	0.000	0.000
04	  Y	  1.5	  0.0	0.282	0.000	0.000
05	  R	  1.5	  0.0	0.282	0.000	0.000
06	  E	  2.8	  0.0	0.282	0.000	0.000
07	  W	  2.6	  0.2	0.282	0.000	0.000
08	  K	  2.5	  0.3	0.282	0.000	0.000
09	  N	  0.4	  0.4	0.112	0.000	0.000
10	  K	  0.2	  0.4	0.000	0.000	0.000
11	  K	  0.1	  0.2	0.000	0.000	0.000
12	  N	  0.1	  0.1	0.000	0.000	0.000
