res	aa	Beta	Turn	Helix	Aggregation	Conc-Stab_Aggregation
01	  D	  0.0	  0.0	0.000	0.000	0.000
02	  D	  0.1	  0.0	0.000	0.000	0.000
03	  C	  0.4	  0.3	0.000	0.168	0.168
04	  L	  0.4	  0.3	0.000	0.168	0.168
05	  G	  0.4	  0.3	0.000	0.168	0.168
06	  M	  0.7	  0.3	0.000	0.168	0.168
07	  F	  1.9	  0.2	0.000	0.168	0.168
08	  S	  2.4	  0.2	0.000	0.000	0.000
09	  S	 12.4	  0.2	0.000	0.000	0.000
10	  C	 11.3	  0.2	0.000	0.000	0.000
11	  D	 10.7	 12.2	0.000	0.000	0.000
12	  P	  0.1	 12.3	0.000	0.000	0.000
13	  D	  0.0	 13.0	0.000	0.000	0.000
14	  N	  0.0	 13.1	0.000	0.000	0.000
15	  D	  0.0	  1.1	0.305	0.000	0.000
16	  K	  2.5	  0.9	0.305	0.000	0.000
17	  C	 14.4	  0.2	0.305	0.000	0.000
18	  C	 14.5	  1.2	0.435	0.000	0.000
19	  E	 12.1	  1.2	0.435	0.000	0.000
20	  G	  0.1	  1.3	0.435	0.000	0.000
21	  R	  0.1	  1.3	0.294	0.000	0.000
22	  K	  0.7	  0.3	0.130	0.000	0.000
23	  C	  0.9	  0.1	0.130	0.000	0.000
24	  N	  0.9	  0.2	0.244	0.000	0.000
25	  R	  0.6	  0.7	0.113	0.000	0.000
26	  K	  0.5	  0.7	0.113	0.000	0.000
27	  D	  0.6	  0.9	0.113	0.000	0.000
28	  K	  0.7	  0.7	0.113	0.000	0.000
29	  W	  1.3	  0.2	0.113	0.718	0.718
30	  C	  1.4	  0.2	0.000	0.718	0.718
31	  K	  1.4	  0.0	0.000	0.718	0.718
32	  Y	  2.4	  0.0	0.000	0.718	0.718
33	  V	  2.1	  0.0	0.000	0.718	0.718
34	  L	  1.6	  0.0	0.000	0.718	0.718
