res	aa	Beta	Turn	Helix	Aggregation	Conc-Stab_Aggregation
01	  L	  0.1	  0.0	0.000	0.000	0.000
02	  N	  0.1	  0.2	0.000	0.000	0.000
03	  P	  0.1	  0.2	0.000	0.000	0.000
04	  F	  2.2	  0.2	0.000	0.000	0.000
05	  R	  2.7	  0.2	0.000	0.000	0.000
06	  W	  3.9	  0.0	0.000	0.000	0.000
07	  V	  7.4	  0.0	0.000	0.000	0.000
08	  I	  7.2	  0.0	0.000	0.000	0.000
09	  N	  6.2	  0.0	1.298	0.000	0.000
10	  K	  1.3	  0.0	1.298	0.000	0.000
11	  Y	  1.4	  0.0	1.298	0.000	0.000
12	  R	  1.4	  0.0	1.298	0.000	0.000
13	  E	  2.7	  0.0	1.298	0.000	0.000
14	  W	  2.5	  0.2	1.298	0.000	0.000
15	  K	  2.5	  0.3	1.163	0.000	0.000
16	  N	  0.4	  0.4	0.703	0.000	0.000
17	  K	  0.1	  0.8	0.341	0.000	0.000
18	  K	  0.1	  0.6	0.108	0.000	0.000
19	  D	  0.1	  0.6	0.000	0.000	0.000
20	  S	  0.1	  0.4	0.000	0.000	0.000
