res	aa	Beta	Turn	Helix	Aggregation	Conc-Stab_Aggregation
01	  F	  0.4	  0.2	0.000	0.000	0.000
02	  L	  0.4	  0.3	0.000	0.000	0.000
03	  G	  0.4	  0.3	0.209	0.000	0.000
04	  K	  0.2	  0.3	0.209	0.000	0.000
05	  K	  1.1	  0.1	0.209	0.000	0.000
06	  V	  2.2	  0.1	0.209	0.000	0.000
07	  L	  2.3	  0.0	0.209	0.000	0.000
08	  K	  1.7	  0.0	0.209	0.000	0.000
09	  A	  0.7	  0.2	0.209	0.000	0.000
10	  V	  0.4	  0.3	0.209	0.000	0.000
11	  G	  0.2	  0.4	1.321	0.000	0.000
12	  K	  0.2	  0.4	1.227	0.000	0.000
13	  Q	  0.2	  0.2	1.227	0.000	0.000
14	  A	  0.2	  0.1	1.227	0.000	0.000
15	  A	  0.2	  0.1	1.227	0.000	0.000
16	  K	  0.2	  0.1	1.227	0.000	0.000
17	  K	  0.2	  0.1	0.574	0.000	0.000
18	  Q	  1.5	  0.1	0.135	0.000	0.000
19	  M	  1.4	  0.0	0.000	0.000	0.000
20	  E	  1.3	  0.0	0.000	0.000	0.000
