res	aa	Beta	Turn	Helix	Aggregation	Conc-Stab_Aggregation
01	  L	  0.1	  0.0	0.000	0.000	0.000
02	  N	  0.1	  0.2	0.147	0.000	0.000
03	  P	  0.1	  0.2	0.147	0.000	0.000
04	  F	  2.3	  0.2	0.147	0.000	0.000
05	  R	  2.7	  0.2	0.147	0.000	0.000
06	  W	  3.2	  0.0	0.147	0.000	0.000
07	  M	  1.6	  0.0	0.147	0.000	0.000
08	  I	  1.5	  0.0	0.147	0.000	0.000
09	  N	  1.2	  0.0	1.603	0.000	0.000
10	  K	  1.3	  0.0	1.603	0.000	0.000
11	  Y	  1.5	  0.0	1.456	0.000	0.000
12	  R	  1.5	  0.0	1.456	0.000	0.000
13	  E	  2.8	  0.0	1.456	0.000	0.000
14	  W	  2.5	  0.2	1.456	0.000	0.000
15	  K	  2.5	  0.3	1.317	0.000	0.000
16	  N	  0.4	  0.4	0.849	0.000	0.000
17	  K	  0.2	  0.4	0.492	0.000	0.000
18	  K	  0.1	  0.2	0.233	0.000	0.000
19	  N	  0.1	  0.1	0.000	0.000	0.000
