res	aa	Beta	Turn	Helix	Aggregation	Conc-Stab_Aggregation
01	  S	  0.7	  0.0	0.000	0.000	0.000
02	  Y	  1.1	  0.2	0.000	0.000	0.000
03	  G	  1.1	  0.2	0.000	0.000	0.000
04	  I	  1.0	  0.4	0.000	0.000	0.000
05	  S	  0.7	  1.1	0.000	0.000	0.000
06	  S	  0.7	  1.8	0.000	0.000	0.000
07	  G	  0.1	  1.8	0.000	0.000	0.000
08	  C	  0.9	  1.8	0.132	0.000	0.000
09	  F	  1.0	  1.2	0.132	0.000	0.000
10	  G	  1.0	  0.2	0.132	0.000	0.000
11	  L	  1.5	  0.3	0.132	0.000	0.000
12	  K	  1.9	  0.3	0.132	0.000	0.000
13	  L	  2.0	  0.3	0.132	0.000	0.000
14	  D	  0.7	  0.3	0.132	0.000	0.000
15	  R	  0.7	  0.2	0.000	0.000	0.000
16	  I	  0.8	  0.5	0.000	0.000	0.000
17	  G	  0.7	  0.4	0.000	0.000	0.000
18	  T	  6.3	  0.6	0.000	0.000	0.000
19	  M	  6.4	  0.7	0.000	0.000	0.000
20	  S	  6.4	  0.5	0.000	0.000	0.000
21	  G	  0.2	  0.7	0.000	0.000	0.000
22	  L	  0.1	  0.5	0.000	0.000	0.000
23	  G	  0.2	  0.4	0.000	0.000	0.000
24	  C	  2.4	  0.3	0.000	0.000	0.000
25	  W	  3.4	  0.1	0.000	0.000	0.000
26	  R	  3.7	  0.1	0.000	0.000	0.000
27	  L	  1.7	  0.1	0.000	0.000	0.000
28	  L	  0.7	  0.2	0.000	0.000	0.000
29	  Q	  0.5	  0.2	0.000	0.000	0.000
30	  D	  0.3	  0.2	0.000	0.000	0.000
31	  S	  0.2	  0.2	0.000	0.000	0.000
32	  P	  0.0	  0.0	0.000	0.000	0.000
