res	aa	Beta	Turn	Helix	Aggregation	Conc-Stab_Aggregation
01	  G	  0.0	  0.3	0.000	0.000	0.000
02	  F	  0.2	  3.2	0.000	0.350	0.350
03	  G	  0.2	  3.3	0.000	0.350	0.350
04	  S	  0.4	  3.3	0.459	0.350	0.350
05	  L	  0.5	  2.9	0.459	0.350	0.350
06	  F	  1.8	  0.1	0.573	0.350	0.350
07	  K	  1.7	  0.0	0.693	0.000	0.000
08	  F	  2.1	  0.0	0.693	0.000	0.000
09	  L	  0.9	  0.0	0.693	0.000	0.000
10	  A	  0.7	  0.0	0.693	0.000	0.000
11	  K	  0.3	  0.0	0.693	0.000	0.000
12	  K	  2.3	  0.0	0.254	0.000	0.000
13	  V	  3.0	  0.0	0.000	0.000	0.000
14	  A	  2.8	  0.0	0.000	0.000	0.000
15	  K	  0.7	  0.0	0.000	0.000	0.000
