res	aa	Beta	Turn	Helix	Aggregation	Conc-Stab_Aggregation
01	  A	  0.2	  0.0	0.000	0.000	0.000
02	  C	  0.5	  0.2	0.000	0.000	0.000
03	  L	  0.6	  0.2	0.000	0.000	0.000
04	  G	  0.4	  0.5	0.630	0.000	0.000
05	  F	  0.2	  0.7	0.630	0.000	0.000
06	  G	  0.1	  0.6	0.630	0.000	0.000
07	  E	  0.3	  0.6	0.630	0.000	0.000
08	  K	  1.3	  0.4	0.630	0.000	0.000
09	  C	  1.3	  0.2	0.630	0.000	0.000
10	  N	  1.1	  4.8	0.630	0.000	0.000
11	  P	  0.1	  5.2	0.000	0.000	0.000
12	  S	  0.0	  5.6	0.000	0.000	0.000
13	  N	  0.0	  5.8	0.000	0.000	0.000
14	  D	  0.1	  1.1	0.097	0.000	0.000
15	  K	  2.8	  0.7	0.097	0.000	0.000
16	  C	 10.7	  0.3	0.097	0.000	0.000
17	  C	 10.9	  0.4	0.097	0.000	0.000
18	  K	  8.3	  0.3	0.097	0.000	0.000
19	  S	  1.3	  1.1	0.097	0.000	0.000
20	  S	  1.0	  1.1	0.000	0.000	0.000
21	  S	  1.2	  0.9	0.000	0.000	0.000
22	  L	  1.7	  0.8	0.000	0.000	0.000
23	  V	  2.5	  0.1	0.000	0.000	0.000
24	  C	  4.0	  0.1	0.000	0.000	0.000
25	  S	  3.0	  0.2	0.114	0.000	0.000
26	  Q	  2.1	  0.3	0.114	0.000	0.000
27	  K	  0.6	  0.3	0.114	0.000	0.000
28	  H	  0.9	  0.3	0.114	0.000	0.000
29	  K	  1.3	  0.2	0.114	0.000	0.000
30	  W	  1.7	  0.1	0.114	0.000	0.000
31	  C	  1.5	  0.5	0.000	0.000	0.000
32	  K	  1.1	  0.3	0.000	0.000	0.000
33	  Y	  0.6	  0.3	0.000	0.000	0.000
34	  G	  0.4	  0.3	0.000	0.000	0.000
35	  W	  0.2	  0.0	0.000	0.000	0.000
