res	aa	Beta	Turn	Helix	Aggregation	Conc-Stab_Aggregation
01	  F	  0.6	  0.0	0.000	0.000	0.000
02	  L	  0.7	  0.0	0.000	0.000	0.000
03	  A	  0.7	  0.1	0.145	0.000	0.000
04	  K	  0.2	  0.1	0.145	0.000	0.000
05	  K	  0.4	  0.1	0.145	0.000	0.000
06	  L	  0.4	  0.1	0.145	0.000	0.000
07	  A	  0.5	  0.1	0.145	0.000	0.000
08	  K	  0.2	  0.1	0.145	0.000	0.000
09	  H	  0.5	  0.1	0.000	0.000	0.000
10	  L	  0.4	  0.1	0.000	0.000	0.000
11	  A	  0.4	  0.1	0.000	0.000	0.000
12	  K	  0.2	  0.1	0.000	0.000	0.000
13	  K	  0.2	  0.1	0.000	0.000	0.000
14	  Q	  0.4	  0.1	0.000	0.000	0.000
15	  A	  0.4	  0.1	0.000	0.000	0.000
16	  E	  0.3	  0.0	0.000	0.000	0.000
17	  S	  0.1	  0.0	0.000	0.000	0.000
