res	aa	Beta	Turn	Helix	Aggregation	Conc-Stab_Aggregation
01	  D	  0.0	  0.0	0.000	0.000	0.000
02	  L	  0.0	  0.3	0.000	0.000	0.000
03	  P	  0.0	  0.3	0.000	0.000	0.000
04	  E	  1.0	  0.3	0.000	0.000	0.000
05	  C	 10.1	  0.3	0.000	0.000	0.000
06	  C	 13.8	  0.1	0.000	0.000	0.000
07	  S	 13.4	  0.2	0.426	0.000	0.000
08	  A	  5.0	  0.2	0.426	0.000	0.000
09	  T	  0.8	  0.2	0.673	0.000	0.000
10	  E	  0.2	  0.2	0.673	0.000	0.000
11	  L	  0.8	  0.1	0.673	0.000	0.000
12	  E	  1.5	  0.2	0.673	0.000	0.000
13	  L	  1.6	  0.3	0.546	0.000	0.000
14	  D	  1.0	  1.5	0.367	0.000	0.000
15	  S	  0.3	  1.6	0.000	0.000	0.000
16	  G	  0.0	  1.6	0.000	0.000	0.000
17	  K	  0.3	  1.4	0.000	0.000	0.000
18	  Q	  0.4	  0.3	0.000	0.000	0.000
19	  T	  0.4	  0.1	0.000	0.000	0.000
20	  S	  0.1	  0.0	0.000	0.000	0.000
