res	aa	Beta	Turn	Helix	Aggregation	Conc-Stab_Aggregation
01	  G	  0.0	  0.0	0.000	0.000	0.000
02	  S	  0.0	  0.2	0.000	0.000	0.000
03	  P	  0.0	  0.2	0.000	0.000	0.000
04	  L	  6.3	  0.2	0.000	0.000	0.000
05	  T	  7.2	  0.2	0.000	0.000	0.000
06	  Y	  7.2	  0.1	0.000	0.000	0.000
07	  P	  0.9	  0.1	0.000	0.000	0.000
08	  C	  0.5	  0.2	0.000	0.000	0.000
09	  H	  0.6	  0.2	0.000	0.000	0.000
10	  S	  0.9	  0.3	0.201	0.000	0.000
11	  A	  0.5	  0.4	0.201	0.000	0.000
12	  Q	  2.5	  0.3	0.201	0.000	0.000
13	  C	  5.2	  0.2	0.201	0.000	0.000
14	  E	  5.1	  0.0	0.201	0.000	0.000
15	  Q	  3.1	  0.0	0.201	0.000	0.000
16	  P	  0.0	  0.0	0.000	0.000	0.000
17	  C	  0.2	  0.6	0.118	0.000	0.000
18	  K	  0.2	  0.6	0.118	0.000	0.000
19	  D	  0.2	  2.4	0.233	0.000	0.000
20	  A	  0.1	  2.4	0.233	0.000	0.000
21	  N	  0.8	  1.8	0.233	0.000	0.000
22	  M	  2.3	  1.8	0.233	0.000	0.000
23	  R	  2.5	  0.2	0.116	0.000	0.000
24	  F	  2.0	  0.4	0.116	0.150	0.150
25	  G	  0.4	  0.4	0.000	0.150	0.150
26	  A	  0.4	  0.4	0.000	0.150	0.150
27	  C	  1.3	  0.3	0.000	0.150	0.150
28	  M	  1.3	  0.0	0.000	0.150	0.150
29	  N	  1.0	  0.0	0.000	0.000	0.000
