res	aa	Beta	Turn	Helix	Aggregation	Conc-Stab_Aggregation
01	  D	  0.0	  0.0	0.604	0.000	0.000
02	  L	  0.2	  0.0	0.604	9.747	9.747
03	  L	  0.4	  0.0	0.604	9.747	9.747
04	  T	  1.4	  0.0	0.699	9.747	9.747
05	  T	 12.2	  0.0	0.797	9.747	9.747
06	  I	 13.8	  0.0	0.797	9.747	9.747
07	  K	 13.2	  0.0	0.797	0.000	0.000
08	  R	  3.7	  0.0	0.348	0.000	0.000
09	  V	  3.0	  0.0	0.193	0.000	0.000
10	  K	  2.7	  0.1	0.340	0.000	0.000
11	  E	  1.4	  0.1	0.245	0.000	0.000
12	  S	  0.7	  0.1	0.245	0.000	0.000
13	  M	  0.7	  0.2	0.147	0.000	0.000
14	  K	  1.0	  0.1	0.147	0.000	0.000
15	  R	  1.0	  0.1	0.147	0.000	0.000
16	  R	  0.8	  0.1	0.147	0.000	0.000
17	  T	  0.5	  0.0	0.000	0.000	0.000
