res	aa	Beta	Turn	Helix	Aggregation	Conc-Stab_Aggregation
01	  S	  0.2	  0.8	0.000	0.000	0.000
02	  E	  0.2	  0.8	0.000	0.000	0.000
03	  S	  0.5	  0.8	0.000	50.552	50.552
04	  I	  2.4	  0.8	0.000	50.910	50.910
05	  L	  3.8	  0.0	0.000	50.910	50.910
06	  I	  5.3	  0.0	0.000	50.910	50.910
07	  V	  5.4	  0.0	0.000	50.910	50.910
08	  H	  4.3	  0.1	0.000	0.504	0.504
09	  Q	  2.8	  0.1	0.000	0.000	0.000
10	  Q	  0.7	  0.2	0.000	0.000	0.000
11	  Q	  0.5	  0.2	0.000	0.000	0.000
12	  S	  1.8	  0.8	0.000	0.000	0.000
13	  R	  1.8	  1.1	0.000	0.000	0.000
14	  S	  1.8	  1.6	0.000	0.000	0.000
15	  S	  0.5	  1.6	0.000	0.000	0.000
16	  G	  0.3	  0.9	0.000	0.000	0.000
17	  S	  0.3	  0.6	0.000	0.000	0.000
