res	aa	Beta	Turn	Helix	Aggregation	Conc-Stab_Aggregation
01	  F	  0.6	  0.0	0.000	0.000	0.000
02	  L	  0.7	  0.0	0.000	0.000	0.000
03	  A	  0.7	  0.0	0.000	0.000	0.000
04	  K	  0.3	  0.0	0.000	0.000	0.000
05	  K	  0.6	  0.2	0.000	0.000	0.000
06	  V	  0.6	  0.3	0.000	0.000	0.000
07	  G	  0.5	  0.4	0.382	0.000	0.000
08	  K	  0.2	  0.4	0.382	0.000	0.000
09	  Q	  0.3	  0.2	0.382	0.000	0.000
10	  L	  0.4	  0.3	0.382	0.000	0.000
11	  A	  0.6	  0.2	0.382	0.000	0.000
12	  S	  0.7	  0.2	0.710	0.000	0.000
13	  H	  0.8	  0.2	0.468	0.000	0.000
14	  L	  0.5	  0.1	0.468	0.000	0.000
15	  A	  0.4	  0.1	0.468	0.000	0.000
16	  K	  0.2	  0.1	0.468	0.000	0.000
17	  K	  0.2	  0.1	0.328	0.000	0.000
18	  Q	  1.3	  0.1	0.000	0.000	0.000
19	  L	  1.3	  0.1	0.000	0.000	0.000
20	  E	  1.1	  0.0	0.000	0.000	0.000
