res	aa	Beta	Turn	Helix	Aggregation	Conc-Stab_Aggregation
01	  F	  1.8	  0.0	0.000	0.000	0.000
02	  L	  1.9	  0.0	0.000	0.000	0.000
03	  N	  1.9	  0.2	0.947	0.000	0.000
04	  P	  0.1	  0.2	0.947	0.000	0.000
05	  F	  2.2	  0.2	0.947	0.000	0.000
06	  R	  2.6	  0.2	0.947	0.000	0.000
07	  W	  3.1	  0.0	0.947	0.000	0.000
08	  M	  1.6	  0.0	0.947	0.000	0.000
09	  I	  1.5	  0.0	0.947	0.000	0.000
10	  N	  1.2	  0.0	2.391	0.000	0.000
11	  K	  1.3	  0.0	2.269	0.000	0.000
12	  Y	  1.5	  0.0	1.931	0.000	0.000
13	  R	  1.5	  0.0	1.680	0.000	0.000
14	  E	  2.8	  0.0	1.680	0.000	0.000
15	  W	  2.5	  0.2	1.680	0.000	0.000
16	  K	  2.5	  0.3	1.542	0.000	0.000
17	  N	  0.4	  0.4	0.944	0.000	0.000
18	  K	  0.2	  0.4	0.488	0.000	0.000
19	  K	  0.1	  0.2	0.231	0.000	0.000
20	  N	  0.1	  0.1	0.000	0.000	0.000
