res	aa	Beta	Turn	Helix	Aggregation	Conc-Stab_Aggregation
01	  D	  0.0	  0.0	2.529	0.000	0.000
02	  L	  0.2	  0.0	2.529	12.856	12.856
03	  L	  0.9	  0.0	2.529	12.856	12.856
04	  T	  1.3	  0.0	3.595	12.856	12.856
05	  A	  1.5	  0.0	3.595	12.856	12.856
06	  I	  2.8	  0.0	3.595	12.856	12.856
07	  K	  2.9	  0.0	3.595	0.000	0.000
08	  R	  3.8	  0.0	2.363	0.000	0.000
09	  V	  3.3	  0.0	1.625	0.000	0.000
10	  K	  2.9	  0.1	1.665	0.000	0.000
11	  E	  1.5	  0.1	1.175	0.000	0.000
12	  S	  0.6	  0.1	1.059	0.000	0.000
13	  M	  0.7	  0.2	0.556	0.000	0.000
14	  K	  1.0	  0.1	0.438	0.000	0.000
15	  R	  0.9	  0.1	0.438	0.000	0.000
16	  R	  0.8	  0.1	0.438	0.000	0.000
17	  T	  0.5	  0.0	0.000	0.000	0.000
