res	aa	Beta	Turn	Helix	Aggregation	Conc-Stab_Aggregation
01	  G	  0.0	  0.2	0.156	0.000	0.000
02	  F	  0.2	  1.3	0.156	2.345	2.345
03	  G	  0.2	  1.3	0.982	2.345	2.345
04	  A	  0.3	  1.3	0.982	2.345	2.345
05	  L	  0.4	  1.0	0.982	2.345	2.345
06	  F	  1.7	  0.0	1.116	2.345	2.345
07	  K	  1.7	  0.0	1.267	0.000	0.000
08	  F	  2.1	  0.0	1.111	0.000	0.000
09	  L	  0.9	  0.0	0.863	0.000	0.000
10	  A	  0.7	  0.0	0.863	0.000	0.000
11	  K	  0.3	  0.0	0.863	0.000	0.000
12	  K	  2.2	  0.0	0.330	0.000	0.000
13	  V	  2.8	  0.0	0.000	0.000	0.000
14	  A	  2.7	  0.1	0.000	0.000	0.000
15	  K	  1.5	  0.1	0.000	0.000	0.000
16	  T	  4.7	  0.1	0.000	0.000	0.000
17	  V	  5.3	  0.1	0.000	0.000	0.000
18	  A	  4.7	  0.1	0.000	0.000	0.000
19	  K	  0.9	  0.1	0.000	0.000	0.000
20	  Q	  0.4	  0.1	0.000	0.000	0.000
21	  V	  1.1	  0.1	0.000	0.000	0.000
22	  A	  1.0	  0.0	0.000	0.000	0.000
23	  K	  0.8	  0.1	0.000	0.000	0.000
24	  K	  0.2	  0.1	0.000	0.000	0.000
25	  Q	  1.5	  0.1	0.000	0.000	0.000
26	  M	  1.4	  0.0	0.000	0.000	0.000
27	  E	  1.3	  0.0	0.000	0.000	0.000
