res	aa	Beta	Turn	Helix	Aggregation	Conc-Stab_Aggregation
01	  F	  1.8	  0.0	0.000	0.000	0.000
02	  L	  1.9	  0.0	0.000	0.000	0.000
03	  N	  1.9	  0.2	0.162	0.000	0.000
04	  P	  0.1	  0.2	0.162	0.000	0.000
05	  F	  2.1	  0.2	0.162	0.000	0.000
06	  R	  2.6	  0.2	0.162	0.000	0.000
07	  W	  3.8	  0.0	0.162	0.000	0.000
08	  V	  7.4	  0.0	0.162	0.000	0.000
09	  I	  7.2	  0.0	0.162	0.000	0.000
10	  N	  6.1	  0.0	1.458	0.000	0.000
11	  K	  1.3	  0.0	1.458	0.000	0.000
12	  Y	  1.4	  0.0	1.296	0.000	0.000
13	  R	  1.4	  0.0	1.296	0.000	0.000
14	  E	  2.7	  0.0	1.296	0.000	0.000
15	  W	  2.5	  0.2	1.296	0.000	0.000
16	  K	  2.5	  0.3	1.161	0.000	0.000
17	  N	  0.4	  0.4	0.702	0.000	0.000
18	  K	  0.1	  0.8	0.341	0.000	0.000
19	  K	  0.1	  0.6	0.108	0.000	0.000
20	  D	  0.1	  0.6	0.000	0.000	0.000
21	  S	  0.1	  0.4	0.000	0.000	0.000
