res	aa	Beta	Turn	Helix	Aggregation	Conc-Stab_Aggregation
01	  G	  0.0	  0.3	0.000	0.000	0.000
02	  F	  0.2	  3.2	0.000	0.348	0.348
03	  G	  0.2	  3.3	0.000	0.348	0.348
04	  S	  0.4	  3.3	0.474	0.348	0.348
05	  L	  0.5	  2.9	0.474	0.348	0.348
06	  F	  1.8	  0.1	0.474	0.348	0.348
07	  K	  1.7	  0.0	0.474	0.000	0.000
08	  F	  1.9	  0.2	0.606	0.000	0.000
09	  L	  0.6	  0.3	0.606	0.000	0.000
10	  G	  0.4	  0.3	1.209	0.000	0.000
11	  K	  0.1	  0.4	0.912	0.000	0.000
12	  K	  0.4	  0.2	0.735	0.000	0.000
13	  L	  0.4	  0.1	0.735	0.000	0.000
14	  A	  0.4	  0.1	0.735	0.000	0.000
15	  K	  0.9	  0.1	0.735	0.000	0.000
16	  T	  4.8	  0.1	0.167	0.000	0.000
17	  V	  5.4	  0.1	0.320	0.000	0.000
18	  A	  4.7	  0.1	0.497	0.000	0.000
19	  K	  0.9	  0.1	0.608	0.000	0.000
20	  Q	  0.2	  0.1	0.608	0.000	0.000
21	  A	  0.2	  0.1	0.608	0.000	0.000
22	  A	  0.2	  0.1	0.608	0.000	0.000
23	  K	  0.2	  0.1	0.608	0.000	0.000
24	  K	  0.2	  0.1	0.111	0.000	0.000
25	  Q	  1.5	  0.1	0.000	0.000	0.000
26	  M	  1.4	  0.0	0.000	0.000	0.000
27	  E	  1.3	  0.0	0.000	0.000	0.000
