res	aa	Beta	Turn	Helix	Aggregation	Conc-Stab_Aggregation
01	  F	  1.2	  0.0	0.000	0.000	0.000
02	  C	  1.5	  0.3	0.000	0.000	0.000
03	  K	  1.9	  0.3	0.000	0.000	0.000
04	  S	  0.9	  0.3	0.000	0.000	0.000
05	  L	  0.5	  0.3	0.000	0.000	0.000
06	  P	  0.1	  0.0	0.000	0.000	0.000
07	  L	  0.1	  0.1	0.000	0.000	0.000
08	  P	  0.0	  0.1	0.000	0.000	0.000
09	  L	  1.9	  0.1	0.000	0.000	0.000
10	  S	  3.0	  0.1	0.000	0.000	0.000
11	  V	  3.0	  0.0	0.000	0.000	0.000
12	  K	  1.2	  0.0	0.000	0.000	0.000
