res	aa	Beta	Turn	Helix	Aggregation	Conc-Stab_Aggregation
01	  I	 14.9	  0.0	0.000	0.000	0.000
02	  T	 15.2	  0.0	0.000	0.000	0.000
03	  C	 15.2	  0.3	0.000	0.000	0.000
04	  P	  0.3	  0.3	0.000	0.000	0.000
05	  Q	  0.6	  0.3	0.000	0.000	0.000
06	  V	  4.3	  0.3	0.000	0.000	0.000
07	  T	  6.4	  0.1	0.000	0.000	0.000
08	  Q	  6.0	  0.1	0.000	0.000	0.000
09	  S	  2.7	  0.1	0.000	0.000	0.000
10	  L	  0.5	  0.1	0.000	0.000	0.000
11	  A	  0.3	  0.0	0.000	0.000	0.000
12	  P	  0.0	  0.0	0.000	0.000	0.000
13	  C	  0.2	  0.0	0.000	0.000	0.000
14	  V	  0.2	  0.0	0.000	0.000	0.000
15	  P	  0.2	  0.0	0.000	0.000	0.000
16	  Y	  0.8	  0.0	0.000	0.000	0.000
17	  L	  1.3	  0.0	0.000	0.000	0.000
18	  I	  2.8	  0.0	0.000	0.000	0.000
19	  S	  2.0	  0.0	0.000	0.000	0.000
20	  G	  1.5	  0.0	0.000	0.000	0.000
