res	aa	Beta	Turn	Helix	Aggregation	Conc-Stab_Aggregation
01	  F	  1.4	  0.0	0.000	0.000	0.000
02	  V	  2.6	  0.0	0.000	0.000	0.000
03	  N	  3.7	  0.0	1.901	0.000	0.000
04	  T	  8.8	  0.0	2.522	0.000	0.000
05	  I	 11.5	  0.0	2.522	0.000	0.000
06	  R	 10.7	  0.0	2.522	0.000	0.000
07	  L	  5.0	  0.0	2.522	0.000	0.000
08	  L	  1.6	  0.0	2.522	0.000	0.000
09	  I	  1.6	  0.0	2.314	0.000	0.000
10	  N	  0.8	  0.1	3.302	0.000	0.000
11	  K	  0.5	  0.1	2.150	0.000	0.000
12	  A	  0.2	  0.1	1.295	0.000	0.000
13	  R	  0.3	  0.1	1.116	0.000	0.000
14	  E	  1.8	  0.1	0.988	0.000	0.000
15	  W	  2.1	  0.1	0.988	0.000	0.000
16	  N	  1.9	  0.1	0.703	0.000	0.000
17	  N	  0.3	  0.3	0.399	0.000	0.000
18	  K	  0.1	  0.3	0.159	0.000	0.000
19	  Q	  0.3	  0.2	0.000	0.000	0.000
20	  S	  0.2	  0.2	0.000	0.000	0.000
21	  S	  0.2	  0.1	0.000	0.000	0.000
