res	aa	Beta	Turn	Helix	Aggregation	Conc-Stab_Aggregation
01	  G	  0.0	  0.1	1.642	0.000	0.000
02	  F	  0.1	  0.5	1.642	1.342	1.342
03	  G	  0.1	  0.5	3.053	1.342	1.342
04	  T	  2.6	  0.5	5.702	1.342	1.342
05	  I	  3.3	  0.4	6.135	1.342	1.342
06	  L	  3.5	  0.0	6.541	1.342	1.342
07	  K	  1.1	  0.0	6.914	0.000	0.000
08	  A	  0.4	  0.0	7.071	0.000	0.000
09	  L	  0.2	  0.0	7.071	0.000	0.000
10	  A	  0.4	  0.0	6.876	0.000	0.000
11	  K	  1.6	  0.0	6.290	0.000	0.000
12	  I	  2.6	  0.3	3.286	0.000	0.000
13	  A	  2.3	  0.3	3.286	0.000	0.000
14	  G	  1.1	  0.3	2.882	0.000	0.000
15	  K	  1.8	  0.3	1.991	0.000	0.000
16	  V	  4.5	  0.0	0.000	0.000	0.000
17	  V	  5.1	  0.0	0.000	0.000	0.000
18	  K	  3.3	  0.1	0.000	0.000	0.000
19	  K	  1.0	  0.1	0.000	0.000	0.000
20	  L	  0.4	  0.1	0.000	0.000	0.000
21	  A	  0.9	  0.0	0.000	0.000	0.000
22	  T	  0.8	  0.0	0.000	0.000	0.000
23	  K	  0.7	  1.2	0.000	0.000	0.000
24	  P	  0.2	  1.5	0.000	0.000	0.000
25	  G	  0.0	  1.6	0.112	0.000	0.000
26	  A	  0.8	  1.6	0.112	0.349	0.349
27	  T	  4.3	  0.4	1.328	0.349	0.349
28	  Y	  5.1	  0.2	1.328	0.349	0.349
29	  M	  4.5	  0.0	1.328	0.349	0.349
30	  L	  1.2	  0.1	1.328	0.349	0.349
31	  K	  0.5	  0.2	1.328	0.000	0.000
32	  Q	  0.4	  0.2	1.328	0.000	0.000
33	  N	  0.4	  0.2	0.331	0.000	0.000
34	  L	  0.3	  0.2	0.000	0.000	0.000
35	  Q	  0.2	  0.0	0.000	0.000	0.000
