res	aa	Beta	Turn	Helix	Aggregation	Conc-Stab_Aggregation
01	  F	  0.6	  0.0	0.000	0.000	0.000
02	  L	  0.7	  0.0	0.000	0.000	0.000
03	  A	  0.7	  0.0	0.000	0.000	0.000
04	  K	  0.3	  0.0	0.000	0.000	0.000
05	  K	  2.3	  0.0	0.000	0.000	0.000
06	  V	  3.0	  0.0	0.000	0.000	0.000
07	  A	  2.9	  0.1	0.000	0.000	0.000
08	  K	  0.8	  0.1	0.000	0.000	0.000
09	  K	  0.6	  0.1	0.000	0.000	0.000
10	  L	  1.3	  0.1	0.000	0.000	0.000
11	  V	  3.5	  0.1	0.000	0.000	0.000
12	  S	  3.3	  0.0	0.000	0.000	0.000
13	  H	  4.1	  0.0	0.000	0.000	0.000
14	  V	  3.3	  0.0	0.000	0.000	0.000
15	  A	  3.0	  0.0	0.000	0.000	0.000
16	  Q	  1.8	  0.1	0.000	0.000	0.000
17	  K	  0.5	  0.1	0.000	0.000	0.000
18	  Q	  1.5	  0.1	0.000	0.000	0.000
19	  L	  1.3	  0.1	0.000	0.000	0.000
20	  E	  1.1	  0.0	0.000	0.000	0.000
