res	aa	Beta	Turn	Helix	Aggregation	Conc-Stab_Aggregation
01	  V	  2.9	  0.0	0.000	0.000	0.000
02	  L	  3.6	  0.1	0.000	0.000	0.000
03	  S	  4.6	  0.5	0.000	0.000	0.000
04	  H	  1.7	  0.6	0.000	0.000	0.000
05	  N	  1.0	  0.6	0.000	0.000	0.000
06	  N	  0.1	  1.6	0.000	0.000	0.000
07	  E	  0.1	  1.2	0.000	0.000	0.000
08	  S	  0.3	  1.1	0.000	0.000	0.000
09	  S	 20.8	  1.3	0.000	0.000	0.000
10	  Y	 20.9	  0.4	0.000	0.000	0.000
11	  S	 20.7	  0.4	0.000	0.000	0.000
12	  D	  0.4	  0.8	0.000	0.000	0.000
13	  T	  1.1	  0.7	0.000	0.000	0.000
14	  S	  1.7	  0.6	0.000	0.000	0.000
15	  S	  9.2	  0.5	0.000	0.000	0.000
16	  C	  9.6	  0.3	0.000	0.000	0.000
17	  T	  9.9	  0.1	0.000	0.000	0.000
18	  S	  2.4	  0.1	0.000	0.000	0.000
19	  Q	  1.0	  0.1	0.000	0.000	0.000
