res	aa	Beta	Turn	Helix	Aggregation	Conc-Stab_Aggregation
01	  F	  0.2	  0.2	0.000	0.000	0.000
02	  A	  0.3	  0.2	0.000	0.000	0.000
03	  N	  1.4	  0.2	1.288	0.000	0.000
04	  T	  7.9	  0.2	1.915	0.000	0.000
05	  I	 11.7	  0.0	1.915	0.000	0.000
06	  R	 11.0	  0.0	1.915	0.000	0.000
07	  L	  5.1	  0.0	1.915	0.000	0.000
08	  L	  1.6	  0.0	1.915	0.000	0.000
09	  I	  1.5	  0.0	1.761	0.000	0.000
10	  N	  0.9	  0.0	2.611	0.000	0.000
11	  K	  2.1	  0.0	1.658	0.000	0.000
12	  V	  2.1	  0.0	0.969	0.000	0.000
13	  R	  2.1	  0.0	0.969	0.000	0.000
14	  E	  2.6	  0.0	0.850	0.000	0.000
15	  W	  2.5	  0.2	0.850	0.000	0.000
16	  K	  2.5	  0.3	0.648	0.000	0.000
17	  N	  0.4	  0.4	0.285	0.000	0.000
18	  K	  0.2	  0.5	0.116	0.000	0.000
19	  Q	  0.3	  0.2	0.000	0.000	0.000
20	  S	  0.2	  0.2	0.000	0.000	0.000
21	  S	  0.2	  0.1	0.000	0.000	0.000
