res	aa	Beta	Turn	Helix	Aggregation	Conc-Stab_Aggregation
01	  R	  0.3	  0.0	0.000	0.000	0.000
02	  C	  0.4	  0.2	0.000	0.000	0.000
03	  K	  1.1	  0.2	0.000	0.000	0.000
04	  T	 11.5	  0.2	0.000	0.000	0.000
05	  C	 13.0	  0.5	0.000	0.000	0.000
06	  S	 12.4	  1.1	0.000	0.000	0.000
07	  K	  2.0	  1.2	0.000	0.000	0.000
08	  G	  0.1	  1.2	0.000	0.000	0.000
09	  R	  2.2	  0.9	0.000	0.000	0.000
10	  C	  2.4	  0.1	0.000	0.000	0.000
11	  R	  2.4	  0.0	0.000	0.000	0.000
12	  P	  0.2	  0.0	0.000	0.000	0.000
13	  K	  0.0	  1.2	0.000	0.000	0.000
14	  P	  0.0	  1.2	0.000	0.000	0.000
15	  N	  0.0	  1.2	0.000	0.000	0.000
16	  C	  0.0	  1.2	0.000	0.000	0.000
17	  G	  0.0	  0.0	0.000	0.000	0.000
