res	aa	Beta	Turn	Helix	Aggregation	Conc-Stab_Aggregation
01	  G	  0.0	  0.3	0.000	0.000	0.000
02	  V	  0.2	  0.9	0.000	0.000	0.000
03	  G	  0.2	  0.9	0.000	0.000	0.000
04	  C	  0.9	  1.7	0.000	0.000	0.000
05	  S	  0.7	  2.1	0.000	0.000	0.000
06	  S	  0.8	  2.4	0.000	0.000	0.000
07	  G	  0.1	  2.4	0.000	0.000	0.000
08	  C	  2.2	  1.6	0.000	0.000	0.000
09	  H	  3.3	  1.0	0.000	0.000	0.000
10	  K	  3.6	  0.0	0.000	0.000	0.000
11	  V	  1.6	  2.3	0.000	0.000	0.000
12	  G	  0.4	  2.3	0.000	0.000	0.000
13	  G	  0.1	  2.3	0.000	0.000	0.000
14	  Q	  0.5	  2.3	0.000	0.000	0.000
15	  C	  2.5	  0.2	0.000	0.000	0.000
16	  R	  2.8	  0.2	0.000	0.000	0.000
17	  C	  2.3	  0.2	0.000	0.000	0.000
18	  G	  0.4	  0.2	0.000	0.000	0.000
