res	aa	Beta	Turn	Helix	Aggregation	Conc-Stab_Aggregation
01	  G	  0.1	  0.0	0.000	0.000	0.000
02	  C	  9.9	  0.0	0.000	0.000	0.000
03	  I	 10.4	  0.0	0.000	0.000	0.000
04	  A	 10.4	  0.2	0.000	0.000	0.000
05	  K	  0.6	  0.2	0.000	0.000	0.000
06	  N	  0.2	  0.4	0.185	0.000	0.000
07	  K	  0.4	  0.5	0.185	0.000	0.000
08	  E	  0.5	  0.2	0.185	0.000	0.000
09	  C	  0.7	  0.4	0.185	0.555	0.555
10	  A	  0.7	  0.2	0.185	0.555	0.555
11	  W	  1.8	  0.1	0.185	0.555	0.555
12	  F	  2.7	  0.4	0.185	0.555	0.555
13	  S	  2.5	  0.2	0.000	0.555	0.555
14	  G	  1.3	  0.2	0.000	0.000	0.000
15	  E	  0.5	  0.2	0.000	0.000	0.000
16	  W	 11.5	  0.0	0.000	0.000	0.000
17	  C	 14.3	  0.0	0.000	0.000	0.000
18	  C	 14.2	  0.1	0.000	0.000	0.000
19	  G	  3.3	  0.1	0.000	0.000	0.000
20	  A	  0.6	  0.1	0.000	0.000	0.000
21	  L	  5.8	  0.1	0.000	0.000	0.000
22	  S	  7.0	  0.0	0.000	0.000	0.000
23	  C	  7.0	  0.0	0.000	0.000	0.000
24	  K	  2.1	  0.0	0.000	0.000	0.000
25	  Y	  4.0	  0.0	0.000	0.000	0.000
26	  S	  4.5	  0.0	0.122	0.000	0.000
27	  I	  5.9	  0.0	0.122	0.000	0.000
28	  K	  2.9	  0.2	0.122	0.000	0.000
29	  R	  2.2	  0.2	0.122	0.000	0.000
30	  N	  0.5	  0.2	0.122	0.000	0.000
31	  L	  2.0	  0.2	0.122	0.000	0.000
32	  K	  2.6	  0.0	0.122	0.000	0.000
33	  I	  4.5	  0.0	0.000	0.000	0.000
34	  C	  2.9	  0.0	0.000	0.000	0.000
35	  V	  2.2	  0.0	0.000	0.000	0.000
