res	aa	Beta	Turn	Helix	Aggregation	Conc-Stab_Aggregation
01	  Y	  1.4	  0.0	0.000	1.182	1.182
02	  Y	  2.8	  0.0	0.000	70.778	70.778
03	  V	  4.6	  0.0	0.000	76.379	76.379
04	  W	  3.3	  0.1	0.000	76.491	76.491
05	  I	  2.0	  0.2	0.000	76.491	76.491
06	  G	  0.3	  0.2	0.110	75.585	75.585
07	  L	  1.2	  0.2	0.110	71.701	71.701
08	  R	  1.5	  0.1	0.110	48.222	48.222
09	  W	  2.4	  0.0	0.110	48.222	48.222
10	  V	  7.8	  0.0	0.110	48.222	48.222
11	  N	  8.5	  0.8	0.110	48.222	48.222
12	  I	 10.3	  0.8	0.000	48.222	48.222
13	  D	  4.3	  0.8	0.000	48.222	48.222
14	  C	  4.8	  0.8	0.000	47.767	47.767
15	  V	  2.3	  0.1	0.000	44.143	44.143
16	  E	  2.0	  0.1	0.000	0.000	0.000
17	  G	  0.2	  0.1	0.000	0.000	0.000
18	  N	  0.7	  0.5	0.000	0.000	0.000
19	  W	  0.9	  0.7	0.000	0.000	0.000
20	  S	  0.9	  0.7	0.000	0.000	0.000
21	  D	  0.6	  1.0	0.000	0.000	0.000
22	  Y	  1.7	  0.8	0.000	0.000	0.000
23	  S	  1.9	  0.5	0.000	0.000	0.000
24	  S	 11.0	  0.7	0.000	0.000	0.000
25	  V	 13.5	  0.3	0.000	0.000	0.000
26	  S	 19.1	  0.2	0.000	0.000	0.000
27	  Y	 10.6	  0.7	0.000	0.000	0.000
28	  E	  6.8	  0.5	0.000	0.000	0.000
29	  N	  1.0	  0.5	0.000	0.000	0.000
30	  L	  0.5	  0.5	0.000	0.000	0.000
31	  V	  0.4	  0.0	0.000	0.000	0.000
32	  R	  0.2	  0.0	0.000	0.000	0.000
