res	aa	Beta	Turn	Helix	Aggregation	Conc-Stab_Aggregation
01	  S	  0.0	  0.0	0.000	0.000	0.000
02	  G	  0.0	  0.0	0.000	0.000	0.000
03	  Y	  0.2	  0.0	0.000	0.000	0.000
04	  L	  0.2	  2.0	0.000	0.000	0.000
05	  P	  0.1	  2.1	0.000	0.000	0.000
06	  G	  0.0	  2.1	0.367	0.000	0.000
07	  K	  0.2	  2.1	0.367	0.000	0.000
08	  E	  0.3	  0.2	0.505	0.000	0.000
09	  Y	  1.9	  0.1	0.505	0.000	0.000
10	  V	  2.9	  0.0	0.505	0.000	0.000
11	  Y	  4.1	  0.0	0.505	0.000	0.000
12	  K	  3.4	  0.0	0.505	0.000	0.000
13	  Y	  2.6	  2.3	0.505	0.000	0.000
14	  K	  1.3	  2.4	0.374	0.000	0.000
15	  G	  0.3	  2.4	0.000	0.000	0.000
16	  K	  1.3	  2.4	0.000	0.000	0.000
17	  V	  1.3	  0.0	0.000	0.000	0.000
18	  F	  1.2	  0.0	0.000	0.000	0.000
