res	aa	Beta	Turn	Helix	Aggregation	Conc-Stab_Aggregation
01	  F	  1.1	  0.1	0.000	0.000	0.000
02	  L	  1.4	  0.1	0.000	0.000	0.000
03	  N	  1.4	  0.3	0.426	0.000	0.000
04	  A	  0.5	  0.3	0.426	0.000	0.000
05	  L	  0.4	  0.7	0.426	0.000	0.000
06	  K	  0.5	  0.7	0.426	0.000	0.000
07	  N	  0.4	  0.5	0.426	0.000	0.000
08	  F	  0.8	  0.5	0.426	0.000	0.000
09	  A	  0.7	  0.1	0.000	0.000	0.000
10	  K	  1.0	  0.1	0.000	0.000	0.000
11	  T	  0.5	  0.8	0.000	0.000	0.000
12	  A	  0.5	  0.9	0.000	0.000	0.000
13	  G	  0.1	  0.9	0.125	0.000	0.000
14	  K	  0.2	  0.9	0.125	0.000	0.000
15	  R	  0.5	  0.2	0.125	0.000	0.000
16	  L	  0.8	  0.2	0.125	0.000	0.000
17	  K	  0.8	  0.2	0.125	0.000	0.000
18	  S	  0.7	  0.1	0.125	0.000	0.000
19	  L	  0.6	  0.1	0.000	0.000	0.000
20	  L	  0.4	  0.0	0.000	0.000	0.000
21	  N	  0.2	  0.0	0.000	0.000	0.000
