res	aa	Beta	Turn	Helix	Aggregation	Conc-Stab_Aggregation
01	  G	  0.1	  0.0	0.000	0.000	0.000
02	  R	  0.3	  0.8	0.000	0.000	0.000
03	  A	  0.3	  0.8	0.000	0.000	0.000
04	  D	  0.7	  1.2	0.000	0.000	0.000
05	  Y	  3.9	  1.2	0.000	0.000	0.000
06	  N	  3.9	  0.6	0.000	0.000	0.000
07	  F	  3.6	  0.6	0.000	0.000	0.000
08	  G	  0.2	  0.2	0.000	0.000	0.000
09	  Y	  0.4	  0.4	0.000	0.000	0.000
10	  G	  0.2	  0.4	0.000	0.000	0.000
11	  L	  0.2	  0.8	0.000	0.000	0.000
12	  G	  0.0	  0.9	0.302	0.000	0.000
13	  R	  0.1	  0.7	0.302	0.000	0.000
14	  G	  0.1	  0.6	0.302	0.000	0.000
15	  T	  1.0	  0.3	0.302	0.000	0.000
16	  R	  1.4	  0.1	0.302	0.000	0.000
17	  K	  1.7	  0.1	0.302	0.000	0.000
18	  F	  2.5	  0.2	0.302	0.000	0.000
19	  F	  2.5	  8.6	0.000	0.000	0.000
20	  N	  2.2	  8.8	0.000	0.000	0.000
21	  G	  0.5	  9.0	0.000	0.000	0.000
22	  I	  0.1	  8.8	0.000	0.000	0.000
23	  G	  0.1	  0.3	0.000	0.000	0.000
24	  R	  0.6	  0.2	0.000	0.000	0.000
25	  W	  1.5	  0.0	0.000	0.000	0.000
26	  V	  2.2	  0.0	0.000	0.000	0.000
27	  R	  1.9	  0.1	0.000	0.000	0.000
28	  K	  1.3	  0.1	0.000	0.000	0.000
29	  T	  0.6	  0.1	0.000	0.000	0.000
30	  F	  0.3	  0.1	0.000	0.000	0.000
