res	aa	Beta	Turn	Helix	Aggregation	Conc-Stab_Aggregation
01	  V	  0.0	  0.2	0.000	0.000	0.000
02	  G	  0.0	  1.7	0.000	0.000	0.000
03	  P	  0.0	  1.9	0.000	0.000	0.000
04	  G	  0.0	  2.0	0.000	0.000	0.000
05	  G	  0.0	  2.0	0.000	0.000	0.000
06	  E	  0.0	  0.5	0.000	0.000	0.000
07	  C	  0.1	  2.5	0.000	0.000	0.000
08	  G	  0.1	  2.7	0.000	0.000	0.000
09	  G	  0.1	  2.5	0.000	0.000	0.000
10	  R	  0.3	  2.6	0.000	0.000	0.000
11	  F	  0.4	  0.7	0.000	0.000	0.000
12	  G	  0.4	  0.7	0.000	0.000	0.000
13	  G	  0.3	  0.7	0.000	0.000	0.000
14	  C	  0.3	  1.1	0.000	0.000	0.000
15	  A	  0.4	  1.7	0.000	0.000	0.000
16	  G	  0.2	  1.5	0.000	0.000	0.000
17	  G	  0.0	  1.6	0.000	0.000	0.000
18	  Q	  1.8	  1.1	0.000	0.000	0.000
19	  C	 10.5	  0.1	0.000	0.000	0.000
20	  C	 11.2	  0.2	0.000	0.000	0.000
21	  S	  9.6	  0.1	0.000	0.000	0.000
22	  R	  1.2	  0.3	0.000	0.000	0.000
23	  F	  0.6	  0.3	0.000	0.000	0.000
24	  G	  0.5	  0.2	0.000	0.000	0.000
25	  F	  1.8	  0.2	0.000	0.000	0.000
26	  C	  1.8	  0.7	0.000	0.000	0.000
27	  G	  1.7	  0.7	0.000	0.000	0.000
28	  S	  0.2	  0.8	0.000	0.000	0.000
29	  G	  0.0	  1.1	0.000	0.000	0.000
30	  P	  0.0	  0.4	0.000	0.000	0.000
31	  K	  0.8	  0.4	0.000	0.000	0.000
32	  Y	  3.6	  0.3	0.000	0.000	0.000
33	  C	  4.2	  0.0	0.000	0.000	0.000
34	  A	  3.4	  0.0	0.000	0.000	0.000
35	  H	  0.6	  0.0	0.000	0.000	0.000
