res	aa	Beta	Turn	Helix	Aggregation	Conc-Stab_Aggregation
01	  G	  0.1	  0.0	0.000	0.000	0.000
02	  S	  0.4	  0.0	0.000	0.000	0.000
03	  A	  0.8	  0.0	0.000	0.000	0.000
04	  I	  4.8	  0.1	0.000	0.000	0.000
05	  R	  4.9	  0.0	0.000	0.000	0.000
06	  C	  4.6	  0.2	0.000	0.000	0.000
07	  G	  0.5	  0.5	0.543	0.000	0.000
08	  E	  0.3	  0.5	0.543	0.000	0.000
09	  S	  1.4	  0.5	0.989	0.000	0.000
10	  C	  2.5	  0.3	0.989	0.000	0.000
11	  L	  2.4	  0.2	0.989	0.000	0.000
12	  L	  1.2	  0.2	0.989	0.000	0.000
13	  G	  0.1	  0.3	0.989	0.000	0.000
14	  K	  0.6	  0.3	0.605	0.000	0.000
15	  C	  2.3	  0.1	0.000	0.000	0.000
16	  Y	  2.8	  0.1	0.000	0.000	0.000
17	  T	  2.2	  2.8	0.000	0.000	0.000
18	  P	  0.6	  3.4	0.000	0.000	0.000
19	  G	  0.1	  3.4	0.000	0.000	0.000
20	  C	  3.9	  3.4	0.000	0.000	0.000
21	  T	  5.8	  0.6	0.000	0.000	0.000
22	  C	  5.9	  0.1	0.000	0.000	0.000
23	  D	  2.2	  0.1	0.000	0.000	0.000
24	  R	  0.3	  0.1	0.000	0.000	0.000
25	  P	  0.0	  0.0	0.000	0.000	0.000
26	  I	  0.2	  0.0	0.000	0.000	0.000
27	  C	  0.5	  0.1	0.000	0.000	0.000
28	  K	  0.6	  0.1	0.000	0.000	0.000
29	  K	  0.4	  0.1	0.000	0.000	0.000
30	  N	  0.1	  0.1	0.000	0.000	0.000
