res	aa	Beta	Turn	Helix	Aggregation	Conc-Stab_Aggregation
01	  I	  0.9	  0.0	0.000	0.000	0.000
02	  W	  1.2	  0.0	0.662	2.218	2.218
03	  L	  1.9	  0.0	0.662	2.218	2.218
04	  T	  1.4	  0.0	1.331	2.218	2.218
05	  A	  1.4	  0.0	1.331	2.218	2.218
06	  L	  1.4	  0.0	1.331	2.218	2.218
07	  K	  1.2	  0.0	1.331	0.000	0.000
08	  F	  1.4	  0.2	1.091	0.000	0.000
09	  L	  0.6	  0.4	0.797	0.000	0.000
10	  G	  0.4	  0.7	0.634	0.000	0.000
11	  K	  0.1	  0.7	0.205	0.000	0.000
12	  N	  0.1	  0.9	0.137	0.000	0.000
13	  L	  0.1	  0.9	0.137	0.000	0.000
14	  G	  0.0	  0.6	0.463	0.000	0.000
15	  K	  0.1	  0.6	0.463	0.000	0.000
16	  H	  0.4	  0.3	0.463	0.000	0.000
17	  L	  0.4	  0.1	0.463	0.000	0.000
18	  A	  0.4	  0.1	0.642	0.000	0.000
19	  K	  0.3	  0.1	0.642	0.000	0.000
20	  Q	  0.5	  0.1	0.179	0.000	0.000
21	  Q	  0.6	  0.1	0.179	0.000	0.000
22	  L	  0.5	  0.1	0.179	0.000	0.000
23	  A	  0.3	  0.0	0.179	0.000	0.000
24	  K	  0.2	  0.0	0.179	0.000	0.000
25	  L	  0.2	  0.0	0.000	0.000	0.000
