res	aa	Beta	Turn	Helix	Aggregation	Conc-Stab_Aggregation
01	  V	  0.8	  0.1	0.000	0.000	0.000
02	  R	  1.0	  0.1	0.000	0.000	0.000
03	  D	  1.4	  0.1	0.000	0.000	0.000
04	  I	  0.9	  0.1	0.000	0.000	0.000
05	  C	  0.9	  0.1	1.850	0.000	0.000
06	  K	  0.7	  0.1	1.850	0.000	0.000
07	  K	  0.6	  0.2	2.152	0.000	0.000
08	  E	  0.4	  0.2	2.152	0.000	0.000
09	  A	  0.2	  0.1	2.152	0.000	0.000
10	  E	  0.4	  0.1	2.152	0.000	0.000
11	  R	  1.5	  0.4	1.814	0.000	0.000
12	  Q	  1.5	  0.4	1.269	0.000	0.000
13	  D	  1.3	  1.0	0.226	0.000	0.000
14	  L	  0.5	  1.1	0.000	0.000	0.000
15	  S	  1.0	  0.8	0.156	0.000	0.000
16	  S	  9.6	  0.8	0.156	0.000	0.000
17	  C	  9.9	  0.8	0.156	0.000	0.000
18	  E	  9.4	  0.6	0.156	0.000	0.000
19	  N	  1.4	  0.6	1.061	0.000	0.000
20	  Y	  1.4	  0.6	1.061	0.000	0.000
21	  I	  5.5	  0.0	0.905	0.000	0.000
22	  T	  5.9	  0.0	0.905	0.000	0.000
23	  Q	  5.5	  0.1	0.905	0.000	0.000
24	  R	  1.6	  0.3	0.905	0.000	0.000
25	  R	  0.5	  0.3	0.305	0.000	0.000
26	  G	  0.2	  0.2	0.096	0.000	0.000
27	  Y	  0.1	  0.1	0.000	0.000	0.000
