res	aa	Beta	Turn	Helix	Aggregation	Conc-Stab_Aggregation
01	  G	  0.0	  0.0	0.000	0.000	0.000
02	  S	  1.2	  0.0	0.000	0.148	0.148
03	  V	  2.2	  0.0	0.000	0.148	0.148
04	  I	  2.3	  1.2	0.000	0.148	0.148
05	  G	  1.2	  1.2	0.000	0.148	0.148
06	  C	  0.3	  1.4	0.000	0.148	0.148
07	  G	  0.1	  1.6	0.506	0.000	0.000
08	  E	  0.2	  0.4	0.506	0.000	0.000
09	  T	  2.2	  0.4	0.868	0.000	0.000
10	  C	  3.8	  0.3	0.868	0.000	0.000
11	  L	  3.8	  0.3	0.868	0.000	0.000
12	  R	  1.8	  0.4	0.868	0.000	0.000
13	  G	  0.3	  0.4	0.868	0.000	0.000
14	  R	  2.4	  0.3	0.540	0.000	0.000
15	  C	  4.0	  0.1	0.000	0.000	0.000
16	  Y	  4.5	  0.0	0.000	0.000	0.000
17	  T	  2.2	  2.8	0.000	0.000	0.000
18	  P	  0.6	  3.3	0.000	0.000	0.000
19	  G	  0.1	  3.3	0.000	0.000	0.000
20	  C	  3.8	  3.3	0.000	0.000	0.000
21	  T	  5.7	  0.6	0.000	0.000	0.000
22	  C	  5.9	  0.4	0.000	0.000	0.000
23	  D	  2.2	  0.7	0.000	0.000	0.000
24	  H	  0.5	  0.8	0.000	0.000	0.000
25	  G	  0.3	  0.7	0.000	0.000	0.000
26	  I	  0.5	  0.4	0.000	0.000	0.000
27	  C	  0.5	  0.2	0.000	0.000	0.000
28	  K	  0.6	  0.1	0.000	0.000	0.000
29	  K	  0.4	  0.1	0.000	0.000	0.000
30	  N	  0.1	  0.1	0.000	0.000	0.000
