res	aa	Beta	Turn	Helix	Aggregation	Conc-Stab_Aggregation
01	  C	  0.8	  0.3	0.000	0.000	0.000
02	  A	  1.0	  0.5	0.000	0.000	0.000
03	  S	  1.0	  1.2	0.000	0.000	0.000
04	  Q	  0.2	  1.2	0.000	0.000	0.000
05	  G	  0.0	  1.0	0.000	0.000	0.000
06	  Q	  0.4	  0.8	0.000	0.000	0.000
07	  K	  1.2	  0.1	0.000	0.000	0.000
08	  C	  1.2	  0.3	0.000	0.000	0.000
09	  K	  1.5	  0.2	0.000	0.000	0.000
10	  T	  3.7	  0.3	0.000	0.000	0.000
11	  K	  3.7	  1.0	0.000	0.000	0.000
12	  S	  3.0	  0.9	0.000	0.000	0.000
13	  D	  1.1	  0.9	0.000	0.000	0.000
14	  C	  7.9	  1.1	0.000	0.000	0.000
15	  C	  7.9	  1.7	0.000	0.000	0.000
16	  N	  6.8	  1.6	0.000	0.000	0.000
17	  G	  0.1	  1.6	0.000	0.000	0.000
18	  M	  1.3	  1.2	0.000	0.000	0.000
19	  W	  2.9	  0.0	0.000	0.000	0.000
20	  C	  3.1	  0.5	0.000	0.000	0.000
21	  A	  1.8	  0.6	0.000	0.000	0.000
22	  G	  0.2	  0.7	0.000	0.000	0.000
23	  T	  0.1	  0.9	0.000	0.000	0.000
24	  R	  0.1	  0.5	0.000	0.000	0.000
25	  G	  0.2	  0.4	0.000	0.000	0.000
26	  H	  1.8	  0.3	0.000	0.000	0.000
27	  T	  6.1	  0.1	0.000	0.000	0.000
28	  C	 13.2	  0.1	0.000	0.000	0.000
29	  Y	 11.7	  0.0	0.000	0.000	0.000
30	  K	  7.6	  0.0	0.000	0.000	0.000
31	  P	  0.2	  0.0	0.000	0.000	0.000
32	  K	  0.0	  0.0	0.000	0.000	0.000
