res	aa	Beta	Turn	Helix	Aggregation	Conc-Stab_Aggregation
01	  S	  1.1	  0.0	0.000	0.000	0.000
02	  F	  2.7	  0.0	0.000	0.727	0.727
03	  Y	  4.1	  0.0	0.000	0.727	0.727
04	  A	  3.1	  0.0	0.000	0.727	0.727
05	  C	  2.4	  0.4	0.000	0.727	0.727
06	  T	  1.1	  0.8	0.000	0.727	0.727
07	  N	  0.9	  0.7	0.000	0.000	0.000
08	  G	  0.1	  0.7	0.000	0.000	0.000
09	  C	  1.7	  0.3	0.000	0.000	0.000
10	  W	  4.1	  0.0	0.000	0.000	0.000
11	  V	  4.7	  0.0	0.000	0.000	0.000
12	  K	  3.1	  0.9	0.000	0.000	0.000
13	  P	  0.6	  1.0	0.000	0.000	0.000
14	  G	  0.0	  1.1	0.000	0.000	0.000
15	  G	  0.0	  1.3	0.000	0.000	0.000
16	  G	  0.0	  0.4	0.000	0.000	0.000
17	  C	  1.2	  0.3	0.000	0.000	0.000
18	  Q	  1.2	  0.2	0.000	0.000	0.000
19	  C	  1.2	  0.0	0.000	0.000	0.000
