res	aa	Beta	Turn	Helix	Aggregation	Conc-Stab_Aggregation
01	  R	  0.2	  0.0	0.000	0.000	0.000
02	  I	  1.9	  0.0	0.000	0.000	0.000
03	  C	  3.6	  0.2	0.000	0.000	0.000
04	  L	  3.6	  0.2	0.000	0.000	0.000
05	  N	  2.1	  0.3	0.000	0.000	0.000
06	  Q	  0.5	  0.4	0.000	0.000	0.000
07	  Q	  0.4	  0.3	0.000	0.000	0.000
08	  S	  0.5	  0.3	0.000	0.000	0.000
09	  S	  0.4	  0.2	0.000	0.000	0.000
10	  E	  0.3	  0.1	0.000	0.000	0.000
11	  P	  0.0	  0.1	0.000	0.000	0.000
12	  Q	  0.1	  0.1	0.000	0.000	0.000
13	  T	  0.4	  0.1	0.000	0.000	0.000
14	  T	  0.5	  0.1	0.000	0.000	0.000
15	  E	  1.1	  0.0	0.000	0.000	0.000
16	  I	  0.9	  0.0	0.000	0.000	0.000
17	  C	  0.8	  6.2	0.000	0.000	0.000
18	  P	  0.1	  6.5	0.000	0.000	0.000
19	  D	  0.0	  6.6	0.000	0.000	0.000
20	  G	  0.0	  6.9	0.000	0.000	0.000
21	  E	  0.1	  0.8	0.000	0.000	0.000
22	  D	  0.4	  0.5	0.000	0.000	0.000
23	  T	  4.9	  0.4	0.000	0.000	0.000
24	  C	  4.8	  0.1	0.000	0.000	0.000
25	  Y	  4.5	  0.0	0.000	0.000	0.000
