res	aa	Beta	Turn	Helix	Aggregation	Conc-Stab_Aggregation
01	  F	  1.4	  0.1	0.000	0.000	0.000
02	  V	  1.6	  0.1	0.000	0.000	0.000
03	  D	  1.6	  2.5	0.000	0.000	0.000
04	  R	  0.2	  2.5	0.000	0.000	0.000
05	  N	  0.3	  2.4	0.000	0.000	0.000
06	  R	  0.7	  2.4	0.000	0.000	0.000
07	  I	  0.7	  0.0	0.000	0.000	0.000
08	  P	  0.4	  0.1	0.000	0.000	0.000
09	  R	  0.2	  0.4	0.000	0.000	0.000
10	  S	  0.2	  1.9	0.000	0.000	0.000
11	  N	  0.2	  1.9	0.000	0.000	0.000
12	  N	  0.0	  1.8	0.000	0.000	0.000
13	  G	  0.0	  1.7	0.000	0.000	0.000
14	  P	  0.0	  0.3	0.000	0.000	0.000
15	  K	  0.1	  0.3	0.000	0.000	0.000
16	  I	  0.2	  0.2	0.000	0.000	0.000
17	  P	  0.2	  0.0	0.000	0.000	0.000
18	  I	  2.1	  0.0	0.000	0.000	0.000
19	  I	  2.2	  0.0	0.000	0.000	0.000
20	  S	  2.2	  0.0	0.000	0.000	0.000
21	  N	  0.1	  0.0	0.000	0.000	0.000
22	  P	  0.0	  0.0	0.000	0.000	0.000
