res	aa	Beta	Turn	Helix	Aggregation	Conc-Stab_Aggregation
01	  R	  0.2	  0.0	0.000	0.000	0.000
02	  Y	  0.5	  0.0	0.000	0.000	0.000
03	  C	  0.5	  2.8	0.000	0.000	0.000
04	  P	  0.3	  3.3	0.000	0.000	0.000
05	  S	  0.1	  4.0	0.114	0.000	0.000
06	  G	  0.1	  4.0	0.114	0.000	0.000
07	  C	  1.5	  1.3	0.114	0.000	0.000
08	  R	  1.6	  0.7	0.114	0.000	0.000
09	  K	  1.6	  0.1	0.114	0.000	0.000
10	  K	  0.2	  0.5	0.114	0.000	0.000
11	  P	  0.0	  0.4	0.000	0.000	0.000
12	  Y	  0.1	  1.0	0.000	0.000	0.000
13	  G	  0.1	  1.0	0.000	0.000	0.000
14	  G	  0.1	  1.0	0.000	0.000	0.000
15	  G	  0.0	  1.0	0.000	0.000	0.000
16	  C	  1.6	  0.5	0.000	0.000	0.000
17	  S	  1.6	  0.4	0.000	0.000	0.000
18	  C	  1.6	  0.0	0.000	0.000	0.000
