res	aa	Beta	Turn	Helix	Aggregation	Conc-Stab_Aggregation
01	  N	  0.0	  0.0	0.000	0.000	0.000
02	  K	  0.0	  0.2	0.000	0.000	0.000
03	  P	  0.0	  0.2	0.000	0.000	0.000
04	  E	  0.0	  0.2	0.000	0.000	0.000
05	  A	  0.3	  0.2	0.000	0.000	0.000
06	  L	  0.8	  0.2	0.000	0.000	0.000
07	  V	  2.7	  0.1	0.000	0.000	0.000
08	  D	  3.3	  0.3	0.000	0.000	0.000
09	  Y	  4.2	  0.5	0.000	0.000	0.000
10	  T	  2.3	  0.4	0.000	0.000	0.000
11	  G	  1.6	  0.4	0.000	0.000	0.000
12	  V	  1.0	  0.3	0.000	0.000	0.000
13	  A	  1.0	  0.2	0.000	0.000	0.000
14	  N	  0.8	  0.1	0.000	0.000	0.000
15	  S	  0.0	  0.1	0.000	0.000	0.000
