res	aa	Beta	Turn	Helix	Aggregation	Conc-Stab_Aggregation
01	  K	  0.9	  0.0	0.000	0.000	0.000
02	  S	 11.7	  0.0	0.000	0.000	0.000
03	  C	 19.0	  0.0	0.000	0.000	0.000
04	  C	 18.3	  0.3	0.000	0.000	0.000
05	  K	  8.1	  0.3	0.000	0.000	0.000
06	  N	  0.6	  0.4	0.000	0.000	0.000
07	  T	  0.4	  0.5	0.000	0.000	0.000
08	  L	  0.1	  0.5	0.000	0.000	0.000
09	  G	  0.1	  0.9	0.000	0.000	0.000
10	  R	  0.0	  0.8	0.000	0.000	0.000
11	  N	  2.3	  0.7	0.000	0.000	0.000
12	  C	  5.2	  0.5	0.000	0.000	0.000
13	  Y	  6.0	  0.1	0.000	0.000	0.000
14	  N	  4.4	  0.1	0.132	0.000	0.000
15	  T	  5.5	  0.1	0.132	0.000	0.000
16	  C	  5.4	  0.0	0.132	0.000	0.000
17	  R	  5.3	  0.0	0.132	0.000	0.000
18	  F	  2.1	  0.0	0.132	0.000	0.000
19	  M	  1.7	  0.0	0.132	0.000	0.000
20	  K	  1.1	  0.0	0.000	0.000	0.000
21	  K	  0.2	  0.1	0.000	0.000	0.000
22	  P	  0.0	  0.2	0.000	0.000	0.000
23	  R	  0.2	  0.3	0.000	0.000	0.000
24	  K	  0.9	  0.3	0.000	0.000	0.000
25	  T	 11.6	  0.3	0.000	0.000	0.000
26	  C	 11.7	  0.5	0.000	0.000	0.000
27	  S	 11.1	  0.4	0.000	0.000	0.000
28	  G	  0.4	  0.4	0.000	0.000	0.000
29	  L	  0.2	  0.3	0.000	0.000	0.000
30	  C	  0.4	  0.2	0.000	0.000	0.000
31	  G	  0.3	  0.2	0.000	0.000	0.000
32	  C	  0.8	  0.2	0.000	0.000	0.000
33	  K	  1.4	  0.2	0.000	0.000	0.000
34	  I	  1.4	  0.0	0.000	0.000	0.000
35	  S	  0.8	  0.0	0.000	0.000	0.000
