res	aa	Beta	Turn	Helix	Aggregation	Conc-Stab_Aggregation
01	  G	  0.0	  0.3	0.000	0.000	0.000
02	  T	  0.1	  0.8	0.000	0.000	0.000
03	  G	  0.1	  0.8	0.000	0.000	0.000
04	  C	  0.8	  1.6	0.000	0.000	0.000
05	  S	  0.8	  2.1	0.000	0.000	0.000
06	  S	  0.8	  2.5	0.000	0.000	0.000
07	  G	  0.1	  2.5	0.000	0.000	0.000
08	  C	  1.4	  1.7	0.000	0.000	0.000
09	  H	  2.4	  1.0	0.000	0.000	0.000
10	  R	  2.8	  0.2	0.000	0.000	0.000
11	  V	  1.6	  0.2	0.000	0.000	0.000
12	  G	  0.5	  0.3	0.000	0.000	0.000
13	  Q	  0.4	  0.3	0.000	0.000	0.000
14	  Q	  0.8	  0.2	0.000	0.000	0.000
15	  C	  2.8	  0.3	0.000	0.000	0.000
16	  R	  2.9	  0.2	0.000	0.000	0.000
17	  C	  2.4	  0.2	0.000	0.000	0.000
18	  G	  0.4	  0.2	0.000	0.000	0.000
