res	aa	Beta	Turn	Helix	Aggregation	Conc-Stab_Aggregation
01	  T	  2.5	  0.0	0.000	0.000	0.000
02	  I	  4.5	  0.0	0.000	0.000	0.000
03	  I	  4.7	  0.0	0.000	0.000	0.000
04	  G	  2.2	  0.0	0.000	0.000	0.000
05	  A	  0.2	  0.1	0.000	0.000	0.000
06	  P	  0.0	  0.1	0.000	0.000	0.000
07	  C	  1.4	  0.2	0.000	0.000	0.000
08	  R	  1.4	  0.3	0.000	0.000	0.000
09	  K	  5.6	  0.2	0.000	0.000	0.000
10	  C	  5.9	  0.3	0.000	0.000	0.000
11	  E	  5.9	  0.2	0.000	0.000	0.000
12	  H	  2.4	  0.4	0.000	0.000	0.000
13	  L	  0.7	  0.4	0.000	0.000	0.000
14	  D	  0.6	  4.0	0.000	0.000	0.000
15	  R	  0.1	  4.1	0.000	0.000	0.000
16	  S	  0.2	  5.2	0.000	0.000	0.000
17	  G	  0.2	  5.2	0.000	0.000	0.000
18	  N	  0.7	  1.5	0.000	0.000	0.000
19	  C	  2.0	  1.4	0.000	0.000	0.000
20	  V	  2.6	  0.2	0.000	0.000	0.000
21	  R	  2.2	  0.2	0.000	0.000	0.000
22	  D	  1.2	  0.9	0.000	0.000	0.000
23	  W	 12.1	  1.0	0.000	0.000	0.000
24	  S	 13.0	  0.8	0.000	0.000	0.000
25	  C	 12.9	  0.8	0.000	0.000	0.000
26	  G	  1.4	  0.2	0.000	0.000	0.000
27	  Q	  0.3	  0.1	0.000	0.000	0.000
28	  E	  0.1	  0.1	0.000	0.000	0.000
29	  V	  0.1	  0.0	0.000	0.000	0.000
