res	aa	Beta	Turn	Helix	Aggregation	Conc-Stab_Aggregation
01	  S	  2.9	  0.0	0.000	0.000	0.000
02	  C	  4.3	  0.0	0.000	0.000	0.000
03	  Q	  4.7	  0.0	0.000	0.000	0.000
04	  K	  2.0	  0.0	0.000	0.000	0.000
05	  W	  0.9	  0.0	0.000	13.208	13.208
06	  M	  0.7	  0.0	0.000	13.208	13.208
07	  W	 11.4	  0.0	0.000	13.208	13.208
08	  T	 12.9	  0.0	0.151	13.208	13.208
09	  C	 13.4	  0.1	0.151	13.208	13.208
10	  D	  2.8	  0.2	0.151	0.000	0.000
11	  Q	  1.1	  0.2	0.151	0.000	0.000
12	  K	  0.5	  0.2	0.151	0.000	0.000
13	  R	  0.4	  0.3	0.151	0.000	0.000
14	  P	  0.0	  0.2	0.000	0.000	0.000
15	  C	 12.1	  0.2	0.000	0.000	0.000
16	  C	 12.5	  0.7	0.000	0.000	0.000
17	  E	 12.6	  0.5	0.000	0.000	0.000
18	  D	  0.7	  0.5	1.582	0.000	0.000
19	  M	  1.5	  0.5	1.582	0.000	0.000
20	  V	  1.7	  0.0	1.582	0.000	0.000
21	  C	  2.1	  0.0	1.582	0.000	0.000
22	  K	  0.9	  0.0	1.582	0.000	0.000
23	  L	  1.8	  0.0	1.582	0.000	0.000
24	  W	  1.9	  0.0	1.238	0.000	0.000
25	  C	  2.3	  0.0	0.373	0.000	0.000
26	  K	  2.7	  0.0	0.150	0.000	0.000
27	  I	  3.4	  0.0	0.000	0.000	0.000
28	  I	  2.8	  0.0	0.000	0.000	0.000
29	  K	  1.3	  0.0	0.000	0.000	0.000
