res	aa	Beta	Turn	Helix	Aggregation	Conc-Stab_Aggregation
01	  G	  0.0	  0.0	0.556	0.000	0.000
02	  F	  2.5	  0.0	0.819	37.787	37.787
03	  V	  5.9	  0.0	1.212	37.787	37.787
04	  A	  6.1	  0.0	1.368	37.787	37.787
05	  L	  3.9	  0.0	1.368	37.787	37.787
06	  L	  0.6	  0.0	1.368	37.787	37.787
07	  K	  0.4	  0.0	1.368	0.000	0.000
08	  K	  0.3	  0.0	0.976	0.000	0.000
09	  L	  0.2	  0.0	0.380	0.000	0.000
10	  P	  0.1	  0.0	0.158	0.000	0.000
11	  L	  1.3	  0.0	0.158	0.000	0.000
12	  I	  2.1	  0.0	0.158	0.000	0.000
13	  L	  2.4	  0.1	0.158	0.000	0.000
14	  K	  1.3	  0.1	0.158	0.000	0.000
15	  H	  0.6	  0.1	0.158	0.000	0.000
16	  L	  0.3	  0.1	0.000	0.000	0.000
17	  P	  0.1	  0.0	0.000	0.000	0.000
