res	aa	Beta	Turn	Helix	Aggregation	Conc-Stab_Aggregation
01	  G	  0.1	  0.0	1.247	0.000	0.000
02	  L	  0.2	  0.1	1.247	0.619	0.619
03	  A	  0.6	  0.2	1.247	0.619	0.619
04	  S	  0.7	  0.2	2.023	0.619	0.619
05	  L	  0.7	  0.3	2.272	0.619	0.619
06	  L	  0.3	  0.3	2.272	0.619	0.619
07	  G	  0.2	  0.2	4.098	0.000	0.000
08	  K	  0.2	  0.2	3.320	0.000	0.000
09	  A	  0.3	  0.1	2.851	0.000	0.000
10	  L	  0.6	  0.1	2.851	0.000	0.000
11	  K	  0.5	  0.2	2.851	0.000	0.000
12	  A	  0.4	  0.2	2.409	0.000	0.000
13	  G	  0.1	  0.2	1.938	0.000	0.000
14	  L	  1.7	  0.2	0.457	0.000	0.000
15	  K	  1.9	  0.0	0.247	0.000	0.000
16	  I	  1.9	  0.4	0.000	0.000	0.000
17	  G	  0.3	  0.4	0.000	0.000	0.000
18	  T	  3.1	  0.4	0.000	0.000	0.000
19	  H	  4.6	  0.4	0.000	0.000	0.000
20	  F	  4.9	  0.0	0.000	0.000	0.000
21	  L	  1.9	  0.6	0.000	0.000	0.000
22	  G	  0.4	  0.6	0.000	0.000	0.000
23	  G	  0.0	  0.6	0.000	0.000	0.000
24	  A	  0.0	  0.8	0.000	0.000	0.000
25	  P	  0.0	  0.2	0.000	0.000	0.000
26	  Q	  0.0	  0.2	0.000	0.000	0.000
27	  Q	  0.0	  0.2	0.000	0.000	0.000
