res	aa	Beta	Turn	Helix	Aggregation	Conc-Stab_Aggregation
01	  G	  0.1	  0.0	0.000	0.000	0.000
02	  M	  0.2	  0.1	0.000	0.000	0.000
03	  A	  0.4	  0.2	0.000	0.000	0.000
04	  S	  0.4	  0.2	0.000	0.000	0.000
05	  T	  0.3	  0.8	0.000	0.000	0.000
06	  A	  0.2	  0.8	0.000	0.000	0.000
07	  G	  0.1	  0.7	0.132	0.000	0.000
08	  S	  0.6	  0.7	1.052	0.000	0.000
09	  V	  1.1	  0.1	1.214	0.000	0.000
10	  L	  1.1	  0.1	1.214	0.000	0.000
11	  G	  0.6	  0.2	1.833	0.000	0.000
12	  K	  0.3	  0.2	1.833	0.000	0.000
13	  L	  0.4	  0.2	1.702	0.000	0.000
14	  A	  0.4	  0.1	1.702	0.000	0.000
15	  K	  0.3	  0.0	1.702	0.000	0.000
16	  A	  0.6	  0.0	0.862	3.685	3.685
17	  V	  3.8	  0.0	0.425	6.638	6.638
18	  A	  3.7	  0.1	0.425	6.638	6.638
19	  I	  3.4	  0.4	0.147	6.638	6.638
20	  G	  0.2	  0.4	0.147	6.638	6.638
21	  A	  0.1	  0.4	0.000	5.454	5.454
22	  L	  0.0	  0.3	0.000	0.000	0.000
