res	aa	Beta	Turn	Helix	Aggregation	Conc-Stab_Aggregation
01	  G	  0.0	  0.0	0.000	0.000	0.000
02	  L	  0.4	  0.0	0.000	0.717	0.717
03	  W	  0.8	  0.1	0.000	0.717	0.717
04	  S	  1.2	  0.1	0.130	0.717	0.717
05	  T	 12.1	  0.1	0.130	0.717	0.717
06	  I	 12.7	  0.2	0.130	0.717	0.717
07	  K	 12.5	  0.1	0.130	0.000	0.000
08	  Q	  1.4	  0.5	0.222	0.000	0.000
09	  K	  0.3	  0.6	0.222	0.000	0.000
10	  G	  0.0	  0.6	2.942	0.000	0.000
11	  K	  0.1	  0.6	4.349	0.000	0.000
12	  E	  0.2	  0.2	5.710	0.000	0.000
13	  A	  0.3	  0.1	6.394	0.628	0.628
14	  A	  0.4	  0.0	6.949	1.435	1.435
15	  I	  1.2	  0.0	7.692	1.435	1.435
16	  A	  1.1	  0.0	8.368	1.435	1.435
17	  A	  0.9	  0.0	8.582	1.435	1.435
18	  A	  0.1	  0.0	8.408	1.094	1.094
19	  K	  0.2	  0.0	7.553	0.000	0.000
20	  A	  0.2	  0.6	5.364	0.000	0.000
21	  A	  0.2	  0.6	4.828	0.000	0.000
22	  G	  0.1	  0.7	4.882	0.000	0.000
23	  K	  0.2	  0.7	3.097	0.000	0.000
24	  A	  0.3	  0.1	1.009	0.000	0.000
25	  A	  0.4	  0.0	1.009	0.000	0.000
26	  L	  0.6	  0.0	1.009	0.000	0.000
27	  N	  0.5	  0.0	1.009	0.000	0.000
28	  A	  0.4	  0.2	0.553	0.000	0.000
29	  A	  0.1	  0.2	0.325	0.000	0.000
30	  S	  0.1	  0.3	0.157	0.000	0.000
31	  E	  0.1	  0.3	0.000	0.000	0.000
32	  A	  0.0	  0.1	0.000	0.000	0.000
33	  L	  0.0	  0.1	0.000	0.000	0.000
