res	aa	Beta	Turn	Helix	Aggregation	Conc-Stab_Aggregation
01	  G	  0.0	  0.0	0.292	0.000	0.000
02	  V	  3.9	  0.0	0.292	0.917	0.917
03	  V	  8.3	  0.0	0.292	0.917	0.917
04	  D	  8.3	  0.0	0.479	0.917	0.917
05	  I	  5.4	  0.0	0.479	0.917	0.917
06	  L	  0.9	  0.3	0.479	0.917	0.917
07	  K	  0.8	  0.4	0.479	0.917	0.917
08	  G	  0.1	  0.4	0.325	0.118	0.118
09	  A	  0.1	  0.4	0.188	0.118	0.118
10	  A	  0.1	  0.3	0.000	0.118	0.118
11	  K	  0.3	  0.2	0.000	0.000	0.000
12	  D	  0.4	  0.2	0.000	0.000	0.000
13	  I	  1.6	  0.5	0.000	0.000	0.000
14	  A	  1.4	  0.3	0.000	0.000	0.000
15	  G	  1.3	  0.4	0.000	0.000	0.000
16	  H	  0.3	  0.4	0.000	0.000	0.000
17	  L	  0.4	  0.2	0.000	0.000	0.000
18	  A	  0.6	  0.2	0.000	0.000	0.000
19	  S	  0.7	  0.2	0.000	0.000	0.000
20	  K	  1.5	  0.2	0.000	0.000	0.000
21	  V	  3.3	  0.0	0.000	0.000	0.000
22	  M	  2.9	  0.0	0.000	0.000	0.000
23	  N	  2.0	  0.0	0.000	0.000	0.000
