res	aa	Beta	Turn	Helix	Aggregation	Conc-Stab_Aggregation
01	  G	  0.1	  0.0	0.000	0.000	0.000
02	  I	  0.8	  0.1	0.000	0.000	0.000
03	  K	  1.0	  0.1	0.000	0.000	0.000
04	  E	  1.2	  0.1	0.000	0.000	0.000
05	  F	  1.0	  0.1	0.000	0.000	0.000
06	  A	  0.9	  0.0	0.000	0.000	0.000
07	  H	  0.7	  0.3	0.000	0.000	0.000
08	  S	  0.4	  0.6	0.000	0.000	0.000
09	  L	  0.3	  0.9	0.000	0.000	0.000
10	  G	  0.2	  1.0	0.000	0.000	0.000
11	  K	  0.2	  1.0	0.000	0.000	0.000
12	  F	  0.4	  0.9	0.000	0.000	0.000
13	  G	  0.4	  0.6	0.000	0.000	0.000
14	  K	  0.3	  0.5	0.000	0.000	0.000
15	  A	  0.5	  0.3	0.000	9.509	9.509
16	  F	  1.1	  0.0	0.000	20.706	20.706
17	  V	  1.1	  1.3	0.000	20.842	20.842
18	  G	  0.8	  1.3	0.000	20.842	20.842
19	  G	  0.1	  1.3	0.000	20.842	20.842
20	  I	  0.6	  1.4	0.000	20.842	20.842
21	  L	  0.8	  0.1	0.000	20.252	20.252
22	  N	  0.8	  0.0	0.000	1.846	1.846
23	  Q	  0.2	  0.0	0.000	0.000	0.000
