res	aa	Beta	Turn	Helix	Aggregation	Conc-Stab_Aggregation
01	  G	  0.1	  0.0	0.000	0.000	0.000
02	  W	  0.6	  0.2	0.000	0.000	0.000
03	  A	  0.8	  0.2	0.000	0.000	0.000
04	  S	  1.0	  0.2	0.000	0.000	0.000
05	  K	  0.8	  0.4	0.000	0.000	0.000
06	  I	  0.7	  0.4	0.000	0.000	0.000
07	  G	  0.3	  0.5	0.000	0.000	0.000
08	  Q	  0.2	  0.5	0.000	0.000	0.000
09	  T	  0.3	  0.5	0.437	0.000	0.000
10	  L	  0.3	  0.5	0.437	0.000	0.000
11	  G	  0.1	  0.4	0.732	0.000	0.000
12	  K	  0.4	  0.4	0.732	0.000	0.000
13	  M	  0.4	  0.2	0.732	0.000	0.000
14	  A	  0.7	  0.0	0.732	0.000	0.000
15	  K	  0.8	  0.0	0.732	0.000	0.000
16	  V	  1.0	  0.0	0.454	0.000	0.000
17	  G	  0.7	  0.0	1.704	0.000	0.000
18	  L	  0.3	  0.1	1.250	0.000	0.000
19	  Q	  0.1	  0.1	1.250	0.000	0.000
20	  E	  0.1	  0.1	1.250	0.000	0.000
21	  L	  0.3	  0.1	1.250	0.000	0.000
22	  I	  0.3	  0.0	1.250	0.000	0.000
23	  Q	  0.3	  0.0	1.250	0.000	0.000
24	  P	  0.1	  0.0	0.000	0.000	0.000
25	  K	  0.0	  0.0	0.000	0.000	0.000
