res	aa	Beta	Turn	Helix	Aggregation	Conc-Stab_Aggregation
01	  G	  0.0	  0.2	0.332	0.000	0.000
02	  I	  0.1	  0.8	0.332	0.000	0.000
03	  G	  0.2	  0.8	2.078	0.000	0.000
04	  S	  0.3	  0.8	5.276	0.000	0.000
05	  A	  0.3	  0.6	5.420	0.000	0.000
06	  L	  0.2	  0.0	5.573	0.000	0.000
07	  A	  0.2	  0.0	5.692	0.000	0.000
08	  K	  0.2	  0.0	5.692	0.000	0.000
09	  A	  0.2	  0.0	4.704	0.000	0.000
10	  A	  0.4	  0.1	3.779	0.000	0.000
11	  K	  0.8	  0.0	3.001	0.000	0.000
12	  L	  1.6	  0.0	0.933	17.417	17.417
13	  V	  2.0	  0.0	0.265	17.417	17.417
14	  A	  1.5	  0.0	0.265	17.417	17.417
15	  G	  0.7	  0.0	0.119	17.417	17.417
16	  I	  0.1	  0.0	0.000	17.417	17.417
17	  V	  0.1	  0.0	0.000	0.000	0.000
