res	aa	Beta	Turn	Helix	Aggregation	Conc-Stab_Aggregation
01	  F	  1.0	  0.1	0.000	0.000	0.000
02	  L	  2.7	  0.2	0.000	0.000	0.000
03	  S	  3.3	  0.2	0.000	0.000	0.000
04	  L	  2.4	  0.2	0.000	0.000	0.000
05	  I	  0.7	  0.2	0.000	0.000	0.000
06	  P	  0.1	  0.1	0.000	0.000	0.000
07	  T	  0.4	  0.1	0.000	0.149	0.149
08	  A	  0.7	  0.1	0.000	0.396	0.396
09	  I	  1.6	  0.0	0.000	0.396	0.396
10	  N	  1.3	  0.0	2.878	0.396	0.396
11	  A	  1.5	  0.0	2.878	0.693	0.693
12	  V	  2.5	  0.0	2.988	0.853	0.853
13	  S	  2.6	  0.0	4.083	0.457	0.457
14	  A	  2.1	  0.0	4.083	0.457	0.457
15	  L	  0.2	  0.0	4.083	0.457	0.457
16	  A	  0.2	  0.1	3.611	0.297	0.297
17	  K	  0.3	  0.1	3.261	0.000	0.000
18	  H	  0.2	  0.1	1.543	0.000	0.000
19	  F	  0.1	  0.1	0.108	0.000	0.000
