res	aa	Beta	Turn	Helix	Aggregation	Conc-Stab_Aggregation
01	  V	  2.5	  0.0	0.000	0.000	0.000
02	  N	  3.0	  0.0	0.337	0.000	0.000
03	  W	  3.2	  0.1	0.337	0.000	0.000
04	  K	  1.0	  0.1	0.337	0.000	0.000
05	  K	  1.3	  0.1	0.337	0.000	0.000
06	  V	  1.6	  0.1	0.337	0.000	0.000
07	  L	  1.4	  0.0	0.337	0.000	0.000
08	  G	  0.6	  0.0	0.337	0.000	0.000
09	  K	  1.4	  0.0	0.148	0.000	0.000
10	  I	  3.1	  0.0	0.000	0.000	0.000
11	  I	 10.7	  0.0	0.000	0.000	0.000
12	  K	 11.3	  0.0	0.000	0.000	0.000
13	  V	 10.3	  0.0	0.000	0.000	0.000
14	  A	  2.8	  0.0	0.000	0.000	0.000
15	  K	  0.7	  0.0	0.000	0.000	0.000
