res	aa	Beta	Turn	Helix	Aggregation	Conc-Stab_Aggregation
01	  G	  0.1	  0.0	0.000	0.000	0.000
02	  M	  0.2	  0.2	0.000	0.000	0.000
03	  A	  0.4	  0.2	0.000	0.000	0.000
04	  S	  0.4	  0.4	0.000	0.000	0.000
05	  K	  0.3	  0.8	0.000	0.000	0.000
06	  A	  0.2	  0.8	0.000	0.000	0.000
07	  G	  0.1	  0.7	0.000	0.000	0.000
08	  S	  0.6	  0.6	0.215	0.000	0.000
09	  I	  3.6	  0.2	0.215	0.000	0.000
10	  V	  3.6	  0.1	0.215	0.000	0.000
11	  G	  3.0	  0.1	0.561	0.000	0.000
12	  K	  1.3	  0.1	0.561	0.000	0.000
13	  I	  1.8	  0.1	0.561	0.000	0.000
14	  A	  2.1	  0.0	0.561	0.000	0.000
15	  K	  2.1	  0.0	0.561	0.000	0.000
16	  I	  4.2	  0.0	0.346	1.504	1.504
17	  A	  3.9	  0.0	0.346	1.504	1.504
18	  L	  2.7	  0.1	0.346	1.504	1.504
19	  G	  0.1	  0.1	0.186	1.504	1.504
20	  A	  0.0	  0.1	0.000	1.504	1.504
21	  L	  0.0	  0.1	0.000	0.000	0.000
