res	aa	Beta	Turn	Helix	Aggregation	Conc-Stab_Aggregation
01	  G	  0.0	  0.0	0.000	0.000	0.000
02	  F	  1.0	  0.0	0.000	6.569	6.569
03	  F	  2.2	  0.1	0.200	6.742	6.742
04	  L	  2.4	  0.1	0.200	6.742	6.742
05	  N	  1.4	  0.2	0.812	6.742	6.742
06	  A	  0.5	  0.2	0.812	6.742	6.742
07	  L	  0.4	  0.7	0.812	5.771	5.771
08	  K	  0.5	  0.7	0.812	0.000	0.000
09	  N	  0.4	  0.5	0.611	0.000	0.000
10	  F	  0.8	  0.5	0.611	0.000	0.000
11	  A	  0.7	  0.1	0.113	0.000	0.000
12	  K	  1.0	  0.1	0.113	0.000	0.000
13	  T	  0.5	  0.8	0.000	0.000	0.000
14	  A	  0.5	  0.9	0.000	0.000	0.000
15	  G	  0.1	  0.9	0.371	0.000	0.000
16	  K	  0.2	  0.9	0.371	0.000	0.000
17	  R	  0.5	  0.2	0.371	0.000	0.000
18	  L	  0.8	  0.2	0.371	0.000	0.000
19	  K	  0.8	  0.2	0.371	0.000	0.000
20	  S	  0.7	  0.1	0.371	0.000	0.000
21	  L	  0.8	  0.2	0.217	0.000	0.000
22	  L	  1.0	  0.1	0.217	0.000	0.000
23	  N	  0.8	  0.1	0.359	0.000	0.000
24	  H	  0.8	  0.7	0.142	0.000	0.000
25	  A	  0.8	  0.7	0.142	0.000	0.000
26	  S	  2.1	  0.6	0.142	0.000	0.000
27	  C	  2.3	  0.7	0.142	0.000	0.000
28	  K	  2.3	  0.3	0.142	0.000	0.000
29	  L	  1.1	  0.5	0.000	0.000	0.000
30	  S	  0.6	  0.6	0.000	0.000	0.000
31	  G	  0.2	  0.5	0.000	0.000	0.000
32	  Q	  0.0	  0.4	0.000	0.000	0.000
33	  C	  0.0	  0.1	0.000	0.000	0.000
