res	aa	Beta	Turn	Helix	Aggregation	Conc-Stab_Aggregation
01	  G	  0.0	  0.0	0.000	0.000	0.000
02	  K	  0.0	  0.4	0.000	0.000	0.000
03	  P	  0.0	  0.4	0.000	0.000	0.000
04	  S	  0.0	  0.4	0.000	0.000	0.000
05	  R	  0.1	  0.4	0.000	0.000	0.000
06	  P	  0.1	  0.0	0.000	0.000	0.000
07	  R	  0.0	  0.0	0.000	0.000	0.000
08	  P	  0.0	  0.0	0.000	0.000	0.000
09	  A	  0.0	  0.0	0.000	0.000	0.000
10	  P	  0.0	  0.0	0.000	0.000	0.000
11	  I	  0.1	  0.0	0.000	0.000	0.000
12	  Q	  0.1	  0.0	0.000	0.000	0.000
13	  P	  0.1	  0.0	0.000	0.000	0.000
14	  R	  0.0	  0.0	0.000	0.000	0.000
15	  P	  0.0	  0.0	0.000	0.000	0.000
16	  P	  0.0	  0.0	0.000	0.000	0.000
17	  H	  0.0	  0.4	0.000	0.000	0.000
18	  P	  0.0	  0.4	0.000	0.000	0.000
19	  R	  0.0	  0.4	0.000	0.000	0.000
20	  L	  0.0	  0.4	0.000	0.000	0.000
