res	aa	Beta	Turn	Helix	Aggregation	Conc-Stab_Aggregation
01	  V	  0.5	  0.0	0.000	0.000	0.000
02	  D	  0.6	  0.0	0.000	0.000	0.000
03	  A	  0.8	  0.0	0.000	0.000	0.000
04	  C	  4.0	  0.0	0.104	0.000	0.000
05	  Y	  6.2	  0.0	0.104	0.000	0.000
06	  E	  6.0	  0.0	0.104	0.000	0.000
07	  A	  2.5	  0.0	0.104	0.000	0.000
08	  C	  1.6	  0.0	0.104	0.000	0.000
09	  M	  2.2	  0.0	0.104	0.000	0.000
10	  H	  2.6	  0.0	0.104	0.000	0.000
11	  H	  1.9	  0.0	0.000	0.000	0.000
12	  H	  2.2	  0.3	0.000	0.000	0.000
13	  M	  2.0	  0.3	0.000	0.000	0.000
14	  N	  1.4	  3.4	0.133	0.000	0.000
15	  S	  0.5	  5.4	0.281	0.000	0.000
16	  D	  0.0	  5.1	0.988	0.000	0.000
17	  D	  0.8	  5.1	1.859	0.000	0.000
18	  C	  3.5	  2.0	3.458	0.000	0.000
19	  I	  4.3	  0.0	4.211	0.000	0.000
20	  E	  3.6	  0.0	4.211	0.000	0.000
21	  A	  1.0	  0.0	4.211	0.000	0.000
22	  C	  0.5	  0.0	4.211	0.000	0.000
23	  K	  0.4	  0.0	3.942	0.000	0.000
24	  N	  0.3	  0.0	3.767	0.000	0.000
25	  P	  0.0	  0.0	0.000	0.000	0.000
26	  V	  0.0	  0.0	0.000	0.000	0.000
27	  P	  0.0	  0.0	0.000	0.000	0.000
28	  P	  0.0	  0.0	0.000	0.000	0.000
