res	aa	Beta	Turn	Helix	Aggregation	Conc-Stab_Aggregation
01	  V	  0.6	  0.0	0.000	0.000	0.000
02	  I	  0.6	  0.0	0.000	0.000	0.000
03	  P	  0.6	  0.0	0.000	0.382	0.382
04	  F	  2.5	  0.0	0.000	18.097	18.097
05	  V	  4.7	  0.0	0.000	18.627	18.627
06	  A	  5.2	  0.0	0.000	18.627	18.627
07	  S	  3.3	  0.0	0.581	18.627	18.627
08	  V	  2.2	  0.0	0.581	18.627	18.627
09	  A	  1.7	  0.0	0.581	7.799	7.799
10	  A	  1.3	  0.0	0.581	3.583	3.583
11	  E	  0.2	  0.0	0.581	0.000	0.000
12	  M	  0.3	  0.0	0.581	0.000	0.000
13	  M	  0.8	  0.0	0.347	0.000	0.000
14	  Q	  1.3	  0.0	0.125	0.000	0.000
15	  H	  4.1	  0.0	0.000	0.000	0.000
16	  I	  5.0	  0.0	0.000	0.784	0.784
17	  F	  7.1	  0.0	0.000	0.784	0.784
18	  C	  5.5	  0.0	0.387	0.784	0.784
19	  A	  4.2	  0.2	0.387	0.784	0.784
20	  A	  1.8	  0.2	0.387	0.784	0.784
21	  S	  0.4	  0.3	0.387	0.000	0.000
22	  R	  0.3	  0.3	0.387	0.000	0.000
23	  K	  0.2	  0.2	0.387	0.000	0.000
24	  C	  0.0	  0.1	0.000	0.000	0.000
