res	aa	Beta	Turn	Helix	Aggregation	Conc-Stab_Aggregation
01	  G	  0.1	  0.0	0.000	0.000	0.000
02	  M	  0.2	  0.2	0.000	0.000	0.000
03	  A	  0.4	  0.2	0.000	0.000	0.000
04	  S	  0.4	  0.4	0.000	0.000	0.000
05	  K	  0.3	  0.6	0.000	0.000	0.000
06	  A	  0.1	  0.4	0.000	0.000	0.000
07	  G	  0.1	  0.4	0.141	0.000	0.000
08	  T	  2.9	  0.3	0.405	0.000	0.000
09	  I	  4.0	  0.3	0.405	0.000	0.000
10	  A	  4.0	  0.3	0.405	0.000	0.000
11	  G	  1.2	  0.3	0.405	0.000	0.000
12	  K	  1.3	  0.3	0.405	0.000	0.000
13	  I	  1.8	  0.0	0.263	0.000	0.000
14	  A	  1.8	  0.1	0.263	0.000	0.000
15	  K	  0.9	  0.1	0.263	0.000	0.000
16	  T	  0.8	  0.1	0.000	0.000	0.000
17	  A	  1.2	  0.1	0.000	0.000	0.000
18	  I	  6.2	  0.0	0.000	0.000	0.000
19	  K	  6.1	  0.0	0.000	0.000	0.000
20	  L	  5.9	  0.0	0.000	0.000	0.000
21	  A	  0.6	  0.0	0.000	0.000	0.000
22	  L	  0.3	  0.0	0.000	0.000	0.000
