res	aa	Beta	Turn	Helix	Aggregation	Conc-Stab_Aggregation
01	  E	  1.1	  0.0	0.000	0.000	0.000
02	  C	  9.7	  0.0	0.000	0.000	0.000
03	  C	 10.3	  0.0	0.000	0.000	0.000
04	  R	 10.0	  0.0	0.000	0.000	0.000
05	  Y	  2.6	  0.1	0.000	0.000	0.000
06	  V	  4.2	  0.1	0.000	0.000	0.000
07	  D	  4.2	  0.1	0.162	0.000	0.000
08	  C	  4.0	  0.3	0.162	0.000	0.000
09	  R	  1.9	  0.5	0.162	0.000	0.000
10	  R	  1.2	  0.7	0.162	0.000	0.000
11	  G	  0.3	  0.7	0.162	0.000	0.000
12	  C	  0.5	  0.5	0.162	0.000	0.000
13	  T	  0.5	  0.4	0.000	0.000	0.000
14	  P	  0.3	  0.2	0.000	0.000	0.000
15	  C	  0.0	  0.2	0.000	0.000	0.000
16	  C	  0.0	  0.2	0.000	0.000	0.000
