res	aa	Beta	Turn	Helix	Aggregation	Conc-Stab_Aggregation
01	  G	  0.0	  0.0	0.000	0.000	0.000
02	  F	  0.7	  0.1	0.000	0.000	0.000
03	  K	  0.9	  0.1	0.000	0.000	0.000
04	  Q	  2.3	  0.1	0.000	0.000	0.000
05	  F	  3.1	  0.1	0.000	0.000	0.000
06	  V	  3.8	  0.0	0.000	0.000	0.000
07	  H	  2.5	  0.2	0.000	0.000	0.000
08	  S	  1.5	  0.6	0.000	0.000	0.000
09	  M	  0.5	  0.9	0.000	0.000	0.000
10	  G	  0.4	  1.0	0.000	0.000	0.000
11	  K	  0.3	  1.0	0.000	0.000	0.000
12	  F	  0.4	  0.9	0.000	0.000	0.000
13	  G	  0.4	  0.6	0.000	0.000	0.000
14	  K	  0.3	  0.5	0.000	0.160	0.160
15	  A	  0.5	  0.3	0.000	0.160	0.160
16	  F	  1.1	  0.2	0.000	0.160	0.160
17	  V	  1.1	  0.2	0.000	0.160	0.160
18	  G	  0.8	  0.2	0.000	0.160	0.160
19	  E	  0.3	  0.2	0.000	0.160	0.160
20	  I	  1.9	  0.1	0.000	0.160	0.160
21	  I	  2.1	  0.0	0.000	0.160	0.160
22	  N	  1.9	  0.0	0.000	0.000	0.000
23	  P	  0.3	  0.0	0.000	0.000	0.000
24	  K	  0.0	  0.0	0.000	0.000	0.000
