res	aa	Beta	Turn	Helix	Aggregation	Conc-Stab_Aggregation
01	  G	  0.0	  0.2	0.141	0.000	0.000
02	  L	  0.0	  0.3	0.141	0.142	0.142
03	  G	  0.0	  0.3	0.141	0.142	0.142
04	  S	  0.6	  0.3	1.224	0.142	0.142
05	  V	  1.1	  0.1	1.618	0.142	0.142
06	  L	  1.1	  0.0	1.618	0.142	0.142
07	  G	  0.6	  0.0	2.487	0.000	0.000
08	  K	  0.6	  0.0	2.487	0.000	0.000
09	  I	  1.4	  0.0	2.347	0.000	0.000
10	  L	  2.7	  0.0	2.347	0.000	0.000
11	  K	  2.4	  0.1	2.347	0.000	0.000
12	  M	  1.7	  0.3	1.866	0.000	0.000
13	  G	  0.3	  0.8	0.943	0.000	0.000
14	  A	  0.1	  0.8	0.176	0.000	0.000
15	  N	  0.1	  0.8	0.176	0.000	0.000
16	  L	  0.2	  0.6	0.176	0.000	0.000
17	  L	  0.1	  0.7	0.176	0.000	0.000
18	  G	  0.1	  0.7	0.176	0.000	0.000
19	  G	  0.0	  0.6	0.000	0.000	0.000
20	  A	  0.0	  1.2	0.000	0.000	0.000
21	  P	  0.0	  1.2	0.000	0.000	0.000
22	  K	  0.0	  1.2	0.000	0.000	0.000
23	  G	  0.0	  1.2	0.000	0.000	0.000
24	  A	  0.0	  0.6	0.000	0.000	0.000
