res	aa	Beta	Turn	Helix	Aggregation	Conc-Stab_Aggregation
01	  G	  0.0	  0.0	0.197	0.000	0.000
02	  F	  0.9	  0.2	0.197	0.582	0.582
03	  L	  3.0	  0.2	0.197	0.582	0.582
04	  D	  3.1	  0.2	0.339	0.582	0.582
05	  V	  3.3	  0.2	0.339	0.582	0.582
06	  L	  1.3	  0.6	0.339	0.582	0.582
07	  K	  1.2	  0.6	0.339	0.582	0.582
08	  G	  0.1	  0.9	0.339	0.180	0.180
09	  V	  0.1	  1.0	0.141	0.180	0.180
10	  G	  0.1	  0.4	0.875	0.000	0.000
11	  K	  0.3	  0.4	0.734	0.000	0.000
12	  A	  0.3	  0.3	0.734	0.000	0.000
13	  A	  0.3	  0.2	0.734	0.122	0.122
14	  L	  0.2	  0.2	0.734	0.328	0.328
15	  G	  0.1	  0.2	0.852	0.328	0.328
16	  A	  0.4	  0.0	0.422	0.328	0.328
17	  V	  4.5	  0.0	0.118	0.328	0.328
18	  T	  5.9	  0.0	0.118	0.206	0.206
19	  H	  9.0	  0.0	0.118	0.000	0.000
20	  H	 10.8	  0.1	0.118	0.000	0.000
21	  I	  9.6	  0.2	0.000	0.000	0.000
22	  N	  6.2	  0.1	0.000	0.000	0.000
23	  N	  0.4	  0.1	0.000	0.000	0.000
24	  L	  0.9	  0.0	0.000	0.000	0.000
25	  V	  2.6	  0.0	0.000	0.000	0.000
26	  N	  2.5	  0.0	0.000	0.000	0.000
27	  Q	  1.9	  0.0	0.000	0.000	0.000
28	  Q	  0.1	  0.0	0.000	0.000	0.000
