res	aa	Beta	Turn	Helix	Aggregation	Conc-Stab_Aggregation
01	  G	  0.1	  0.0	0.000	0.000	0.000
02	  M	  0.2	  0.2	0.000	0.000	0.000
03	  A	  0.4	  0.2	0.000	0.000	0.000
04	  S	  0.4	  0.4	0.172	0.000	0.000
05	  K	  0.3	  0.7	0.172	0.000	0.000
06	  A	  0.1	  0.6	0.172	0.000	0.000
07	  G	  0.1	  0.5	0.535	0.000	0.000
08	  A	  0.3	  0.4	0.535	0.000	0.000
09	  I	  1.4	  0.3	0.535	0.000	0.000
10	  A	  1.4	  0.3	0.535	0.000	0.000
11	  G	  1.2	  0.3	0.700	0.000	0.000
12	  K	  1.3	  0.3	0.700	0.000	0.000
13	  I	  1.8	  0.0	0.165	0.000	0.000
14	  A	  2.0	  0.0	0.165	0.000	0.000
15	  K	  2.8	  0.0	0.165	0.000	0.000
16	  V	  5.7	  0.0	0.165	0.000	0.000
17	  A	  5.6	  0.0	0.165	0.000	0.000
18	  L	  3.8	  0.0	0.165	0.000	0.000
19	  K	  0.6	  0.0	0.165	0.000	0.000
20	  A	  0.4	  0.0	0.000	0.000	0.000
21	  L	  0.1	  0.0	0.000	0.000	0.000
