res	aa	Beta	Turn	Helix	Aggregation	Conc-Stab_Aggregation
01	  G	  0.0	  0.0	0.000	0.000	0.000
02	  F	  0.8	  0.2	0.000	0.000	0.000
03	  L	  3.0	  0.2	0.000	0.000	0.000
04	  D	  4.0	  0.2	0.102	0.000	0.000
05	  I	 11.3	  0.2	0.102	3.055	3.055
06	  V	 11.3	  0.0	0.102	3.183	3.183
07	  L	 11.3	  0.0	0.102	3.183	3.183
08	  H	  3.7	  0.1	0.334	3.183	3.183
09	  V	  1.7	  0.2	0.334	3.183	3.183
10	  G	  0.6	  0.2	0.759	2.443	2.443
11	  L	  0.4	  0.2	0.656	2.443	2.443
12	  A	  0.2	  0.6	0.929	2.060	2.060
13	  A	  0.1	  0.7	0.929	1.736	1.736
14	  G	  0.1	  0.7	1.706	0.133	0.133
15	  K	  0.2	  0.7	1.581	0.000	0.000
16	  A	  0.3	  0.1	1.049	0.249	0.249
17	  A	  0.4	  0.0	1.049	0.543	0.543
18	  L	  0.6	  0.0	1.049	0.543	0.543
19	  N	  0.5	  0.0	0.919	0.543	0.543
20	  A	  0.7	  0.0	0.265	0.543	0.543
21	  V	  0.7	  0.0	0.000	0.543	0.543
22	  N	  0.6	  0.0	0.000	0.000	0.000
23	  E	  0.3	  0.0	0.000	0.000	0.000
24	  A	  0.4	  0.0	0.000	0.000	0.000
25	  V	  2.1	  0.0	0.000	0.000	0.000
26	  N	  2.1	  0.0	0.000	0.000	0.000
27	  Q	  1.7	  0.0	0.000	0.000	0.000
