res	aa	Beta	Turn	Helix	Aggregation	Conc-Stab_Aggregation
01	  G	  0.0	  0.2	0.000	0.000	0.000
02	  L	  0.0	  0.6	0.000	0.162	0.162
03	  G	  0.0	  0.7	0.000	0.162	0.162
04	  S	  0.2	  0.7	0.000	0.162	0.162
05	  L	  0.3	  0.6	0.000	0.896	0.896
06	  L	  0.3	  0.6	0.000	1.023	1.023
07	  G	  0.1	  0.6	0.171	0.861	0.861
08	  S	  0.3	  0.6	0.171	0.861	0.861
09	  L	  0.5	  0.5	0.171	0.861	0.861
10	  F	  1.9	  0.1	0.171	0.861	0.861
11	  K	  2.3	  0.0	0.171	0.000	0.000
12	  F	  2.3	  0.0	0.171	0.000	0.000
13	  I	  0.9	  0.0	0.000	0.000	0.000
14	  P	  0.1	  0.0	0.000	0.000	0.000
15	  K	  0.5	  0.0	0.000	0.000	0.000
16	  L	  0.6	  0.0	0.000	0.000	0.000
17	  L	  0.6	  0.3	0.000	0.000	0.000
18	  P	  0.1	  0.3	0.000	0.000	0.000
19	  S	  0.4	  0.3	0.000	0.000	0.000
20	  I	  0.7	  0.3	0.000	0.000	0.000
21	  Q	  0.7	  0.0	0.000	0.000	0.000
22	  Q	  0.4	  0.0	0.000	0.000	0.000
