res	aa	Beta	Turn	Helix	Aggregation	Conc-Stab_Aggregation
01	  G	  0.0	  0.2	0.671	0.000	0.000
02	  L	  0.0	  0.6	0.671	0.000	0.000
03	  G	  0.0	  0.7	0.830	0.000	0.000
04	  S	  0.2	  0.7	0.830	0.000	0.000
05	  L	  0.3	  0.6	0.830	0.000	0.000
06	  L	  0.3	  0.3	0.830	0.000	0.000
07	  G	  0.2	  0.3	0.989	0.000	0.000
08	  K	  0.2	  0.3	0.567	0.000	0.000
09	  A	  0.4	  0.1	0.159	0.000	0.000
10	  F	  2.3	  0.1	0.159	0.000	0.000
11	  K	  2.5	  0.0	0.159	0.000	0.000
12	  I	  2.4	  0.1	0.159	0.000	0.000
13	  G	  0.5	  0.1	0.988	0.000	0.000
14	  L	  0.4	  0.1	0.828	0.000	0.000
15	  K	  1.0	  0.1	0.828	0.000	0.000
16	  T	  1.5	  0.3	0.828	0.000	0.000
17	  V	  1.4	  0.5	0.828	0.000	0.000
18	  G	  0.6	  0.5	0.828	0.000	0.000
19	  K	  0.4	  0.5	0.250	0.000	0.000
20	  M	  0.5	  0.2	0.000	0.000	0.000
21	  M	  0.6	  0.2	0.000	0.000	0.000
22	  G	  0.3	  0.2	0.000	0.000	0.000
23	  G	  0.1	  0.2	0.000	0.000	0.000
24	  A	  0.0	  0.4	0.000	0.000	0.000
25	  P	  0.0	  0.2	0.000	0.000	0.000
26	  R	  0.1	  0.2	0.000	0.000	0.000
27	  E	  0.0	  0.2	0.000	0.000	0.000
28	  Q	  0.0	  0.0	0.000	0.000	0.000
