res	aa	Beta	Turn	Helix	Aggregation	Conc-Stab_Aggregation
01	  F	  0.7	  0.2	0.000	0.000	0.000
02	  W	  0.8	  0.5	0.000	4.554	4.554
03	  G	  0.8	  0.5	0.000	4.706	4.706
04	  A	  0.4	  0.5	0.000	6.472	6.472
05	  L	  1.2	  0.3	0.000	8.243	8.243
06	  V	  1.8	  0.0	0.000	8.243	8.243
07	  A	  1.5	  0.0	0.000	6.319	6.319
08	  G	  0.8	  0.0	0.000	4.533	4.533
09	  L	  0.2	  0.0	0.000	4.125	4.125
10	  A	  0.2	  0.2	0.121	0.000	0.000
11	  P	  0.0	  0.2	0.121	0.000	0.000
12	  K	  2.1	  0.2	0.121	0.000	0.000
13	  V	  5.2	  0.2	0.121	1.344	1.344
14	  A	  5.3	  0.0	0.121	1.344	1.344
15	  I	  3.6	  0.1	0.121	1.344	1.344
16	  G	  0.4	  0.1	1.054	1.344	1.344
17	  I	  1.8	  0.1	0.933	1.344	1.344
18	  K	  1.8	  0.1	0.933	0.000	0.000
19	  A	  2.0	  0.0	0.933	0.000	0.000
20	  I	  0.9	  0.0	0.933	0.000	0.000
21	  N	  0.7	  0.4	0.933	0.000	0.000
22	  K	  0.4	  0.4	0.584	0.000	0.000
23	  K	  0.1	  0.4	0.264	0.000	0.000
24	  G	  0.0	  0.4	0.000	0.000	0.000
