res	aa	Beta	Turn	Helix	Aggregation	Conc-Stab_Aggregation
01	  G	  0.0	  0.0	0.719	0.000	0.000
02	  L	  0.2	  0.0	0.719	10.525	10.525
03	  L	  0.5	  0.0	0.719	11.191	11.191
04	  T	  1.2	  0.0	0.719	11.296	11.296
05	  N	  1.1	  0.0	1.092	11.471	11.471
06	  V	  1.4	  0.2	1.092	15.795	15.795
07	  L	  0.8	  0.1	1.092	15.178	15.178
08	  G	  0.6	  0.1	2.074	11.371	11.371
09	  F	  0.8	  0.1	1.699	11.049	11.049
10	  L	  0.9	  0.0	1.355	9.169	9.169
11	  K	  0.9	  0.1	1.355	0.000	0.000
12	  K	  0.2	  0.6	1.355	0.000	0.000
13	  A	  0.1	  0.8	1.136	0.000	0.000
14	  G	  0.1	  1.2	0.873	0.000	0.000
15	  K	  0.0	  1.2	0.173	0.000	0.000
16	  G	  0.0	  0.7	0.000	0.000	0.000
17	  V	  2.9	  0.5	0.000	0.119	0.119
18	  L	  3.1	  0.2	0.000	0.119	0.119
19	  S	  3.1	  0.3	0.000	0.119	0.119
20	  G	  0.2	  0.3	0.000	0.119	0.119
21	  L	  0.1	  0.2	0.000	0.119	0.119
22	  L	  0.1	  0.1	0.000	0.000	0.000
23	  P	  0.1	  0.0	0.000	0.000	0.000
24	  L	  0.0	  0.0	0.000	0.000	0.000
