res	aa	Beta	Turn	Helix	Aggregation	Conc-Stab_Aggregation
01	  F	  0.7	  0.2	0.000	0.000	0.000
02	  W	  0.8	  0.3	0.000	0.676	0.676
03	  G	  0.8	  0.3	0.498	0.676	0.676
04	  A	  0.6	  0.3	0.498	0.676	0.676
05	  V	  1.3	  0.1	0.498	0.676	0.676
06	  W	  2.4	  0.0	0.498	0.676	0.676
07	  K	  2.5	  0.0	0.498	0.000	0.000
08	  I	  3.0	  0.0	0.498	0.000	0.000
09	  L	  2.1	  0.0	0.498	0.000	0.000
10	  S	  1.9	  0.0	0.498	0.000	0.000
11	  K	  2.4	  0.0	0.321	0.000	0.000
12	  V	  2.6	  0.0	0.000	0.000	0.000
13	  L	  2.3	  0.2	0.000	0.000	0.000
14	  P	  0.4	  0.2	0.000	0.000	0.000
15	  H	  0.6	  0.2	0.000	0.000	0.000
16	  I	  0.6	  0.6	0.000	0.000	0.000
17	  P	  0.6	  0.4	0.000	0.000	0.000
18	  G	  0.0	  0.4	0.000	0.000	0.000
19	  T	 15.9	  0.4	0.000	0.000	0.000
20	  V	 18.1	  0.0	0.000	0.000	0.000
21	  K	 18.2	  0.0	0.000	0.000	0.000
22	  W	  3.1	  0.0	0.000	0.000	0.000
23	  L	  0.6	  0.0	0.000	0.000	0.000
24	  Q	  0.5	  0.1	0.000	0.000	0.000
25	  E	  0.2	  0.1	0.000	0.000	0.000
26	  K	  0.2	  0.1	0.000	0.000	0.000
27	  V	  0.1	  0.0	0.000	0.000	0.000
