res	aa	Beta	Turn	Helix	Aggregation	Conc-Stab_Aggregation
01	  G	  0.1	  0.0	0.000	0.000	0.000
02	  W	  0.6	  0.2	0.000	0.000	0.000
03	  A	  0.8	  0.2	0.000	0.000	0.000
04	  S	  1.0	  0.2	0.000	0.000	0.000
05	  K	  0.8	  0.2	0.000	0.000	0.000
06	  I	  0.6	  0.6	0.000	0.000	0.000
07	  G	  0.3	  0.6	0.119	0.000	0.000
08	  E	  0.1	  0.6	0.119	0.000	0.000
09	  T	  0.1	  0.8	1.275	0.000	0.000
10	  L	  0.2	  0.5	1.275	0.000	0.000
11	  G	  0.1	  0.4	1.580	0.000	0.000
12	  K	  0.4	  0.4	1.580	0.000	0.000
13	  M	  0.4	  0.2	1.460	0.000	0.000
14	  A	  0.7	  0.0	1.460	0.000	0.000
15	  K	  0.8	  0.0	1.460	0.000	0.000
16	  V	  1.0	  0.1	0.769	0.000	0.000
17	  G	  0.7	  0.1	1.118	0.000	0.000
18	  L	  0.4	  0.1	0.349	0.000	0.000
19	  H	  0.4	  0.2	0.349	0.000	0.000
20	  E	  0.4	  0.1	0.349	0.000	0.000
21	  L	  0.5	  0.1	0.349	0.000	0.000
22	  I	  0.3	  0.1	0.349	0.000	0.000
23	  Q	  0.3	  0.0	0.349	0.000	0.000
24	  P	  0.1	  0.0	0.000	0.000	0.000
25	  K	  0.0	  0.0	0.000	0.000	0.000
