res	aa	Beta	Turn	Helix	Aggregation	Conc-Stab_Aggregation
01	  S	  0.8	  0.0	0.000	0.000	0.000
02	  I	  1.1	  0.1	0.000	0.000	0.000
03	  K	  1.1	  0.2	0.000	0.000	0.000
04	  D	  0.4	  0.2	0.000	0.000	0.000
05	  K	  0.8	  0.2	0.000	0.000	0.000
06	  I	  0.9	  0.0	0.000	0.000	0.000
07	  C	  1.5	  0.0	0.000	0.000	0.000
08	  K	  2.3	  0.0	0.000	0.000	0.000
09	  I	  3.4	  0.0	0.000	0.000	0.000
10	  I	  3.1	  0.0	0.000	0.000	0.000
11	  Q	  1.8	  0.0	0.000	0.000	0.000
12	  A	  0.6	  0.1	0.000	0.000	0.000
13	  Q	  0.4	  0.2	0.000	0.000	0.000
14	  C	  0.4	  0.3	0.000	0.000	0.000
15	  G	  0.3	  0.4	0.000	0.000	0.000
16	  K	  0.4	  0.3	0.000	0.000	0.000
17	  K	  0.2	  0.1	0.000	0.000	0.000
18	  L	  0.2	  0.1	0.000	0.000	0.000
19	  P	  0.1	  0.0	0.000	0.000	0.000
20	  F	  0.0	  0.0	0.000	0.000	0.000
21	  T	  0.0	  0.0	0.000	0.000	0.000
