res	aa	Beta	Turn	Helix	Aggregation	Conc-Stab_Aggregation
01	  G	  0.0	  0.3	0.000	0.000	0.000
02	  F	  0.2	  3.2	0.000	0.154	0.154
03	  G	  0.2	  3.3	0.155	0.154	0.154
04	  S	  0.3	  3.3	0.451	0.154	0.154
05	  L	  0.3	  3.1	0.563	0.154	0.154
06	  L	  0.3	  0.3	0.563	0.154	0.154
07	  G	  0.2	  0.2	0.715	0.000	0.000
08	  K	  0.2	  0.2	0.715	0.000	0.000
09	  A	  0.3	  0.1	0.560	0.000	0.000
10	  L	  2.0	  0.0	0.560	0.000	0.000
11	  K	  2.1	  0.0	0.560	0.000	0.000
12	  I	  2.0	  0.5	0.152	0.000	0.000
13	  G	  0.3	  0.6	0.152	0.000	0.000
14	  T	  0.3	  0.6	0.000	0.000	0.000
15	  N	  0.2	  0.6	0.000	0.000	0.000
16	  L	  0.2	  0.1	0.000	0.000	0.000
17	  L	  0.0	  0.0	0.000	0.000	0.000
