res	aa	Beta	Turn	Helix	Aggregation	Conc-Stab_Aggregation
01	  G	  0.0	  0.0	0.000	0.000	0.000
02	  K	  0.0	  0.0	0.000	0.000	0.000
03	  P	  0.0	  0.0	0.000	0.000	0.000
04	  R	  0.0	  0.2	0.000	0.000	0.000
05	  P	  0.0	  0.2	0.000	0.000	0.000
06	  Q	  0.4	  0.2	0.000	0.000	0.000
07	  Q	  0.4	  0.2	0.000	0.000	0.000
08	  V	  0.4	  0.1	0.000	0.000	0.000
09	  P	  0.0	  0.0	0.000	0.000	0.000
10	  P	  0.0	  0.0	0.000	0.000	0.000
11	  R	  0.0	  0.0	0.000	0.000	0.000
12	  P	  0.0	  0.0	0.000	0.000	0.000
13	  P	  0.0	  0.0	0.000	0.000	0.000
14	  H	  0.0	  0.4	0.000	0.000	0.000
15	  P	  0.0	  0.4	0.000	0.000	0.000
16	  R	  0.0	  0.4	0.000	0.000	0.000
17	  L	  0.0	  0.4	0.000	0.000	0.000
