res	aa	Beta	Turn	Helix	Aggregation	Conc-Stab_Aggregation
01	  G	  0.0	  0.3	0.000	0.000	0.000
02	  F	  0.2	  1.9	0.000	0.327	0.327
03	  G	  0.2	  1.9	0.000	0.327	0.327
04	  S	  0.7	  1.9	0.746	0.327	0.327
05	  F	  0.9	  1.8	1.088	0.327	0.327
06	  L	  0.9	  0.2	1.088	0.327	0.327
07	  G	  0.4	  0.3	4.052	0.000	0.000
08	  K	  0.2	  0.3	4.052	0.000	0.000
09	  A	  0.3	  0.1	4.283	0.000	0.000
10	  L	  0.6	  0.1	4.442	0.000	0.000
11	  K	  0.6	  0.0	4.442	0.000	0.000
12	  A	  0.5	  0.0	4.097	0.000	0.000
13	  A	  0.4	  0.0	3.752	0.000	0.000
14	  L	  1.9	  0.0	3.350	0.000	0.000
15	  K	  2.0	  0.0	2.784	0.000	0.000
16	  I	  1.9	  0.5	0.311	0.000	0.000
17	  G	  0.3	  0.9	0.593	0.000	0.000
18	  A	  0.1	  0.9	0.398	0.000	0.000
19	  N	  0.0	  1.3	0.398	0.000	0.000
20	  A	  0.1	  0.9	0.282	0.000	0.000
21	  L	  0.1	  1.0	0.282	0.000	0.000
22	  G	  0.1	  1.0	0.282	0.000	0.000
23	  G	  0.0	  0.6	0.111	0.000	0.000
24	  A	  0.0	  0.8	0.000	0.000	0.000
25	  P	  0.0	  0.2	0.000	0.000	0.000
26	  Q	  0.0	  0.2	0.000	0.000	0.000
27	  Q	  0.0	  0.2	0.000	0.000	0.000
