res	aa	Beta	Turn	Helix	Aggregation	Conc-Stab_Aggregation
01	  E	  0.5	  0.0	0.000	0.000	0.000
02	  V	  7.2	  0.0	0.000	0.000	0.000
03	  V	  9.4	  0.0	0.000	0.000	0.000
04	  L	  9.1	  0.1	0.000	0.000	0.000
05	  D	  2.5	  8.6	0.161	0.000	0.000
06	  S	  0.2	  8.9	2.975	0.000	0.000
07	  D	  0.0	  8.9	4.255	0.000	0.000
08	  G	  0.0	  8.9	16.100	0.000	0.000
09	  E	  0.0	  0.4	16.202	0.000	0.000
10	  M	  0.2	  0.1	16.202	0.000	0.000
11	  L	  0.3	  0.4	16.202	0.000	0.000
12	  R	  0.3	  0.9	16.202	0.000	0.000
13	  N	  0.2	  1.8	16.107	0.000	0.000
14	  G	  0.0	  1.9	6.079	0.000	0.000
15	  G	  0.0	  1.5	3.123	0.000	0.000
16	  K	  0.3	  1.1	0.379	0.000	0.000
17	  Y	  1.3	  0.1	0.000	0.000	0.000
18	  Y	  3.0	  0.0	0.000	0.000	0.000
19	  L	  2.8	  0.0	0.000	0.000	0.000
20	  S	  1.9	  0.1	0.000	0.000	0.000
21	  P	  0.1	  0.1	0.000	0.000	0.000
22	  A	  0.0	  0.1	0.000	0.000	0.000
23	  S	  0.0	  0.1	0.000	0.000	0.000
24	  P	  0.0	  0.0	0.000	0.000	0.000
25	  I	  0.1	  0.3	0.000	0.000	0.000
26	  G	  0.1	  0.5	0.000	0.000	0.000
27	  G	  0.1	  0.5	0.000	0.000	0.000
28	  G	  0.0	  0.5	0.000	0.000	0.000
29	  A	  0.0	  0.2	0.000	0.000	0.000
