res	aa	Beta	Turn	Helix	Aggregation	Conc-Stab_Aggregation
01	  G	  0.1	  0.0	0.000	0.000	0.000
02	  M	  0.2	  0.1	0.000	0.000	0.000
03	  A	  0.4	  0.2	0.000	0.000	0.000
04	  S	  0.4	  0.2	0.000	0.000	0.000
05	  T	  0.3	  0.8	0.000	0.000	0.000
06	  A	  0.2	  0.8	0.000	0.000	0.000
07	  G	  0.1	  0.8	0.133	0.000	0.000
08	  S	  0.6	  0.7	0.759	0.000	0.000
09	  V	  1.1	  0.1	0.908	0.000	0.000
10	  L	  1.1	  0.1	0.908	0.000	0.000
11	  G	  0.6	  0.2	1.040	0.000	0.000
12	  K	  0.3	  0.2	1.040	0.000	0.000
13	  L	  0.4	  0.2	0.908	0.000	0.000
14	  A	  0.6	  0.1	0.908	0.000	0.000
15	  K	  2.4	  0.0	0.908	0.000	0.000
16	  V	  5.6	  0.0	0.133	3.090	3.090
17	  A	  5.3	  0.1	0.133	3.090	3.090
18	  I	  3.4	  0.4	0.000	3.090	3.090
19	  G	  0.2	  0.4	0.000	3.090	3.090
20	  A	  0.1	  0.4	0.000	3.090	3.090
21	  L	  0.0	  0.3	0.000	0.000	0.000
