res	aa	Beta	Turn	Helix	Aggregation	Conc-Stab_Aggregation
01	  F	  1.0	  0.1	0.000	0.000	0.000
02	  L	  2.7	  0.2	0.000	0.000	0.000
03	  S	  3.3	  0.2	0.000	0.000	0.000
04	  L	  2.4	  0.2	0.000	0.000	0.000
05	  I	  0.7	  0.1	0.000	0.000	0.000
06	  P	  0.1	  0.1	0.000	0.000	0.000
07	  H	  0.7	  0.1	0.000	0.000	0.000
08	  A	  0.9	  0.1	0.000	0.203	0.203
09	  I	  1.9	  0.0	0.000	0.326	0.326
10	  N	  1.3	  0.0	1.672	0.326	0.326
11	  A	  1.6	  0.0	1.672	0.930	0.930
12	  V	  2.6	  0.0	1.672	1.257	1.257
13	  S	  2.7	  0.0	2.654	1.054	1.054
14	  A	  2.5	  0.0	2.654	1.054	1.054
15	  I	  1.0	  0.0	2.654	1.054	1.054
16	  A	  0.8	  0.1	2.654	0.604	0.604
17	  K	  0.7	  0.1	2.387	0.000	0.000
18	  H	  0.2	  0.1	1.458	0.000	0.000
19	  F	  0.1	  0.1	0.109	0.000	0.000
