res	aa	Beta	Turn	Helix	Aggregation	Conc-Stab_Aggregation
01	  A	  0.1	  0.0	0.000	0.000	0.000
02	  L	  0.3	  0.0	0.114	0.000	0.000
03	  W	  0.5	  0.5	0.316	0.000	0.000
04	  K	  0.6	  0.5	0.472	0.000	0.000
05	  D	  0.5	  0.5	0.472	0.000	0.000
06	  V	  1.4	  0.5	0.472	0.000	0.000
07	  L	  1.3	  0.0	0.472	0.000	0.000
08	  K	  1.4	  0.0	0.472	0.000	0.000
09	  K	  0.5	  0.0	0.472	0.000	0.000
10	  I	  0.5	  0.1	0.000	0.429	0.429
11	  G	  0.3	  0.1	0.294	0.429	0.429
12	  T	  4.0	  0.1	0.406	0.429	0.429
13	  V	  7.2	  0.1	0.406	0.429	0.429
14	  A	  7.4	  0.0	0.406	0.429	0.429
15	  L	  4.0	  0.0	0.406	0.429	0.429
16	  H	  0.7	  1.2	0.543	0.000	0.000
17	  A	  0.4	  1.3	0.365	0.000	0.000
18	  G	  0.2	  1.4	0.896	0.000	0.000
19	  K	  0.2	  1.3	0.784	0.000	0.000
20	  A	  0.3	  0.3	0.668	1.068	1.068
21	  A	  0.3	  0.2	0.668	2.324	2.324
22	  L	  0.2	  0.2	0.668	2.447	2.447
23	  G	  0.1	  0.2	0.532	2.447	2.447
24	  A	  0.3	  0.0	0.222	2.447	2.447
25	  V	  0.9	  0.2	0.000	2.447	2.447
26	  A	  0.9	  0.2	0.000	1.191	1.191
27	  D	  1.2	  0.2	0.000	0.000	0.000
28	  T	 13.9	  0.2	0.000	0.000	0.000
29	  I	 14.3	  0.0	0.000	0.000	0.000
30	  S	 13.7	  0.0	0.000	0.000	0.000
31	  E	  0.6	  0.0	0.000	0.000	0.000
