res	aa	Beta	Turn	Helix	Aggregation	Conc-Stab_Aggregation
01	  G	  0.0	  0.0	0.000	0.000	0.000
02	  L	  0.7	  0.0	0.000	2.479	2.479
03	  V	  1.4	  0.1	0.000	2.607	2.607
04	  S	  1.4	  0.1	0.000	2.607	2.607
05	  G	  0.6	  0.1	0.000	2.607	2.607
06	  L	  0.4	  0.2	0.000	2.949	2.949
07	  L	  0.8	  0.2	0.000	2.627	2.627
08	  N	  1.1	  0.1	0.272	0.652	0.652
09	  S	  4.4	  0.1	0.381	0.815	0.815
10	  V	  4.6	  0.0	0.381	2.260	2.260
11	  T	  4.4	  0.1	0.381	2.027	2.027
12	  G	  0.7	  0.1	0.381	2.027	2.027
13	  L	  0.1	  0.1	0.381	2.027	2.027
14	  L	  0.1	  1.0	0.228	2.027	2.027
15	  G	  0.1	  0.9	0.228	0.119	0.119
16	  N	  0.0	  0.9	0.228	0.000	0.000
17	  L	  0.1	  1.2	0.000	0.000	0.000
18	  A	  0.1	  0.4	0.000	0.000	0.000
19	  G	  0.0	  0.6	0.000	0.000	0.000
20	  G	  0.0	  0.6	0.000	0.000	0.000
21	  G	  0.0	  0.3	0.000	0.000	0.000
22	  L	  0.0	  0.2	0.000	0.000	0.000
