res	aa	Beta	Turn	Helix	Aggregation	Conc-Stab_Aggregation
01	  Y	  1.2	  0.0	0.000	0.000	0.000
02	  I	  2.1	  0.0	0.000	0.000	0.000
03	  I	 16.8	  0.0	0.000	0.000	0.000
04	  N	 15.6	  0.0	0.000	0.000	0.000
05	  V	 14.8	  0.0	0.000	0.000	0.000
06	  P	  0.0	  0.3	0.000	0.000	0.000
07	  P	  0.0	  0.3	0.000	0.000	0.000
08	  R	  0.0	  0.3	0.000	0.000	0.000
09	  C	  0.0	  0.3	0.000	0.000	0.000
10	  P	  0.0	  2.6	0.000	0.000	0.000
11	  P	  0.0	  2.8	0.000	0.000	0.000
12	  G	  0.0	  2.9	0.000	0.000	0.000
13	  S	  0.2	  2.9	0.000	0.000	0.000
14	  K	  0.7	  0.3	0.000	0.000	0.000
15	  F	  2.7	  0.1	0.000	0.000	0.000
16	  V	  4.2	  0.1	0.000	0.000	0.000
17	  K	  3.8	  0.1	0.000	0.000	0.000
18	  N	  1.8	  0.2	0.000	0.000	0.000
19	  K	  0.8	  0.2	0.000	0.000	0.000
20	  C	  2.5	  0.1	0.000	0.000	0.000
21	  R	  5.1	  0.1	0.000	0.000	0.000
22	  V	 25.1	  0.0	0.000	0.000	0.000
23	  I	 23.7	  0.0	0.000	0.000	0.000
24	  V	 21.4	  0.0	0.000	0.000	0.000
25	  P	  0.5	  0.0	0.000	0.000	0.000
