res	aa	Beta	Turn	Helix	Aggregation	Conc-Stab_Aggregation
01	  G	  0.0	  0.0	0.262	0.000	0.000
02	  I	  0.5	  0.1	0.262	0.000	0.000
03	  M	  0.7	  0.1	0.373	0.000	0.000
04	  D	  0.7	  0.1	1.252	0.000	0.000
05	  T	  3.3	  0.1	2.001	0.000	0.000
06	  L	  3.2	  0.3	2.001	0.000	0.000
07	  K	  3.3	  0.2	2.001	0.000	0.000
08	  N	  0.3	  0.2	1.875	0.000	0.000
09	  L	  0.1	  0.2	1.875	0.000	0.000
10	  A	  0.1	  0.1	1.694	0.000	0.000
11	  K	  0.5	  0.1	1.365	0.000	0.000
12	  T	  0.5	  0.7	0.000	0.000	0.000
13	  A	  0.5	  1.0	0.000	0.000	0.000
14	  G	  0.1	  1.5	0.881	0.000	0.000
15	  K	  0.0	  1.6	0.881	0.000	0.000
16	  G	  0.0	  0.9	1.397	0.000	0.000
17	  A	  0.2	  0.7	1.525	0.000	0.000
18	  L	  0.4	  0.2	1.525	0.000	0.000
19	  Q	  0.6	  0.1	1.635	0.000	0.000
20	  S	  0.6	  0.1	2.117	0.000	0.000
21	  L	  0.6	  0.1	1.943	0.000	0.000
22	  L	  1.8	  0.0	1.943	0.000	0.000
23	  K	  1.9	  0.0	1.943	0.000	0.000
24	  M	  1.9	  0.2	1.002	0.000	0.000
25	  A	  1.0	  0.3	0.482	0.000	0.000
26	  S	  1.9	  0.3	0.301	0.000	0.000
27	  C	  2.3	  0.4	0.133	0.000	0.000
28	  K	  2.3	  0.3	0.000	0.000	0.000
29	  L	  1.1	  0.5	0.000	0.000	0.000
30	  S	  0.6	  0.6	0.000	0.000	0.000
31	  G	  0.2	  0.5	0.000	0.000	0.000
32	  Q	  0.0	  0.4	0.000	0.000	0.000
33	  C	  0.0	  0.1	0.000	0.000	0.000
