res	aa	Beta	Turn	Helix	Aggregation	Conc-Stab_Aggregation
01	  G	  0.0	  0.0	0.000	0.000	0.000
02	  L	  0.2	  0.0	0.000	0.000	0.000
03	  F	  0.6	  0.2	0.000	0.000	0.000
04	  K	  0.8	  0.2	0.000	0.000	0.000
05	  T	  1.1	  0.2	0.000	0.000	0.000
06	  L	  1.1	  0.2	0.000	0.000	0.000
07	  I	  1.9	  0.4	0.000	0.000	0.000
08	  K	  1.4	  0.6	0.000	0.000	0.000
09	  G	  1.0	  1.4	0.000	0.000	0.000
10	  A	  0.0	  1.6	0.000	0.000	0.000
11	  G	  0.0	  1.2	0.129	0.000	0.000
12	  K	  0.3	  1.0	0.129	0.000	0.000
13	  M	  0.4	  0.3	0.129	0.000	0.000
14	  L	  0.4	  0.2	0.129	0.000	0.000
15	  G	  0.2	  0.2	0.129	0.000	0.000
16	  H	  1.6	  0.2	0.129	0.000	0.000
17	  V	  2.3	  0.0	0.000	0.000	0.000
18	  A	  2.3	  0.1	0.000	0.000	0.000
19	  K	  0.9	  0.1	0.000	0.000	0.000
20	  E	  0.3	  0.1	0.000	0.000	0.000
21	  F	  0.6	  0.2	0.000	0.000	0.000
22	  L	  0.5	  0.4	0.000	0.000	0.000
23	  G	  0.4	  0.7	0.000	0.000	0.000
24	  S	  0.1	  1.4	0.000	0.000	0.000
25	  Q	  0.1	  1.3	0.000	0.000	0.000
26	  G	  0.0	  1.0	0.000	0.000	0.000
27	  Q	  0.0	  0.9	0.000	0.000	0.000
28	  P	  0.0	  0.2	0.000	0.000	0.000
29	  E	  0.0	  0.2	0.000	0.000	0.000
30	  S	  0.0	  0.2	0.000	0.000	0.000
