res	aa	Beta	Turn	Helix	Aggregation	Conc-Stab_Aggregation
01	  L	  0.0	  0.0	0.000	0.000	0.000
02	  G	  0.0	  0.4	0.166	0.000	0.000
03	  P	  0.0	  0.4	0.166	0.000	0.000
04	  Q	  0.8	  0.4	0.166	0.000	0.000
05	  L	  0.9	  0.4	0.166	0.000	0.000
06	  N	  0.9	  1.6	0.166	0.000	0.000
07	  K	  0.1	  1.7	0.166	0.000	0.000
08	  G	  0.2	  1.7	0.000	0.000	0.000
09	  C	  0.3	  2.0	0.000	0.000	0.000
10	  A	  0.5	  0.4	0.000	0.000	0.000
11	  T	 11.0	  0.3	0.000	0.000	0.000
12	  C	 12.0	  0.3	0.000	0.000	0.000
13	  S	 11.9	  0.2	0.112	0.000	0.000
14	  I	  1.6	  0.4	0.112	0.448	0.448
15	  G	  0.3	  0.4	0.242	0.448	0.448
16	  A	  0.1	  0.4	0.242	0.891	0.891
17	  A	  0.3	  0.2	0.242	0.891	0.891
18	  C	  1.9	  0.0	0.242	0.891	0.891
19	  L	  2.4	  0.1	0.242	0.891	0.891
20	  V	  2.4	  0.1	0.130	0.891	0.891
21	  D	  0.7	  0.2	0.130	0.000	0.000
22	  G	  0.2	  0.2	0.000	0.000	0.000
23	  P	  0.0	  0.0	0.000	0.000	0.000
24	  I	  0.0	  0.4	0.000	0.000	0.000
25	  P	  0.0	  0.5	0.000	0.000	0.000
26	  D	  0.0	  0.5	0.000	0.000	0.000
27	  E	  0.8	  0.5	0.000	0.000	0.000
28	  I	  2.0	  0.1	0.000	0.000	0.000
29	  A	  2.0	  0.0	0.000	0.000	0.000
30	  G	  1.2	  0.0	0.000	0.000	0.000
