res	aa	Beta	Turn	Helix	Aggregation	Conc-Stab_Aggregation
01	  A	  0.1	  0.0	0.000	0.000	0.000
02	  L	  0.3	  0.0	0.000	0.000	0.000
03	  W	  0.5	  0.5	0.000	0.000	0.000
04	  K	  0.6	  0.5	0.000	0.000	0.000
05	  D	  0.5	  0.5	0.122	0.000	0.000
06	  I	  1.1	  0.5	0.122	0.000	0.000
07	  L	  1.0	  0.2	0.122	0.000	0.000
08	  K	  1.3	  0.2	0.122	0.000	0.000
09	  N	  0.5	  0.6	0.122	0.000	0.000
10	  V	  0.4	  0.7	0.122	0.000	0.000
11	  G	  0.2	  0.6	0.427	0.000	0.000
12	  K	  0.3	  0.6	0.306	0.000	0.000
13	  A	  0.2	  0.7	0.306	0.000	0.000
14	  A	  0.2	  0.7	0.306	0.000	0.000
15	  G	  0.1	  0.7	0.415	0.000	0.000
16	  K	  0.3	  0.7	0.415	0.000	0.000
17	  A	  1.0	  0.1	0.110	4.056	4.056
18	  V	  3.8	  0.1	0.110	8.817	8.817
19	  L	  3.9	  0.0	0.110	8.817	8.817
20	  N	  4.0	  0.0	0.110	8.817	8.817
21	  T	 11.6	  0.0	0.000	8.817	8.817
22	  V	 12.6	  0.0	0.000	8.817	8.817
23	  T	 12.0	  0.0	0.000	3.324	3.324
24	  D	  1.7	  0.0	0.000	0.000	0.000
25	  M	  1.0	  0.0	0.000	0.000	0.000
26	  V	  1.9	  0.0	0.000	0.000	0.000
27	  N	  1.7	  0.0	0.000	0.000	0.000
28	  E	  1.0	  0.0	0.000	0.000	0.000
