res	aa	Beta	Turn	Helix	Aggregation	Conc-Stab_Aggregation
01	  G	  0.0	  0.0	0.000	0.000	0.000
02	  I	  1.4	  0.0	0.000	5.872	5.872
03	  F	  2.5	  0.1	0.219	6.046	6.046
04	  L	  2.8	  0.1	0.219	6.046	6.046
05	  N	  1.4	  0.2	0.828	6.046	6.046
06	  A	  0.5	  0.2	0.828	6.046	6.046
07	  L	  0.4	  0.7	0.828	5.178	5.178
08	  K	  0.5	  0.7	0.828	0.000	0.000
09	  N	  0.4	  0.5	0.609	0.000	0.000
10	  F	  0.8	  0.5	0.609	0.000	0.000
11	  A	  0.7	  0.1	0.112	0.000	0.000
12	  K	  1.0	  0.1	0.112	0.000	0.000
13	  T	  0.5	  0.7	0.000	0.000	0.000
14	  A	  0.5	  1.0	0.000	0.000	0.000
15	  G	  0.1	  1.4	0.105	0.000	0.000
16	  K	  0.0	  1.4	0.105	0.000	0.000
17	  G	  0.0	  0.7	0.210	0.000	0.000
18	  V	  2.3	  0.5	0.210	0.646	0.646
19	  L	  2.5	  0.1	0.210	0.773	0.773
20	  Q	  2.8	  0.1	0.210	0.773	0.773
21	  S	  1.1	  0.1	0.210	0.773	0.773
22	  V	  3.9	  0.1	0.210	0.773	0.773
23	  L	  3.9	  0.1	0.210	0.773	0.773
24	  N	  3.5	  0.1	0.723	0.000	0.000
25	  T	  3.0	  0.3	0.634	0.000	0.000
26	  A	  3.2	  0.3	0.634	0.000	0.000
27	  S	  4.4	  0.3	0.750	0.000	0.000
28	  C	  2.3	  0.4	0.750	0.000	0.000
29	  K	  2.2	  0.1	0.750	0.000	0.000
30	  L	  1.2	  0.1	0.498	0.000	0.000
31	  S	  0.9	  0.3	0.371	0.000	0.000
32	  K	  0.7	  0.2	0.116	0.000	0.000
33	  Q	  0.4	  0.2	0.000	0.000	0.000
34	  C	  0.2	  0.2	0.000	0.000	0.000
