res	aa	Beta	Turn	Helix	Aggregation	Conc-Stab_Aggregation
01	  F	  1.4	  0.0	0.000	0.000	0.000
02	  F	  3.5	  0.0	0.000	0.000	0.000
03	  F	  3.6	  0.0	0.000	0.000	0.000
04	  L	  2.3	  0.4	0.000	0.000	0.000
05	  P	  0.2	  0.4	0.000	0.000	0.000
06	  S	  0.3	  0.4	0.000	1.476	1.476
07	  L	  0.4	  0.4	0.000	13.923	13.923
08	  I	  0.5	  0.8	0.000	15.965	15.965
09	  G	  0.2	  0.8	0.000	16.120	16.120
10	  G	  0.1	  0.8	0.000	17.841	17.841
11	  L	  0.7	  0.8	0.000	36.950	36.950
12	  V	  2.8	  0.0	0.000	36.824	36.824
13	  S	  3.0	  0.0	0.000	34.831	34.831
14	  A	  2.6	  0.0	0.000	34.637	34.637
15	  I	  0.6	  0.0	0.000	34.280	34.280
16	  K	  0.3	  0.0	0.000	0.000	0.000
