res	aa	Beta	Turn	Helix	Aggregation	Conc-Stab_Aggregation
01	  G	  0.0	  0.0	0.000	0.000	0.000
02	  L	  0.1	  0.0	0.000	0.000	0.000
03	  W	  0.4	  0.2	0.000	0.000	0.000
04	  K	  0.6	  0.2	0.000	0.000	0.000
05	  T	  3.5	  0.2	0.114	0.000	0.000
06	  L	  3.4	  0.4	0.114	0.000	0.000
07	  K	  3.3	  0.3	0.114	0.000	0.000
08	  D	  0.2	  0.4	0.114	0.000	0.000
09	  S	  0.3	  0.4	0.114	0.000	0.000
10	  A	  0.4	  0.3	0.114	0.000	0.000
11	  K	  0.7	  0.2	0.114	0.000	0.000
12	  S	  0.7	  0.2	0.000	0.604	0.604
13	  A	  1.0	  0.2	0.000	5.968	5.968
14	  V	  2.4	  0.0	0.000	17.406	17.406
15	  T	  2.7	  0.0	0.000	18.317	18.317
16	  N	  2.6	  0.0	0.096	19.695	19.695
17	  V	  6.7	  0.0	0.096	52.734	52.734
18	  A	  6.4	  0.0	0.096	55.375	55.375
19	  V	 12.6	  0.0	0.096	55.295	55.295
20	  T	  7.6	  0.0	8.222	53.896	53.896
21	  M	  7.5	  0.1	8.311	52.972	52.972
22	  L	  1.2	  0.1	8.467	50.114	50.114
23	  D	  0.4	  0.2	9.169	0.000	0.000
24	  K	  0.7	  0.2	9.169	0.000	0.000
25	  L	  3.4	  0.1	9.169	0.000	0.000
26	  R	  3.8	  0.1	8.405	0.000	0.000
27	  C	  3.6	  0.1	6.463	0.000	0.000
28	  K	  2.5	  0.1	3.279	0.000	0.000
29	  L	  2.2	  0.1	0.981	0.000	0.000
30	  T	  1.8	  0.2	0.283	0.000	0.000
31	  G	  0.1	  0.1	0.283	0.000	0.000
32	  G	  0.0	  0.1	0.139	0.000	0.000
33	  C	  0.0	  0.1	0.000	0.000	0.000
