res	aa	Beta	Turn	Helix	Aggregation	Conc-Stab_Aggregation
01	  R	  0.2	  0.0	0.000	0.000	0.000
02	  I	  1.6	  0.0	0.000	0.000	0.000
03	  C	  1.9	  0.0	0.000	0.000	0.000
04	  T	  1.7	  0.0	0.000	0.000	0.000
05	  P	  0.3	  0.0	0.000	0.000	0.000
06	  I	  0.1	  0.0	0.000	0.000	0.000
07	  P	  0.0	  0.0	0.000	0.000	0.000
08	  F	  0.1	  0.2	0.000	0.000	0.000
09	  P	  0.0	  0.2	0.000	0.000	0.000
10	  M	  1.3	  0.2	0.000	0.000	0.000
11	  C	  1.3	  0.2	0.000	0.000	0.000
12	  Y	  1.3	  0.0	0.000	0.000	0.000
