res	aa	Beta	Turn	Helix	Aggregation	Conc-Stab_Aggregation
01	  F	  0.4	  0.1	0.117	0.000	0.000
02	  L	  0.4	  0.2	0.117	0.395	0.395
03	  G	  0.4	  0.2	0.673	0.395	0.395
04	  A	  0.3	  0.2	0.808	0.395	0.395
05	  I	  1.1	  0.1	0.936	0.651	0.651
06	  A	  1.2	  0.0	0.936	0.651	0.651
07	  Q	  1.1	  0.0	0.936	0.256	0.256
08	  A	  0.4	  0.0	1.084	0.860	0.860
09	  L	  0.8	  0.0	0.962	1.416	1.416
10	  T	  1.2	  0.1	0.985	1.291	1.291
11	  S	  1.2	  0.1	0.985	1.291	1.291
12	  L	  0.8	  0.2	0.985	1.291	1.291
13	  L	  0.3	  0.3	0.985	1.157	1.157
14	  G	  0.1	  0.3	0.985	0.334	0.334
15	  K	  0.0	  0.3	0.144	0.000	0.000
16	  L	  0.0	  0.1	0.000	0.000	0.000
