res	aa	Beta	Turn	Helix	Aggregation	Conc-Stab_Aggregation
01	  G	  0.1	  0.0	1.997	0.000	0.000
02	  I	  0.8	  0.0	1.997	0.000	0.000
03	  K	  0.9	  0.0	2.155	0.000	0.000
04	  E	  0.9	  0.0	2.155	0.000	0.000
05	  M	  1.5	  0.0	2.155	0.000	0.000
06	  L	  1.7	  0.1	2.155	0.000	0.000
07	  C	  2.4	  0.1	2.283	0.000	0.000
08	  N	  1.0	  0.1	2.629	0.000	0.000
09	  M	  1.1	  0.1	1.730	0.000	0.000
10	  A	  0.5	  0.0	1.222	0.000	0.000
11	  C	  1.3	  0.1	0.864	0.000	0.000
12	  A	  1.0	  0.2	0.738	0.000	0.000
13	  Q	  1.3	  0.2	0.738	0.000	0.000
14	  T	  3.4	  0.2	0.142	0.000	0.000
15	  V	  3.5	  0.0	0.142	0.000	0.000
16	  C	  3.5	  0.1	0.142	0.000	0.000
17	  K	  0.6	  0.4	0.142	0.000	0.000
18	  K	  0.4	  0.6	0.142	0.000	0.000
19	  S	  0.1	  0.6	0.142	0.000	0.000
20	  G	  0.1	  0.5	0.000	0.000	0.000
21	  G	  0.0	  0.5	0.000	0.000	0.000
22	  P	  0.0	  0.4	0.000	0.000	0.000
23	  L	  0.2	  0.4	0.000	0.000	0.000
24	  C	  0.3	  0.5	0.000	0.000	0.000
25	  D	  0.7	  0.2	0.000	0.000	0.000
26	  T	  6.5	  0.2	0.433	0.000	0.000
27	  C	  8.5	  0.2	0.614	0.000	0.000
28	  Q	  8.2	  0.1	0.614	0.000	0.000
29	  A	  2.5	  0.0	0.614	0.000	0.000
30	  A	  0.1	  0.0	0.614	0.000	0.000
31	  C	  1.1	  0.1	0.614	0.000	0.000
32	  K	  1.2	  0.2	0.387	0.000	0.000
33	  A	  1.1	  0.2	0.000	0.000	0.000
34	  L	  0.2	  0.2	0.000	0.000	0.000
35	  G	  0.1	  0.1	0.000	0.000	0.000
