res	aa	Beta	Turn	Helix	Aggregation	Conc-Stab_Aggregation
01	  G	  0.0	  0.0	0.636	0.000	0.000
02	  M	  0.2	  0.7	0.636	0.000	0.000
03	  K	  0.3	  0.7	1.004	0.000	0.000
04	  D	  1.2	  0.7	2.269	0.000	0.000
05	  Y	  2.2	  0.7	2.269	0.000	0.000
06	  F	  2.6	  0.1	2.538	0.000	0.000
07	  K	  1.7	  0.2	2.414	0.000	0.000
08	  K	  0.7	  0.2	2.544	0.000	0.000
09	  L	  0.4	  0.2	2.544	0.000	0.000
10	  L	  0.6	  0.1	2.544	0.000	0.000
11	  Q	  0.9	  0.0	2.544	0.000	0.000
12	  K	  2.9	  0.0	1.557	0.000	0.000
13	  V	  5.1	  0.0	0.803	0.000	0.000
14	  I	  5.0	  0.0	0.803	0.000	0.000
15	  K	  2.9	  0.0	0.803	0.000	0.000
16	  K	  2.8	  0.0	0.613	0.000	0.000
17	  I	  3.6	  0.2	0.000	0.000	0.000
18	  K	  3.8	  0.1	0.000	0.000	0.000
19	  S	  7.9	  0.1	0.000	0.000	0.000
20	  F	  8.0	  0.2	0.000	0.000	0.000
21	  R	  7.6	  0.1	0.000	0.000	0.000
22	  K	  1.4	  0.1	0.000	0.000	0.000
23	  K	  0.2	  0.1	0.000	0.000	0.000
24	  Q	  0.1	  0.1	0.000	0.000	0.000
25	  D	  0.1	  0.1	0.000	0.000	0.000
