res	aa	Beta	Turn	Helix	Aggregation	Conc-Stab_Aggregation
01	  S	  0.0	  0.5	0.000	0.000	0.000
02	  G	  0.2	  0.5	0.000	0.000	0.000
03	  C	  8.4	  0.5	0.000	0.000	0.000
04	  C	  8.8	  0.5	0.000	0.000	0.000
05	  K	  8.7	  0.0	0.000	0.000	0.000
06	  H	  0.5	  0.3	0.000	0.000	0.000
07	  P	  0.0	  0.5	0.000	0.000	0.000
08	  A	  0.1	  0.7	0.000	0.000	0.000
09	  C	  0.3	  0.9	0.000	0.000	0.000
10	  G	  0.3	  0.9	0.000	0.000	0.000
11	  K	  0.3	  0.7	0.000	0.000	0.000
12	  N	  0.1	  0.5	0.000	0.000	0.000
13	  R	  0.1	  0.4	0.000	0.000	0.000
14	  C	  0.0	  0.0	0.000	0.000	0.000
