res	aa	Beta	Turn	Helix	Aggregation	Conc-Stab_Aggregation
01	  I	  0.2	  0.0	0.000	0.000	0.000
02	  D	  0.2	  0.2	29.256	0.000	0.000
03	  P	  0.2	  0.2	29.337	0.138	0.138
04	  L	  2.5	  0.2	29.337	0.138	0.138
05	  T	  4.3	  0.2	30.806	0.138	0.138
06	  I	  4.8	  0.0	30.806	0.138	0.138
07	  L	  3.4	  0.0	30.806	0.138	0.138
08	  K	  2.0	  0.0	28.598	0.000	0.000
09	  I	  2.0	  0.0	26.183	0.000	0.000
10	  L	  0.9	  0.2	26.057	0.000	0.000
11	  K	  0.6	  0.7	23.813	0.000	0.000
12	  G	  0.0	  0.7	14.055	0.000	0.000
13	  G	  0.0	  0.7	6.310	0.000	0.000
14	  L	  0.3	  0.6	0.423	0.000	0.000
15	  K	  0.7	  0.1	0.000	0.000	0.000
16	  S	  1.1	  0.1	0.000	0.000	0.000
17	  I	  1.0	  0.1	0.000	0.000	0.000
18	  C	  0.9	  0.1	0.000	0.000	0.000
19	  K	  0.6	  0.1	0.000	0.000	0.000
20	  H	  0.8	  0.2	0.000	0.000	0.000
21	  R	  1.0	  0.2	0.000	0.000	0.000
22	  K	  1.1	  0.1	0.000	0.000	0.000
23	  Y	  1.6	  0.2	0.000	0.000	0.000
24	  L	  1.2	  0.2	0.000	0.000	0.000
25	  D	  1.0	  0.3	0.598	0.000	0.000
26	  K	  0.2	  0.3	0.598	0.000	0.000
27	  A	  0.2	  0.2	0.598	0.000	0.000
28	  C	  1.0	  0.4	0.598	0.000	0.000
29	  A	  1.3	  0.3	0.598	0.000	0.000
30	  S	  1.4	  0.6	0.598	0.000	0.000
31	  I	  0.7	  0.6	0.000	0.000	0.000
32	  G	  0.3	  0.3	0.000	0.000	0.000
33	  Q	  0.1	  0.3	0.000	0.000	0.000
