res	aa	Beta	Turn	Helix	Aggregation	Conc-Stab_Aggregation
01	  N	  0.0	  1.6	0.000	0.000	0.000
02	  K	  0.0	  1.7	0.000	0.000	0.000
03	  G	  0.2	  1.7	0.000	0.000	0.000
04	  C	  0.3	  2.0	0.000	0.204	0.204
05	  A	  0.5	  0.4	0.000	0.315	0.315
06	  T	 11.0	  0.3	0.000	0.446	0.446
07	  C	 11.9	  0.3	0.000	0.672	0.672
08	  S	 11.9	  0.1	0.000	1.337	1.337
09	  I	  1.8	  0.2	0.000	7.254	7.254
10	  G	  0.8	  0.2	0.215	7.728	7.728
11	  I	  1.8	  0.2	0.215	12.979	12.979
12	  A	  1.8	  0.1	0.215	12.979	12.979
13	  C	  3.0	  0.0	0.215	12.979	12.979
14	  L	  2.4	  0.1	0.215	12.800	12.800
15	  V	  2.3	  0.1	0.215	12.363	12.363
16	  D	  0.7	  0.2	0.215	0.000	0.000
17	  G	  0.2	  0.2	0.000	0.000	0.000
18	  P	  0.0	  0.0	0.000	0.000	0.000
19	  I	  0.0	  1.2	0.000	0.000	0.000
20	  P	  0.0	  1.2	0.000	0.000	0.000
21	  D	  1.4	  1.2	0.000	0.000	0.000
22	  F	  8.7	  1.2	0.000	0.000	0.000
23	  E	  8.9	  0.0	0.000	0.000	0.000
24	  C	  7.7	  0.8	0.000	0.000	0.000
25	  A	  0.5	  1.1	0.000	0.000	0.000
26	  G	  0.2	  1.5	0.000	0.000	0.000
27	  A	  0.1	  1.5	0.000	0.000	0.000
28	  T	  0.1	  0.9	0.000	0.000	0.000
29	  G	  0.1	  0.6	0.000	0.000	0.000
30	  L	  0.1	  0.2	0.000	0.000	0.000
31	  G	  0.1	  0.1	0.000	0.000	0.000
32	  L	  0.2	  0.0	0.000	0.000	0.000
33	  W	  0.1	  0.0	0.000	0.000	0.000
34	  G	  0.1	  0.0	0.000	0.000	0.000
