res	aa	Beta	Turn	Helix	Aggregation	Conc-Stab_Aggregation
01	  F	  0.2	  0.0	0.000	0.000	0.000
02	  F	  0.2	  0.2	0.000	0.000	0.000
03	  P	  0.2	  0.2	0.000	0.000	0.000
04	  F	  2.2	  0.2	0.000	0.000	0.000
05	  V	  7.9	  0.2	0.170	0.000	0.000
06	  I	  8.1	  0.0	0.170	0.000	0.000
07	  N	  6.0	  0.1	1.877	0.000	0.000
08	  E	  0.3	  0.1	1.877	0.000	0.000
09	  L	  0.1	  0.1	1.877	0.000	0.000
10	  A	  0.6	  0.1	1.877	0.000	0.000
11	  K	  0.6	  0.0	1.877	0.000	0.000
12	  L	  0.6	  0.3	1.707	0.000	0.000
13	  P	  0.1	  0.4	0.000	0.000	0.000
14	  S	  0.3	  0.4	1.058	1.926	1.926
15	  L	  0.8	  0.4	1.058	16.388	16.388
16	  I	  4.4	  0.1	1.058	16.388	16.388
17	  S	  4.2	  0.0	1.058	16.388	16.388
18	  L	  4.0	  0.0	1.058	16.388	16.388
19	  L	  0.6	  0.0	1.058	16.251	16.251
20	  K	  0.4	  0.0	0.906	0.000	0.000
21	  K	  0.2	  0.0	0.181	0.000	0.000
