res	aa	Beta	Turn	Helix	Aggregation	Conc-Stab_Aggregation
01	  F	  0.4	  0.2	0.000	0.000	0.000
02	  L	  0.4	  0.3	0.000	0.993	0.993
03	  G	  0.4	  0.3	0.000	0.993	0.993
04	  S	  0.6	  0.3	0.942	1.330	1.330
05	  I	  2.6	  0.2	1.132	4.013	4.013
06	  I	  2.7	  0.3	1.257	4.013	4.013
07	  G	  2.1	  0.3	2.281	3.274	3.274
08	  A	  0.1	  0.3	2.281	3.274	3.274
09	  L	  0.1	  0.5	2.281	3.274	3.274
10	  A	  0.1	  0.4	2.281	1.503	1.503
11	  K	  0.1	  0.4	2.281	0.000	0.000
12	  G	  0.0	  0.4	1.557	0.000	0.000
13	  L	  0.0	  0.6	0.863	0.000	0.000
14	  P	  0.0	  0.4	0.799	0.098	0.098
15	  S	  0.3	  0.4	3.235	8.247	8.247
16	  L	  0.9	  0.4	3.235	71.059	71.059
17	  I	  3.4	  0.0	3.235	71.059	71.059
18	  A	  3.4	  0.0	3.235	71.059	71.059
19	  L	  3.2	  0.0	3.235	71.059	71.059
20	  I	  1.4	  0.0	3.235	70.757	70.757
21	  K	  1.1	  0.0	3.235	0.000	0.000
22	  K	  0.8	  0.0	0.414	0.000	0.000
