res	aa	Beta	Turn	Helix	Aggregation	Conc-Stab_Aggregation
01	  G	  0.1	  0.0	3.983	0.000	0.000
02	  I	  0.3	  0.3	4.296	0.000	0.000
03	  K	  0.3	  0.3	6.642	0.000	0.000
04	  D	  0.3	  0.3	13.156	0.000	0.000
05	  Y	  0.8	  0.3	14.390	0.000	0.000
06	  L	  0.8	  0.0	14.737	0.000	0.000
07	  K	  0.8	  0.1	14.737	0.000	0.000
08	  K	  0.3	  0.1	14.863	0.000	0.000
09	  L	  0.4	  0.1	15.019	0.000	0.000
10	  L	  0.5	  0.1	15.159	0.000	0.000
11	  Q	  0.3	  0.0	14.819	0.000	0.000
12	  K	  0.4	  0.0	10.771	0.000	0.000
13	  A	  0.5	  0.0	7.658	0.000	0.000
14	  I	  0.8	  0.0	7.396	0.000	0.000
15	  N	  0.7	  0.0	7.793	0.000	0.000
16	  K	  2.8	  0.0	4.823	0.000	0.000
17	  I	  3.6	  0.1	1.133	0.000	0.000
18	  K	  3.7	  0.1	1.133	0.000	0.000
19	  S	  3.2	  0.1	0.509	0.000	0.000
20	  L	  2.2	  0.1	0.397	0.000	0.000
21	  R	  2.1	  0.1	0.252	0.000	0.000
22	  K	  0.3	  0.1	0.123	0.000	0.000
23	  K	  0.2	  0.5	0.000	0.000	0.000
24	  Q	  0.2	  0.5	0.000	0.000	0.000
25	  D	  0.1	  0.4	0.000	0.000	0.000
26	  A	  0.0	  0.4	0.000	0.000	0.000
