res	aa	Beta	Turn	Helix	Aggregation	Conc-Stab_Aggregation
01	  F	  0.9	  0.2	0.000	0.000	0.000
02	  F	  1.1	  1.3	0.000	2.448	2.448
03	  G	  1.1	  1.3	0.000	2.448	2.448
04	  S	  0.7	  1.3	0.934	2.777	2.777
05	  I	  2.6	  1.1	1.120	5.394	5.394
06	  I	  2.6	  0.3	1.245	5.394	5.394
07	  G	  2.0	  0.3	2.276	3.775	3.775
08	  A	  0.1	  0.3	2.276	3.629	3.629
09	  L	  0.1	  0.5	2.276	3.505	3.505
10	  A	  0.1	  0.4	2.276	1.611	1.611
11	  K	  0.1	  0.4	2.276	0.000	0.000
12	  G	  0.0	  0.4	1.452	0.000	0.000
13	  L	  0.0	  0.6	0.629	0.000	0.000
14	  P	  0.0	  0.4	0.000	0.000	0.000
15	  S	  0.3	  0.4	0.673	3.106	3.106
16	  L	  0.8	  0.4	0.673	27.139	27.139
17	  I	  4.4	  0.1	0.673	27.139	27.139
18	  S	  4.4	  0.0	0.673	27.139	27.139
19	  L	  4.2	  0.0	0.673	27.139	27.139
20	  I	  1.5	  0.0	0.673	27.023	27.023
21	  K	  1.2	  0.0	0.673	0.000	0.000
22	  K	  0.8	  0.0	0.107	0.000	0.000
