res	aa	Beta	Turn	Helix	Aggregation	Conc-Stab_Aggregation
01	  G	  0.0	  0.0	0.119	0.000	0.000
02	  I	  2.9	  0.0	0.618	0.000	0.000
03	  L	  3.3	  0.0	1.028	0.000	0.000
04	  L	  3.3	  0.0	1.311	0.000	0.000
05	  D	  0.4	  0.2	2.190	0.000	0.000
06	  K	  1.1	  0.2	2.190	0.000	0.000
07	  L	  1.1	  0.7	2.190	0.000	0.000
08	  K	  1.3	  0.7	2.190	0.000	0.000
09	  N	  0.4	  0.5	1.738	0.000	0.000
10	  F	  0.7	  0.8	1.354	0.000	0.000
11	  A	  0.6	  0.6	0.195	0.000	0.000
12	  K	  0.5	  0.6	0.195	0.000	0.000
13	  G	  0.2	  0.6	0.825	0.000	0.000
14	  V	  1.7	  0.4	0.825	0.000	0.000
15	  A	  1.7	  0.1	1.215	0.000	0.000
16	  Q	  1.7	  0.1	1.215	0.000	0.000
17	  S	  0.5	  0.1	1.620	0.000	0.000
18	  L	  0.8	  0.1	1.620	0.000	0.000
19	  L	  0.7	  0.0	1.620	0.000	0.000
20	  N	  0.5	  0.1	2.216	0.000	0.000
21	  K	  0.3	  0.3	1.726	0.000	0.000
22	  A	  0.6	  0.3	1.001	0.000	0.000
23	  S	  1.5	  0.3	0.770	0.000	0.000
24	  C	  2.0	  0.3	0.596	0.000	0.000
25	  A	  1.8	  0.2	0.596	0.000	0.000
26	  L	  1.0	  0.5	0.449	0.000	0.000
27	  S	  0.4	  0.6	0.213	0.000	0.000
28	  G	  0.2	  0.6	0.000	0.000	0.000
29	  Q	  0.0	  0.4	0.000	0.000	0.000
30	  C	  0.0	  0.1	0.000	0.000	0.000
