res	aa	Beta	Turn	Helix	Aggregation	Conc-Stab_Aggregation
01	  G	  0.0	  0.0	0.000	0.000	0.000
02	  L	  0.4	  0.0	0.000	0.000	0.000
03	  W	  1.7	  0.1	0.000	0.000	0.000
04	  S	  2.0	  0.1	0.000	0.000	0.000
05	  K	  4.2	  0.1	0.000	0.000	0.000
06	  I	  3.6	  0.1	0.000	0.000	0.000
07	  K	  3.4	  0.2	0.000	0.000	0.000
08	  E	  0.9	  0.3	0.225	0.000	0.000
09	  T	  0.3	  0.4	0.711	0.000	0.000
10	  G	  0.1	  0.5	3.280	0.000	0.000
11	  K	  0.2	  0.3	4.275	0.000	0.000
12	  E	  0.2	  0.2	5.094	0.000	0.000
13	  A	  0.2	  0.1	5.350	0.000	0.000
14	  A	  0.2	  0.1	5.350	0.000	0.000
15	  K	  0.2	  0.0	5.350	0.000	0.000
16	  A	  0.2	  0.6	4.397	0.000	0.000
17	  A	  0.2	  0.7	4.027	0.000	0.000
18	  G	  0.1	  0.7	4.586	0.000	0.000
19	  K	  0.2	  0.7	3.305	0.000	0.000
20	  A	  0.3	  0.1	1.463	0.000	0.000
21	  A	  0.4	  0.0	1.463	0.000	0.000
22	  L	  0.4	  0.0	1.463	0.000	0.000
23	  N	  0.4	  0.0	1.604	0.000	0.000
24	  K	  1.6	  0.0	0.980	0.000	0.000
25	  I	  1.8	  0.0	0.141	0.000	0.000
26	  A	  1.7	  0.0	0.141	0.000	0.000
27	  E	  0.4	  0.0	0.141	0.000	0.000
28	  A	  0.1	  0.0	0.141	0.000	0.000
29	  V	  0.0	  0.0	0.000	0.000	0.000
