res	aa	Beta	Turn	Helix	Aggregation	Conc-Stab_Aggregation
01	  G	  0.0	  0.0	0.000	0.000	0.000
02	  L	  0.4	  0.0	0.000	0.000	0.000
03	  W	  1.7	  0.1	0.000	0.000	0.000
04	  S	  2.0	  0.1	0.119	0.000	0.000
05	  K	  4.1	  0.1	0.119	0.000	0.000
06	  I	  3.1	  0.2	0.119	0.000	0.000
07	  K	  2.8	  0.2	0.119	0.000	0.000
08	  D	  0.3	  1.9	0.449	0.000	0.000
09	  A	  0.1	  2.0	0.449	0.000	0.000
10	  G	  0.1	  1.9	1.581	0.000	0.000
11	  K	  0.3	  1.8	1.463	0.000	0.000
12	  A	  1.1	  0.1	1.463	0.000	0.000
13	  V	  2.1	  0.0	1.463	0.000	0.000
14	  L	  2.2	  0.0	1.463	0.000	0.000
15	  K	  1.5	  0.0	1.346	0.000	0.000
16	  A	  0.5	  0.6	1.033	0.000	0.000
17	  A	  0.2	  0.7	0.893	0.000	0.000
18	  G	  0.1	  0.7	1.260	0.000	0.000
19	  K	  0.2	  0.7	0.707	0.000	0.000
20	  A	  0.3	  0.3	0.507	0.909	0.909
21	  A	  0.3	  0.2	0.507	1.984	1.984
22	  L	  0.2	  0.2	0.507	1.984	1.984
23	  G	  0.1	  0.2	0.507	1.984	1.984
24	  A	  0.4	  0.0	0.208	1.984	1.984
25	  V	  1.9	  0.1	0.000	1.984	1.984
26	  T	  2.0	  0.1	0.000	0.747	0.747
27	  D	  1.6	  0.1	0.000	0.000	0.000
28	  A	  0.1	  0.1	0.000	0.000	0.000
29	  V	  0.0	  0.0	0.000	0.000	0.000
