res	aa	Beta	Turn	Helix	Aggregation	Conc-Stab_Aggregation
01	  H	  0.4	  0.1	0.000	0.000	0.000
02	  Q	  1.0	  0.1	0.000	0.000	0.000
03	  K	  2.3	  0.1	0.000	0.000	0.000
04	  Y	  2.2	  0.1	0.000	0.000	0.000
05	  N	  1.5	  0.2	0.000	0.000	0.000
06	  P	  0.2	  0.2	0.000	0.841	0.841
07	  F	  2.6	  0.2	0.000	67.988	67.988
08	  R	  3.3	  0.2	0.000	73.141	73.141
09	  F	  5.1	  0.0	0.000	73.141	73.141
10	  V	  6.5	  0.0	0.000	73.141	73.141
11	  E	  5.7	  0.0	0.000	73.141	73.141
12	  L	  5.7	  0.0	0.000	99.306	99.306
13	  V	  7.8	  0.0	0.000	99.304	99.304
14	  L	  9.3	  0.0	0.000	99.267	99.267
15	  V	 11.1	  0.0	0.000	99.049	99.049
16	  V	  5.6	  0.0	0.000	97.999	97.999
17	  D	  3.8	  0.1	0.000	0.054	0.054
18	  K	  0.3	  0.1	0.000	0.054	0.054
19	  A	  0.1	  0.0	0.000	0.037	0.037
20	  M	  0.1	  0.0	0.000	0.000	0.000
