res	aa	Beta	Turn	Helix	Aggregation	Conc-Stab_Aggregation
01	  G	  0.0	  0.0	0.000	0.000	0.000
02	  L	  0.4	  0.0	0.000	0.000	0.000
03	  W	  1.6	  0.1	0.188	0.000	0.000
04	  S	  2.0	  0.1	0.902	0.000	0.000
05	  K	  4.1	  0.1	1.025	0.000	0.000
06	  I	  3.6	  0.1	1.025	0.000	0.000
07	  K	  3.4	  0.1	1.283	0.000	0.000
08	  E	  0.9	  0.1	1.402	0.000	0.000
09	  A	  0.2	  0.1	1.402	0.000	0.000
10	  A	  0.2	  0.1	1.228	0.000	0.000
11	  K	  0.5	  0.1	1.083	0.000	0.000
12	  T	  0.5	  0.8	0.653	0.000	0.000
13	  A	  0.5	  0.8	0.653	0.000	0.000
14	  G	  0.2	  0.8	0.990	0.000	0.000
15	  K	  0.2	  0.8	0.725	0.000	0.000
16	  A	  0.3	  0.2	0.613	1.831	1.831
17	  A	  0.4	  0.3	0.613	3.989	3.989
18	  M	  0.4	  0.3	0.613	3.989	3.989
19	  G	  0.3	  0.3	0.458	3.989	3.989
20	  F	  1.9	  0.2	0.163	3.989	3.989
21	  V	  1.9	  0.1	0.000	3.989	3.989
22	  N	  1.9	  0.1	0.000	0.000	0.000
23	  E	  0.3	  0.1	0.000	0.000	0.000
24	  M	  0.1	  0.0	0.000	0.000	0.000
25	  V	  0.1	  0.0	0.000	0.000	0.000
