res	aa	Beta	Turn	Helix	Aggregation	Conc-Stab_Aggregation
01	  F	  0.9	  0.2	0.000	0.000	0.000
02	  F	  1.0	  4.4	0.000	0.175	0.175
03	  G	  1.0	  4.4	0.000	0.175	0.175
04	  S	  0.5	  4.4	1.149	0.175	0.175
05	  M	  0.5	  4.3	1.333	0.459	0.459
06	  I	  0.6	  0.4	1.467	0.459	0.459
07	  G	  0.2	  0.4	2.483	0.283	0.283
08	  A	  0.1	  0.4	2.483	0.283	0.283
09	  L	  0.1	  0.5	2.483	0.283	0.283
10	  A	  0.1	  0.4	2.483	0.130	0.130
11	  K	  0.1	  0.4	2.483	0.000	0.000
12	  G	  0.0	  0.4	1.535	0.000	0.000
13	  L	  0.0	  0.6	0.656	0.000	0.000
14	  P	  0.0	  0.4	0.000	0.000	0.000
15	  S	  0.3	  0.4	0.673	3.105	3.105
16	  L	  0.8	  0.4	0.673	27.138	27.138
17	  I	  4.4	  0.1	0.673	27.138	27.138
18	  S	  4.4	  0.0	0.673	27.138	27.138
19	  L	  4.2	  0.0	0.673	27.138	27.138
20	  I	  1.5	  0.0	0.673	27.023	27.023
21	  K	  1.2	  0.0	0.673	0.000	0.000
22	  K	  0.8	  0.0	0.107	0.000	0.000
