res	aa	Beta	Turn	Helix	Aggregation	Conc-Stab_Aggregation
01	  L	  0.8	  0.0	0.000	0.000	0.000
02	  R	  1.1	  0.1	0.000	0.000	0.000
03	  H	  2.2	  0.1	0.000	0.000	0.000
04	  K	  2.3	  0.1	0.000	0.000	0.000
05	  V	  3.0	  0.2	0.000	29.657	29.657
06	  Y	  2.1	  0.2	0.000	32.661	32.661
07	  G	  1.2	  0.2	0.000	32.796	32.796
08	  Y	  2.7	  0.2	0.000	32.796	32.796
09	  C	  4.1	  0.0	0.000	32.796	32.796
10	  V	  4.6	  0.0	0.000	32.716	32.716
11	  L	  2.2	  0.0	0.000	31.632	31.632
12	  G	  0.6	  0.0	0.000	0.000	0.000
13	  P	  0.0	  0.0	0.000	0.000	0.000
