res	aa	Beta	Turn	Helix	Aggregation	Conc-Stab_Aggregation
01	  F	  1.0	  0.1	0.000	0.000	0.000
02	  L	  2.7	  0.2	0.000	0.000	0.000
03	  S	  3.3	  0.2	0.000	0.000	0.000
04	  L	  2.4	  0.2	0.000	0.000	0.000
05	  I	  0.7	  0.0	0.000	0.000	0.000
06	  P	  0.1	  0.0	0.000	0.000	0.000
07	  K	  1.3	  0.0	0.000	0.000	0.000
08	  I	  2.5	  0.1	0.000	0.371	0.371
09	  A	  2.5	  0.7	0.000	0.371	0.371
10	  G	  1.2	  0.7	0.000	0.371	0.371
11	  G	  0.5	  0.7	0.122	1.387	1.387
12	  I	  1.5	  0.6	0.122	12.613	12.613
13	  A	  1.9	  0.1	0.122	12.613	12.613
14	  S	  1.8	  0.0	0.122	12.613	12.613
15	  L	  1.3	  0.0	0.122	12.613	12.613
16	  V	  2.3	  0.2	0.122	12.613	12.613
17	  K	  2.0	  0.1	0.122	0.000	0.000
18	  D	  1.5	  0.1	0.000	0.000	0.000
19	  L	  0.0	  0.1	0.000	0.000	0.000
