res	aa	Beta	Turn	Helix	Aggregation	Conc-Stab_Aggregation
01	  F	  0.4	  0.2	0.000	0.000	0.000
02	  L	  0.4	  0.6	0.000	1.044	1.044
03	  G	  0.4	  0.6	0.000	1.044	1.044
04	  S	  0.3	  0.6	0.000	1.863	1.863
05	  L	  0.9	  0.5	0.000	2.111	2.111
06	  F	  4.2	  0.1	0.000	2.111	2.111
07	  S	  4.1	  0.3	0.163	1.684	1.684
08	  I	  3.6	  0.9	0.163	1.684	1.684
09	  G	  0.3	  0.9	0.163	0.248	0.248
10	  S	  0.2	  1.0	0.163	0.000	0.000
11	  K	  0.7	  0.7	0.163	0.000	0.000
12	  L	  0.8	  0.1	0.163	0.000	0.000
13	  L	  0.6	  1.0	0.163	0.000	0.000
14	  P	  0.1	  0.9	0.000	0.000	0.000
15	  G	  0.0	  0.9	0.209	0.000	0.000
16	  V	  2.5	  0.9	0.209	0.000	0.000
17	  I	  7.6	  0.1	0.209	0.000	0.000
18	  K	  7.8	  0.0	0.209	0.000	0.000
19	  L	  5.6	  0.0	0.209	0.000	0.000
20	  F	  2.4	  0.1	0.209	0.000	0.000
21	  Q	  2.4	  0.1	0.000	0.000	0.000
22	  R	  2.3	  0.1	0.000	0.000	0.000
23	  K	  0.4	  0.1	0.000	0.000	0.000
24	  K	  0.1	  0.1	0.000	0.000	0.000
25	  Q	  0.1	  0.0	0.000	0.000	0.000
