res	aa	Beta	Turn	Helix	Aggregation	Conc-Stab_Aggregation
01	  E	  0.7	  0.1	0.000	0.000	0.000
02	  C	  1.6	  0.2	0.000	0.000	0.000
03	  D	  1.6	  0.2	0.000	0.000	0.000
04	  C	  1.0	  0.2	0.000	0.000	0.000
05	  G	  0.1	  0.2	0.000	0.000	0.000
06	  T	  0.1	  0.3	0.110	0.000	0.000
07	  P	  0.0	  0.9	0.110	0.000	0.000
08	  E	  0.1	  0.9	0.110	0.000	0.000
09	  N	  0.6	  0.9	0.110	0.000	0.000
10	  C	  1.2	  0.9	0.110	0.000	0.000
11	  Q	  1.2	  0.3	0.110	0.000	0.000
12	  N	  0.7	  0.5	0.110	0.000	0.000
13	  E	  1.1	  0.5	0.000	0.000	0.000
14	  C	  6.7	  0.3	0.000	0.000	0.000
15	  C	  7.4	  0.3	0.000	0.000	0.000
16	  D	  6.4	  0.2	4.008	0.000	0.000
17	  A	  0.8	  0.3	4.104	0.000	0.000
18	  A	  0.3	  0.2	4.104	0.000	0.000
19	  T	  3.9	  0.2	4.342	0.000	0.000
20	  C	  4.3	  0.2	4.342	0.000	0.000
21	  K	  5.0	  0.1	4.342	0.000	0.000
22	  L	  1.8	  0.4	2.977	0.000	0.000
23	  K	  1.3	  0.6	2.503	0.000	0.000
24	  S	  0.6	  1.2	1.050	0.000	0.000
25	  G	  0.3	  1.3	0.183	0.000	0.000
26	  S	  0.7	  1.1	0.000	0.000	0.000
27	  Q	  0.5	  0.9	0.000	0.000	0.000
28	  C	  0.6	  0.4	0.000	0.000	0.000
29	  G	  0.2	  0.5	0.000	0.000	0.000
30	  H	  0.2	  1.5	0.000	0.000	0.000
31	  G	  0.0	  1.5	0.000	0.000	0.000
32	  D	  1.2	  1.4	0.000	0.000	0.000
33	  C	  7.8	  1.1	0.000	0.000	0.000
34	  C	  7.8	  0.1	0.000	0.000	0.000
35	  E	  6.7	  0.0	0.000	0.000	0.000
