res	aa	Beta	Turn	Helix	Aggregation	Conc-Stab_Aggregation
01	  T	  2.2	  0.3	0.000	0.000	0.000
02	  R	  2.3	  0.5	0.000	0.000	0.000
03	  S	  2.4	  0.8	0.000	0.000	0.000
04	  G	  0.1	  0.9	0.000	0.000	0.000
05	  G	  0.0	  0.5	0.000	0.000	0.000
06	  A	  0.1	  0.4	0.000	0.000	0.000
07	  C	  0.6	  0.2	0.000	0.000	0.000
08	  N	  0.7	  0.3	0.000	0.000	0.000
09	  S	  1.3	  0.6	0.000	0.000	0.000
10	  H	  0.9	  0.7	0.000	0.000	0.000
11	  D	  0.9	  0.7	0.409	0.000	0.000
12	  Q	  1.8	  0.6	0.409	0.000	0.000
13	  C	 12.1	  0.2	0.409	0.000	0.000
14	  C	 15.2	  0.1	0.409	0.000	0.000
15	  I	 17.4	  0.0	0.409	0.000	0.000
16	  N	  8.1	  0.0	0.544	0.000	0.000
17	  F	  6.5	  0.0	0.413	0.000	0.000
18	  C	  4.0	  0.1	0.241	0.000	0.000
19	  R	  3.3	  0.1	0.134	0.000	0.000
20	  K	  1.8	  0.1	0.134	0.000	0.000
21	  A	  0.7	  0.1	0.134	0.000	0.000
22	  T	  1.4	  0.2	0.000	0.000	0.000
23	  S	  1.7	  0.2	0.000	0.000	0.000
24	  T	  3.8	  0.2	0.000	0.000	0.000
25	  C	  3.0	  0.2	0.000	0.000	0.000
26	  M	  2.3	  0.0	0.000	0.000	0.000
