res	aa	Beta	Turn	Helix	Aggregation	Conc-Stab_Aggregation
01	  N	  0.0	  0.0	0.000	0.000	0.000
02	  G	  0.0	  0.0	0.000	0.000	0.000
03	  V	  3.8	  0.0	0.000	0.000	0.000
04	  Y	  5.0	  0.0	0.000	0.000	0.000
05	  C	  8.3	  0.0	0.000	0.000	0.000
06	  T	  5.0	  0.3	0.000	0.000	0.000
07	  K	  3.9	  0.3	0.000	0.000	0.000
08	  N	  0.6	  0.3	1.057	0.000	0.000
09	  K	  2.7	  0.3	1.057	0.000	0.000
10	  C	  7.5	  0.1	1.057	0.000	0.000
11	  T	 11.7	  0.1	1.057	0.000	0.000
12	  V	 10.8	  0.0	1.057	0.000	0.000
13	  D	  5.9	  0.0	1.190	0.000	0.000
14	  W	  1.8	  0.0	1.030	0.000	0.000
15	  A	  0.4	  0.0	1.030	0.000	0.000
16	  K	  0.7	  0.0	0.810	0.000	0.000
17	  A	  0.6	  0.0	0.286	0.000	0.000
18	  T	  2.4	  0.1	0.132	0.000	0.000
19	  T	  4.1	  0.0	0.267	0.000	0.000
20	  C	 13.3	  0.0	0.267	0.000	0.000
21	  I	 12.5	  0.2	0.135	0.000	0.000
22	  A	 10.5	  0.2	0.135	0.000	0.000
23	  G	  1.3	  0.2	0.135	0.000	0.000
24	  M	  1.8	  0.2	0.135	0.000	0.000
25	  S	  2.0	  0.2	0.000	0.000	0.000
26	  I	  2.0	  0.8	0.000	0.000	0.000
27	  G	  0.3	  0.8	0.000	0.000	0.000
28	  G	  0.1	  0.8	0.000	0.000	0.000
29	  F	  0.0	  0.6	0.000	0.000	0.000
