res	aa	Beta	Turn	Helix	Aggregation	Conc-Stab_Aggregation
01	  V	  1.5	  0.1	0.000	0.000	0.000
02	  E	  2.0	  0.1	0.000	0.000	0.000
03	  S	  2.7	  0.1	0.000	0.000	0.000
04	  H	  2.1	  0.1	0.000	0.000	0.000
05	  C	  2.1	  0.2	0.000	0.000	0.000
06	  Q	  1.6	  0.2	0.000	0.000	0.000
07	  S	  0.9	  0.5	0.000	0.000	0.000
08	  I	  0.4	  1.0	0.000	0.000	0.000
09	  G	  0.3	  0.9	0.000	0.000	0.000
10	  C	  1.3	  0.9	0.000	0.000	0.000
11	  R	  3.5	  0.7	0.000	0.000	0.000
12	  M	  5.7	  0.2	0.000	0.000	0.000
13	  D	  4.6	  0.7	0.264	0.000	0.000
14	  V	  2.5	  1.2	0.264	0.000	0.000
15	  G	  0.1	  1.0	0.264	0.000	0.000
16	  S	  5.8	  1.6	0.264	0.000	0.000
17	  L	 11.2	  1.2	0.264	0.000	0.000
18	  S	 12.2	  0.7	0.264	0.000	0.000
19	  C	  7.3	  0.7	0.264	0.000	0.000
20	  G	  1.0	  0.2	0.198	0.000	0.000
21	  P	  0.0	  0.2	0.098	0.000	0.000
22	  F	  4.0	  0.2	0.098	0.000	0.000
23	  Q	  5.7	  0.1	0.098	0.000	0.000
24	  I	  6.1	  0.1	0.098	0.000	0.000
25	  K	  2.2	  0.8	0.098	0.000	0.000
26	  K	  0.4	  0.8	0.098	0.000	0.000
27	  G	  0.1	  0.8	0.098	0.000	0.000
28	  Y	  0.5	  0.7	0.000	0.000	0.000
29	  W	  0.5	  0.0	0.000	0.000	0.000
30	  T	  0.5	  0.0	0.000	0.000	0.000
