res	aa	Beta	Turn	Helix	Aggregation	Conc-Stab_Aggregation
01	  G	  0.1	  0.1	0.000	0.000	0.000
02	  L	  0.2	  0.1	0.000	0.000	0.000
03	  N	  0.2	  0.1	0.000	0.000	0.000
04	  R	  0.1	  0.6	0.000	0.000	0.000
05	  P	  0.0	  0.5	0.000	0.000	0.000
06	  S	  0.7	  0.6	0.145	0.000	0.000
07	  K	  1.2	  0.7	0.145	0.000	0.000
08	  R	  2.3	  0.2	0.145	0.000	0.000
09	  C	  3.8	  0.2	0.145	0.000	0.000
10	  L	  3.3	  0.4	0.145	0.000	0.000
11	  A	  2.3	  0.7	0.145	0.000	0.000
12	  G	  0.3	  0.7	0.145	0.000	0.000
13	  S	  0.3	  0.7	0.000	0.000	0.000
14	  A	  0.3	  0.3	0.000	0.000	0.000
15	  P	  0.1	  0.0	0.000	0.000	0.000
16	  C	  1.4	  0.0	0.091	0.000	0.000
17	  E	  4.9	  0.0	0.091	0.000	0.000
18	  F	  6.2	  0.0	0.091	0.000	0.000
19	  H	  5.2	  0.1	0.091	0.000	0.000
20	  K	  1.8	  0.1	0.091	0.000	0.000
21	  R	  0.8	  0.2	0.091	0.000	0.000
22	  S	  1.1	  0.3	0.091	0.000	0.000
23	  T	 11.0	  0.2	0.000	0.019	0.019
24	  C	 18.5	  0.3	0.000	0.019	0.019
25	  C	 18.2	  0.7	0.000	0.025	0.025
26	  S	  8.4	  0.8	0.000	0.033	0.033
27	  G	  0.3	  0.8	0.000	0.116	0.116
28	  H	  2.3	  0.6	0.000	1.052	1.052
29	  C	  5.2	  0.1	0.000	41.725	41.725
30	  I	  6.9	  0.0	0.000	96.656	96.656
31	  I	  5.2	  0.0	0.000	96.656	96.656
32	  W	  4.1	  0.0	0.000	96.656	96.656
33	  W	  3.9	  0.0	0.000	96.608	96.608
34	  C	  3.3	  0.0	0.000	74.485	74.485
35	  A	  1.5	  0.0	0.000	0.000	0.000
