res	aa	Beta	Turn	Helix	Aggregation	Conc-Stab_Aggregation
01	  G	  0.0	  0.0	0.000	0.000	0.000
02	  L	  0.2	  0.0	0.000	0.000	0.000
03	  S	  0.3	  0.0	0.000	0.000	0.000
04	  R	  0.2	  0.4	0.000	0.000	0.000
05	  P	  0.0	  0.4	0.000	0.000	0.000
06	  S	  0.7	  0.6	0.000	0.000	0.000
07	  K	  1.1	  0.6	0.000	0.000	0.000
08	  R	  3.3	  0.2	0.000	0.000	0.000
09	  C	 12.2	  0.1	0.000	0.000	0.000
10	  I	 12.8	  0.1	0.000	0.000	0.000
11	  A	 10.7	  1.1	0.000	0.000	0.000
12	  G	  1.2	  1.1	0.000	0.000	0.000
13	  G	  0.0	  1.1	0.000	0.000	0.000
14	  Q	  0.0	  1.0	0.000	0.000	0.000
15	  P	  0.0	  0.0	0.000	0.000	0.000
16	  C	  1.4	  0.0	0.000	0.000	0.000
17	  E	  5.0	  0.0	0.000	0.000	0.000
18	  F	  6.3	  0.0	0.000	0.000	0.000
19	  H	  5.1	  0.3	0.000	0.000	0.000
20	  R	  1.6	  0.3	0.000	0.000	0.000
21	  G	  0.3	  0.3	0.000	0.000	0.000
22	  Y	  2.2	  0.3	0.000	0.000	0.000
23	  M	  7.8	  0.0	0.000	0.000	0.000
24	  C	 16.0	  0.0	0.000	0.000	0.000
25	  C	 14.3	  0.1	0.000	0.000	0.000
26	  S	  8.5	  0.3	0.000	0.000	0.000
27	  E	  0.5	  0.3	0.000	0.000	0.000
28	  H	  2.5	  0.3	0.000	0.735	0.735
29	  C	  5.4	  0.2	0.000	21.552	21.552
30	  I	  7.2	  0.0	0.000	89.976	89.976
31	  I	  6.4	  0.0	0.000	89.976	89.976
32	  F	  5.5	  0.0	0.000	89.976	89.976
33	  V	  4.1	  0.0	0.000	89.923	89.923
34	  C	  2.7	  0.0	0.000	78.382	78.382
35	  A	  0.7	  0.0	0.000	0.000	0.000
