res	aa	Beta	Turn	Helix	Aggregation	Conc-Stab_Aggregation
01	  G	  0.0	  0.0	0.000	0.000	0.000
02	  L	  0.4	  0.0	0.000	0.000	0.000
03	  I	  0.8	  0.0	0.000	0.000	0.000
04	  R	  0.8	  0.4	0.000	0.000	0.000
05	  P	  0.5	  0.5	0.000	0.000	0.000
06	  S	  0.7	  0.6	0.000	0.000	0.000
07	  K	  1.2	  0.6	0.000	0.000	0.000
08	  R	  3.5	  0.2	0.000	0.000	0.000
09	  C	  3.5	  0.3	0.000	0.000	0.000
10	  I	  3.1	  0.5	0.000	0.000	0.000
11	  G	  0.7	  0.6	0.000	0.000	0.000
12	  G	  0.1	  0.6	0.000	0.000	0.000
13	  G	  0.0	  0.4	0.000	0.000	0.000
14	  D	  0.0	  0.4	0.126	0.000	0.000
15	  P	  0.0	  0.3	0.126	0.000	0.000
16	  C	  1.4	  0.3	0.126	0.000	0.000
17	  E	  4.9	  0.3	0.126	0.000	0.000
18	  F	  7.2	  0.0	0.126	0.000	0.000
19	  H	  6.0	  0.0	0.126	0.000	0.000
20	  R	  2.4	  0.1	0.000	0.000	0.000
21	  P	  0.1	  0.1	0.000	0.005	0.005
22	  Y	 16.3	  0.1	0.000	0.845	0.845
23	  T	 24.9	  0.1	0.000	0.883	0.883
24	  C	 31.5	  0.2	0.000	0.954	0.954
25	  C	 17.2	  0.4	0.000	1.164	1.164
26	  S	  7.1	  0.4	0.000	1.785	1.785
27	  G	  0.3	  0.4	0.000	6.871	6.871
28	  Y	  3.0	  0.3	0.000	64.331	64.331
29	  C	  7.2	  0.0	0.000	77.862	77.862
30	  I	 11.7	  0.0	0.000	96.128	96.128
31	  V	 14.2	  0.0	0.000	96.128	96.128
32	  F	 11.8	  0.0	0.000	96.084	96.084
33	  V	  7.9	  0.0	0.000	89.859	89.859
34	  C	  2.6	  0.0	0.000	51.096	51.096
35	  A	  0.6	  0.0	0.000	0.000	0.000
