res	aa	Beta	Turn	Helix	Aggregation	Conc-Stab_Aggregation
01	  Q	  0.2	  0.0	0.000	0.000	0.000
02	  W	  0.2	  0.0	0.000	0.000	0.000
03	  P	  0.2	  0.0	0.000	0.000	0.000
04	  F	  1.9	  0.0	0.000	0.000	0.000
05	  Q	  2.9	  0.0	0.000	0.000	0.000
06	  Q	  3.6	  0.0	0.000	0.000	0.000
07	  W	  1.9	  0.0	0.000	0.000	0.000
08	  A	  0.8	  0.0	0.000	0.000	0.000
09	  P	  0.1	  0.0	0.000	0.000	0.000
10	  C	  0.3	  0.3	0.000	0.000	0.000
11	  T	  0.4	  0.3	0.000	0.000	0.000
12	  G	  0.4	  0.3	0.000	0.000	0.000
13	  H	  1.8	  0.6	0.000	0.000	0.000
14	  W	  6.2	  0.3	0.000	0.000	0.000
15	  D	  6.2	  0.3	0.000	0.000	0.000
16	  C	  4.6	  3.1	0.000	0.000	0.000
17	  P	  0.0	  3.5	0.000	0.000	0.000
18	  G	  0.0	  3.5	0.000	0.000	0.000
19	  D	  0.0	  3.6	0.000	0.000	0.000
20	  R	  0.5	  0.8	0.000	0.000	0.000
21	  C	  6.2	  0.2	0.000	0.000	0.000
22	  C	 11.8	  0.1	0.000	0.335	0.335
23	  F	 11.7	  0.3	0.000	0.517	0.517
24	  A	  6.4	  0.3	0.000	0.517	0.517
25	  G	  0.5	  0.3	0.000	0.517	0.517
26	  Y	  2.3	  0.3	0.000	0.517	0.517
27	  C	  3.3	  0.0	0.000	0.517	0.517
28	  L	  3.3	  0.1	0.000	0.517	0.517
29	  E	  1.3	  0.1	0.000	0.000	0.000
30	  T	  0.4	  0.1	0.000	0.000	0.000
31	  T	  0.4	  0.8	0.000	0.000	0.000
32	  P	  0.2	  0.8	0.000	0.000	0.000
33	  S	  6.9	  0.8	0.000	0.000	0.000
34	  C	  6.9	  0.8	0.000	0.000	0.000
35	  D	  6.9	  0.1	0.000	0.000	0.000
