res	aa	Beta	Turn	Helix	Aggregation	Conc-Stab_Aggregation
01	  F	  0.2	  0.4	0.100	0.000	0.000
02	  D	  0.2	  0.4	6.178	0.000	0.000
03	  D	  0.3	  0.4	13.520	0.000	0.000
04	  L	  0.8	  0.4	13.607	27.788	27.788
05	  M	  1.7	  0.0	13.607	35.950	35.950
06	  L	  2.3	  0.0	13.607	36.250	36.250
07	  L	  2.4	  0.0	13.607	36.250	36.250
08	  L	  5.6	  0.0	13.488	36.250	36.250
09	  C	 12.2	  0.0	12.561	28.357	28.357
10	  C	 13.2	  0.2	9.884	7.415	7.415
11	  R	  9.2	  0.2	7.660	0.000	0.000
12	  Q	  2.1	  0.2	4.958	0.000	0.000
13	  G	  0.0	  0.2	1.007	0.000	0.000
14	  P	  0.0	  0.0	0.000	0.000	0.000
15	  V	  1.0	  0.0	0.000	0.220	0.220
16	  C	  3.5	  0.0	0.000	0.220	0.220
17	  F	  3.7	  0.0	0.000	0.220	0.220
18	  I	  2.7	  0.0	0.000	0.220	0.220
19	  P	  0.2	  0.0	0.000	0.220	0.220
20	  L	  0.1	  0.0	0.000	0.000	0.000
21	  N	  0.1	  0.0	0.000	0.000	0.000
22	  E	  0.2	  0.0	0.000	0.000	0.000
23	  W	  0.2	  0.1	0.000	0.000	0.000
24	  P	  0.1	  0.1	0.000	0.000	0.000
25	  C	  0.8	  0.2	0.000	0.000	0.000
26	  S	  0.8	  0.2	0.000	0.000	0.000
27	  R	  0.8	  0.1	0.000	0.000	0.000
28	  M	  0.1	  0.1	0.000	0.000	0.000
