res	aa	Beta	Turn	Helix	Aggregation	Conc-Stab_Aggregation
01	  N	  0.1	  0.2	0.000	0.000	0.000
02	  S	  0.1	  7.2	0.000	0.000	0.000
03	  E	  0.1	  7.4	0.000	0.000	0.000
04	  D	  0.1	  7.4	0.000	0.000	0.000
05	  G	  0.0	  7.3	0.000	0.000	0.000
06	  S	  0.0	  0.2	0.000	0.000	0.000
07	  P	  0.0	  0.0	0.000	0.000	0.000
08	  Y	  0.0	  0.0	0.000	0.000	0.000
09	  P	  0.0	  0.1	0.000	0.000	0.000
10	  G	  0.0	  3.4	0.000	0.000	0.000
11	  P	  0.0	  3.4	0.000	0.000	0.000
12	  G	  0.0	  3.4	0.000	0.000	0.000
13	  Q	  0.1	  3.3	0.000	0.000	0.000
14	  Q	  0.1	  1.0	0.000	0.000	0.000
15	  P	  0.0	  1.0	0.000	0.000	0.000
16	  N	  2.1	  1.0	0.000	0.000	0.000
17	  C	 10.2	  1.0	0.000	0.000	0.000
18	  C	 10.5	  0.0	0.000	0.000	0.000
19	  K	  8.5	  0.0	0.000	0.000	0.000
20	  W	  0.5	  0.0	0.000	0.000	0.000
21	  P	  0.1	  0.0	0.000	0.000	0.000
22	  I	  3.5	  0.0	0.000	1.526	1.526
23	  V	 10.0	  0.0	0.000	1.526	1.526
24	  T	 19.4	  0.0	0.000	1.526	1.526
25	  C	 21.9	  0.1	0.000	1.526	1.526
26	  C	 16.4	  0.1	0.000	1.526	1.526
27	  N	  6.7	  0.1	0.000	0.140	0.140
28	  R	  0.6	  0.1	0.000	0.000	0.000
