res	aa	Beta	Turn	Helix	Aggregation	Conc-Stab_Aggregation
01	  C	  3.5	  0.0	0.000	0.000	0.000
02	  T	  4.0	  0.3	0.000	0.000	0.000
03	  K	  4.1	  0.3	0.000	0.000	0.000
04	  N	  0.6	  0.4	0.890	0.000	0.000
05	  K	  2.7	  0.3	0.890	0.000	0.000
06	  C	  7.5	  0.1	0.890	0.000	0.000
07	  T	 11.8	  0.1	0.890	0.000	0.000
08	  V	 10.8	  0.0	0.890	0.000	0.000
09	  D	  5.9	  0.0	1.023	0.000	0.000
10	  W	  1.8	  0.0	0.888	0.000	0.000
11	  A	  0.4	  0.0	0.888	0.000	0.000
12	  K	  0.7	  0.0	0.703	0.000	0.000
13	  A	  0.6	  0.0	0.262	0.000	0.000
14	  T	  2.5	  0.1	0.132	0.000	0.000
15	  T	  4.1	  0.0	0.282	0.000	0.000
16	  C	 13.3	  0.0	0.282	0.000	0.000
17	  I	 12.5	  0.2	0.149	0.000	0.000
18	  A	 10.5	  0.2	0.149	0.000	0.000
19	  G	  1.3	  0.2	0.149	0.000	0.000
20	  M	  1.8	  0.2	0.149	0.000	0.000
21	  S	  2.0	  0.2	0.000	0.000	0.000
22	  I	  2.0	  0.8	0.000	0.441	0.441
23	  G	  0.3	  0.8	0.000	0.441	0.441
24	  G	  0.1	  0.8	0.000	0.441	0.441
25	  F	  0.4	  0.6	0.000	0.441	0.441
26	  L	  0.4	  0.6	0.000	0.441	0.441
27	  G	  0.4	  0.6	0.000	0.000	0.000
28	  G	  0.0	  0.6	0.000	0.000	0.000
29	  A	  0.1	  0.6	0.000	0.000	0.000
30	  I	  0.1	  0.1	0.000	0.000	0.000
31	  P	  0.1	  0.0	0.000	0.000	0.000
32	  G	  0.0	  0.0	0.000	0.000	0.000
