res	aa	Beta	Turn	Helix	Aggregation	Conc-Stab_Aggregation
01	  M	  0.9	  0.0	0.000	0.000	0.000
02	  T	  1.1	  0.3	0.000	0.000	0.000
03	  A	  1.2	  0.3	0.000	0.000	0.000
04	  D	  1.8	  0.3	0.000	0.000	0.000
05	  I	  3.4	  0.3	0.000	5.697	5.697
06	  I	  4.2	  0.0	0.000	5.998	5.998
07	  S	  3.1	  0.0	0.000	5.998	5.998
08	  T	  1.6	  0.2	0.653	6.606	6.606
09	  I	  0.7	  5.2	0.653	7.611	7.611
10	  G	  0.3	  5.1	2.377	6.632	6.632
11	  D	  0.3	  5.1	5.381	7.514	7.514
12	  F	  2.1	  5.0	5.496	25.443	25.443
13	  V	  4.4	  0.0	5.586	26.758	26.758
14	  K	  4.4	  0.0	5.586	26.758	26.758
15	  W	  3.0	  0.0	5.586	26.758	26.758
16	  I	  1.1	  0.0	5.586	26.627	26.627
17	  L	  0.9	  0.1	5.586	25.647	25.647
18	  D	  0.9	  0.1	5.688	19.604	19.604
19	  T	 15.3	  0.1	5.079	18.778	18.778
20	  V	 15.6	  0.1	5.079	15.760	15.760
21	  K	 15.3	  0.1	5.079	0.359	0.359
22	  K	  1.1	  0.1	2.538	0.000	0.000
23	  F	  0.9	  0.1	1.660	0.000	0.000
24	  A	  0.9	  0.0	0.090	0.000	0.000
25	  K	  0.4	  0.0	0.000	0.000	0.000
