res	aa	Beta	Turn	Helix	Aggregation	Conc-Stab_Aggregation
01	  W	  0.1	  0.3	0.000	0.000	0.000
02	  G	  0.1	  0.4	0.000	0.000	0.000
03	  A	  0.3	  0.5	0.000	0.000	0.000
04	  T	  0.3	  0.8	0.000	0.000	0.000
05	  R	  0.3	  0.6	0.000	0.000	0.000
06	  G	  0.2	  0.5	0.116	0.000	0.000
07	  C	  1.7	  0.4	0.116	0.000	0.000
08	  A	  1.8	  0.2	0.116	0.000	0.000
09	  A	  2.1	  0.2	0.116	0.000	0.000
10	  T	  0.8	  0.2	0.116	0.000	0.000
11	  C	  0.8	  0.6	0.116	0.000	0.000
12	  P	  0.4	  0.5	0.000	0.000	0.000
13	  E	  0.9	  0.5	0.000	0.000	0.000
14	  A	  0.9	  0.5	0.000	0.000	0.000
15	  K	  0.9	  0.2	0.000	0.000	0.000
16	  P	  0.0	  0.2	0.000	0.000	0.000
17	  R	  0.0	  0.2	0.000	0.000	0.000
18	  E	  0.1	  0.2	0.000	0.000	0.000
19	  T	  5.5	  0.1	0.000	0.000	0.000
20	  V	  8.3	  0.1	0.000	0.000	0.000
21	  E	  9.1	  0.0	0.000	0.000	0.000
22	  C	 23.6	  0.0	0.000	0.000	0.000
23	  C	 20.9	  0.2	0.000	0.000	0.000
24	  A	 20.0	  0.3	0.000	0.000	0.000
25	  T	  0.4	  0.3	0.000	0.000	0.000
26	  D	  0.2	  0.4	0.000	0.000	0.000
27	  K	  0.8	  0.2	0.000	0.000	0.000
28	  C	  1.4	  0.2	0.000	0.000	0.000
29	  N	  1.4	  0.1	0.000	0.000	0.000
30	  L	  0.7	  0.0	0.000	0.000	0.000
