res	aa	Beta	Turn	Helix	Aggregation	Conc-Stab_Aggregation
01	  V	  3.3	  0.0	0.000	0.000	0.000
02	  M	  3.5	  0.0	0.000	0.000	0.000
03	  I	  3.6	  0.0	0.000	0.000	0.000
04	  G	  0.4	  0.0	0.230	0.000	0.000
05	  V	  1.6	  0.1	0.230	0.000	0.000
06	  E	  1.5	  0.1	0.230	0.000	0.000
07	  S	  2.2	  0.2	0.950	0.000	0.000
08	  A	  0.8	  0.5	0.950	0.000	0.000
09	  R	  0.8	  0.4	0.950	0.000	0.000
10	  D	  0.1	  0.4	1.119	0.000	0.000
11	  A	  0.4	  0.2	1.119	0.000	0.000
12	  Y	  2.0	  0.0	1.119	0.000	0.000
13	  I	  2.9	  0.0	0.539	0.000	0.000
14	  A	  2.6	  0.0	0.539	0.000	0.000
15	  K	  1.1	  0.2	0.539	0.000	0.000
16	  P	  0.0	  0.3	0.000	0.000	0.000
17	  H	  0.4	  0.4	0.000	0.000	0.000
18	  N	  1.5	  0.4	0.000	0.000	0.000
19	  C	  1.5	  0.1	0.000	0.000	0.000
20	  V	  1.1	  0.0	0.000	0.000	0.000
