res	aa	Beta	Turn	Helix	Aggregation	Conc-Stab_Aggregation
01	  M	  0.0	  0.0	0.000	0.000	0.000
02	  N	  0.0	  0.1	0.000	0.000	0.000
03	  E	  0.4	  0.1	0.000	0.000	0.000
04	  L	  0.4	  0.2	0.000	0.000	0.000
05	  S	  0.4	  0.3	2.332	0.000	0.000
06	  E	  0.1	  0.2	2.332	0.000	0.000
07	  T	  0.3	  0.2	2.332	0.000	0.000
08	  E	  0.4	  0.2	2.332	0.000	0.000
09	  K	  0.5	  0.1	2.332	0.000	0.000
10	  Q	  0.6	  0.1	2.332	0.098	0.098
11	  T	 17.9	  0.1	0.329	1.901	1.901
12	  V	 18.4	  0.1	0.329	8.108	8.108
13	  S	 18.2	  0.1	0.329	8.478	8.478
14	  T	  1.4	  0.1	0.147	12.218	12.218
15	  L	  0.5	  0.0	0.147	16.782	16.782
16	  A	  1.0	  0.0	0.147	17.249	17.249
17	  T	  4.7	  0.0	0.303	17.284	17.284
18	  V	  5.8	  0.0	0.303	17.589	17.589
19	  A	  5.2	  0.2	0.303	14.069	14.069
20	  A	  1.3	  0.2	0.303	9.548	9.548
21	  G	  0.1	  0.2	0.303	5.474	5.474
22	  L	  0.1	  0.4	0.156	5.240	5.240
23	  A	  0.1	  0.6	0.000	2.787	2.787
24	  G	  0.0	  0.6	0.000	0.700	0.700
25	  G	  0.0	  0.6	0.000	0.700	0.700
26	  L	  0.2	  0.4	0.000	0.700	0.700
27	  V	  0.2	  2.0	0.000	0.700	0.700
28	  G	  0.2	  2.4	0.000	0.000	0.000
29	  D	  0.0	  2.5	0.000	0.000	0.000
30	  S	  0.0	  2.6	0.000	0.000	0.000
31	  G	  0.0	  0.6	0.000	0.000	0.000
32	  L	  0.1	  0.2	0.000	0.000	0.000
33	  Q	  0.1	  0.1	0.000	0.000	0.000
34	  R	  0.1	  0.0	0.000	0.000	0.000
