res	aa	Beta	Turn	Helix	Aggregation	Conc-Stab_Aggregation
01	  M	  0.1	  0.0	0.000	0.000	0.000
02	  A	  0.1	  0.3	0.000	0.000	0.000
03	  A	  0.2	  0.3	0.000	0.000	0.000
04	  D	  1.6	  0.3	0.000	0.000	0.000
05	  I	  3.6	  0.3	0.000	4.304	4.304
06	  I	  4.4	  0.0	0.000	4.547	4.547
07	  S	  3.3	  0.0	0.000	4.547	4.547
08	  T	  1.7	  0.2	0.300	4.967	4.967
09	  I	  0.8	  2.0	0.300	5.659	5.659
10	  G	  0.4	  2.0	0.535	4.481	4.481
11	  D	  0.2	  2.0	1.325	5.069	5.069
12	  L	  0.7	  1.9	1.325	34.636	34.636
13	  V	  3.2	  0.0	1.325	39.749	39.749
14	  K	  3.3	  0.0	1.325	39.818	39.818
15	  W	  3.5	  0.0	1.025	39.901	39.901
16	  I	  1.8	  0.0	0.908	39.901	39.901
17	  I	  2.7	  0.0	0.908	39.658	39.658
18	  D	  2.5	  0.0	1.055	34.833	34.833
19	  T	  7.1	  0.0	0.625	34.051	34.051
20	  V	  6.2	  0.0	0.625	33.577	33.577
21	  N	  5.8	  0.0	0.625	1.389	1.389
22	  K	  1.1	  0.0	0.368	0.084	0.084
23	  F	  2.9	  0.0	0.267	0.084	0.084
24	  S	  2.7	  0.0	0.000	0.000	0.000
25	  K	  2.1	  0.0	0.000	0.000	0.000
