res	aa	Beta	Turn	Helix	Aggregation	Conc-Stab_Aggregation
01	  M	  0.7	  0.0	0.000	0.000	0.000
02	  V	  3.6	  0.1	0.000	0.000	0.000
03	  K	  3.9	  0.1	0.000	0.000	0.000
04	  S	  4.2	  0.1	0.000	0.008	0.008
05	  H	  2.3	  0.5	0.000	0.071	0.071
06	  I	  2.1	  0.4	0.000	9.508	9.508
07	  G	  1.2	  0.4	0.276	10.322	10.322
08	  S	  0.7	  0.4	0.722	18.526	18.526
09	  W	  1.1	  0.0	0.722	83.545	83.545
10	  I	  4.2	  0.0	0.722	98.530	98.530
11	  L	  5.5	  0.0	0.722	99.805	99.805
12	  V	  6.4	  0.0	0.722	99.981	99.981
13	  L	  3.9	  0.0	0.722	99.989	99.989
14	  F	  4.4	  0.0	0.494	99.889	99.889
15	  V	  6.4	  0.0	0.126	98.329	98.329
16	  A	  5.9	  0.0	0.126	79.061	79.061
17	  M	  4.1	  0.0	0.126	62.570	62.570
18	  W	  0.8	  0.5	0.126	42.168	42.168
19	  S	  0.6	  0.5	0.126	4.719	4.719
20	  D	  0.2	  0.5	0.000	0.000	0.000
21	  V	  0.0	  0.5	0.000	0.000	0.000
22	  G	  0.0	  0.0	0.000	0.000	0.000
