res	aa	Beta	Turn	Helix	Aggregation	Conc-Stab_Aggregation
01	  M	  0.2	  0.0	0.000	0.000	0.000
02	  W	  0.9	  0.0	0.000	0.000	0.000
03	  K	  1.6	  0.1	0.000	0.000	0.000
04	  F	  2.3	  0.2	0.000	0.000	0.000
05	  D	  1.6	  0.3	0.498	0.000	0.000
06	  S	  1.1	  0.3	1.403	0.000	0.000
07	  H	  0.5	  0.2	1.530	0.000	0.000
08	  L	  0.5	  0.1	1.530	0.000	0.000
09	  A	  0.4	  0.1	1.530	0.000	0.000
10	  R	  0.6	  0.1	1.530	0.000	0.000
11	  R	  1.1	  0.1	1.174	0.000	0.000
12	  H	  1.2	  0.1	0.281	0.000	0.000
13	  M	  0.8	  0.0	0.000	0.000	0.000
14	  A	  0.4	  0.0	0.000	0.000	0.000
15	  R	  0.1	  0.1	0.000	0.000	0.000
16	  E	  2.0	  0.1	0.000	0.000	0.000
17	  L	  2.1	  0.1	0.000	0.000	0.000
18	  H	  2.0	  2.5	0.000	0.000	0.000
19	  P	  0.1	  2.4	0.000	0.000	0.000
20	  D	  0.9	  2.4	0.000	0.000	0.000
21	  Y	  2.2	  2.4	0.000	0.000	0.000
22	  Y	  2.6	  0.4	0.000	0.000	0.000
23	  K	  1.8	  0.4	0.000	0.000	0.000
24	  D	  0.5	  0.4	0.000	0.000	0.000
25	  C	  0.1	  0.4	0.000	0.000	0.000
