res	aa	Beta	Turn	Helix	Aggregation	Conc-Stab_Aggregation
01	  E	  0.0	  0.1	0.000	0.000	0.000
02	  G	  0.0	  0.1	0.000	0.000	0.000
03	  L	  2.0	  0.1	0.000	0.000	0.000
04	  S	 22.5	  0.2	1.010	0.000	0.000
05	  Y	 24.2	  0.2	1.010	0.000	0.000
06	  S	 22.6	  0.3	1.010	0.000	0.000
07	  K	  2.4	  0.3	1.010	0.000	0.000
08	  K	  0.4	  0.2	1.010	0.000	0.000
09	  R	  0.4	  0.3	1.010	0.000	0.000
10	  Q	  0.3	  0.3	0.687	0.000	0.000
11	  G	  0.1	  0.3	0.158	0.000	0.000
12	  I	  0.5	  0.2	0.000	0.000	0.000
13	  L	  1.4	  0.1	0.000	0.000	0.000
14	  D	  1.6	  0.1	0.000	0.000	0.000
15	  L	  1.6	  0.1	0.000	0.351	0.351
16	  W	  1.6	  0.0	0.000	0.351	0.351
17	  V	  4.4	  0.0	0.000	0.351	0.351
18	  Y	  4.7	  0.0	0.000	0.351	0.351
19	  H	  4.6	  0.1	0.000	0.351	0.351
20	  T	  1.6	  0.5	0.000	0.132	0.132
21	  Q	  0.9	  0.5	0.000	0.000	0.000
22	  G	  0.1	  0.4	0.000	0.000	0.000
23	  F	  0.2	  0.3	0.000	0.000	0.000
24	  F	  0.2	  1.1	0.000	0.000	0.000
25	  P	  0.2	  1.1	0.000	0.000	0.000
26	  D	  0.2	  1.1	0.000	0.000	0.000
27	  W	  0.2	  1.1	0.000	0.000	0.000
28	  Q	  0.2	  0.0	0.000	0.000	0.000
