res	aa	Beta	Turn	Helix	Aggregation	Conc-Stab_Aggregation
01	  A	  0.1	  0.1	0.000	0.000	0.000
02	  T	  0.2	  0.2	0.000	0.000	0.000
03	  N	  0.2	  0.2	0.000	0.000	0.000
04	  N	  0.1	  0.2	1.040	0.000	0.000
05	  K	  0.5	  0.2	1.040	0.000	0.000
06	  A	  0.5	  0.2	1.040	0.000	0.000
07	  T	  0.7	  0.1	1.040	0.000	0.000
08	  D	  0.2	  0.1	1.378	0.000	0.000
09	  L	  0.4	  0.1	1.378	28.120	28.120
10	  M	  0.6	  0.0	1.144	32.622	32.622
11	  A	  0.7	  0.0	0.938	32.622	32.622
12	  L	  3.9	  0.0	0.786	32.622	32.622
13	  T	 10.5	  0.0	0.617	32.622	32.622
14	  V	 11.0	  0.1	0.617	30.482	30.482
15	  R	  7.7	  0.2	0.617	0.000	0.000
16	  G	  0.8	  0.2	0.000	0.000	0.000
17	  C	  5.1	  0.3	0.000	0.000	0.000
18	  C	  5.3	  0.2	0.000	0.000	0.000
19	  D	  5.2	  0.2	0.000	0.000	0.000
20	  D	  0.2	  7.8	1.139	0.000	0.000
21	  P	  0.0	  7.7	1.139	0.000	0.000
22	  S	  6.9	  7.7	1.445	0.000	0.000
23	  C	  8.9	  7.7	1.445	0.000	0.000
24	  R	  9.0	  0.1	1.445	0.000	0.000
25	  A	  2.4	  0.0	1.445	0.000	0.000
26	  E	  0.1	  0.0	1.264	0.000	0.000
27	  N	  0.0	  0.0	0.745	0.000	0.000
28	  P	  0.0	  0.0	0.000	0.000	0.000
29	  F	  1.9	  0.0	0.000	6.531	6.531
30	  L	  2.3	  0.0	0.000	6.914	6.914
31	  C	  3.5	  0.0	0.000	6.914	6.914
32	  S	  1.9	  0.0	0.000	6.914	6.914
33	  W	  1.6	  0.0	0.000	6.914	6.914
34	  M	  0.5	  0.0	0.000	5.309	5.309
35	  G	  0.1	  0.0	0.000	0.000	0.000
