res	aa	Beta	Turn	Helix	Aggregation	Conc-Stab_Aggregation
01	  A	  0.0	  0.7	0.000	0.000	0.000
02	  G	  0.0	  0.7	0.000	0.000	0.000
03	  N	  0.1	  0.7	0.649	0.000	0.000
04	  A	  0.3	  0.7	0.649	0.000	0.000
05	  K	  0.8	  0.0	0.649	0.000	0.000
06	  M	  1.5	  0.0	0.649	0.395	0.395
07	  S	  1.4	  0.0	1.290	0.637	0.637
08	  A	  1.1	  0.0	1.290	7.151	7.151
09	  L	  0.6	  0.0	1.290	12.991	12.991
10	  M	  0.8	  0.0	1.156	13.923	13.923
11	  A	  0.7	  0.0	1.019	13.923	13.923
12	  L	  4.0	  0.0	0.914	13.923	13.923
13	  T	  9.9	  0.0	0.421	12.264	12.264
14	  I	 11.6	  0.1	0.421	11.402	11.402
15	  R	  8.1	  0.2	0.421	0.000	0.000
16	  G	  2.0	  0.2	0.000	0.000	0.000
17	  C	  8.5	  0.2	0.000	0.000	0.000
18	  C	 10.3	  0.1	0.000	0.000	0.000
19	  S	 10.2	  0.0	0.000	0.000	0.000
20	  H	  2.2	  0.0	0.000	0.000	0.000
21	  P	  0.1	  0.0	0.000	0.000	0.000
22	  V	  1.0	  0.0	0.000	0.000	0.000
23	  C	  5.0	  0.1	0.000	0.000	0.000
24	  S	  5.2	  0.1	0.000	0.000	0.000
25	  A	  4.7	  0.1	0.000	0.000	0.000
26	  M	  0.7	  0.1	0.000	0.000	0.000
27	  S	  0.6	  0.0	0.000	0.000	0.000
28	  P	  0.1	  0.0	0.000	0.000	0.000
29	  I	  0.9	  0.0	0.000	0.000	0.000
30	  C	  0.9	  0.0	0.000	0.000	0.000
31	  G	  0.9	  0.0	0.000	0.000	0.000
