res	aa	Beta	Turn	Helix	Aggregation	Conc-Stab_Aggregation
01	  A	  0.0	  0.4	0.000	0.000	0.000
02	  A	  0.0	  0.5	0.000	0.000	0.000
03	  N	  0.0	  0.5	0.000	0.000	0.000
04	  N	  0.0	  0.5	1.038	0.000	0.000
05	  K	  0.5	  0.1	1.038	0.000	0.000
06	  A	  0.5	  0.2	1.038	0.000	0.000
07	  T	  0.7	  0.1	1.038	0.000	0.000
08	  D	  0.2	  0.1	1.377	0.000	0.000
09	  L	  0.4	  0.1	1.377	27.836	27.836
10	  M	  0.6	  0.0	1.143	32.293	32.293
11	  A	  0.7	  0.0	0.937	32.293	32.293
12	  L	  3.9	  0.0	0.785	32.293	32.293
13	  T	 10.5	  0.0	0.617	32.293	32.293
14	  V	 11.0	  0.1	0.617	30.174	30.174
15	  R	  7.7	  0.2	0.617	0.000	0.000
16	  G	  0.8	  0.2	0.000	0.000	0.000
17	  C	  5.2	  0.3	0.000	0.000	0.000
18	  C	  5.3	  0.2	0.000	0.000	0.000
19	  D	  5.2	  0.1	0.000	0.000	0.000
20	  D	  0.2	  6.7	0.000	0.000	0.000
21	  P	  0.0	  6.6	0.000	0.000	0.000
22	  S	 18.5	  6.7	0.000	0.000	0.000
23	  C	 19.4	  6.7	0.000	0.000	0.000
24	  S	 19.9	  0.2	0.000	0.000	0.000
25	  I	  5.9	  0.1	0.000	0.000	0.000
26	  H	  4.6	  0.0	0.000	0.000	0.000
27	  M	  4.0	  0.2	0.000	0.000	0.000
28	  P	  0.1	  0.2	0.000	0.000	0.000
29	  F	  4.6	  0.2	0.000	0.000	0.000
30	  F	  7.8	  0.2	0.000	0.000	0.000
31	  C	  7.8	  0.0	0.000	0.000	0.000
32	  F	  3.3	  0.0	0.000	0.000	0.000
