res	aa	Beta	Turn	Helix	Aggregation	Conc-Stab_Aggregation
01	  A	  0.1	  0.0	0.000	0.000	0.000
02	  A	  0.4	  0.0	0.000	0.000	0.000
03	  K	  4.5	  0.0	0.000	0.000	0.000
04	  V	  7.5	  0.0	0.000	0.000	0.000
05	  K	  7.9	  0.0	0.000	0.000	0.000
06	  Y	  4.1	  0.2	0.000	0.000	0.000
07	  S	  1.0	  0.2	0.000	0.000	0.000
08	  N	  0.4	  0.2	0.000	0.000	0.000
09	  T	  0.1	  0.4	0.320	0.000	0.000
10	  P	  0.1	  0.3	0.320	0.000	0.000
11	  E	  0.0	  0.4	0.320	0.000	0.000
12	  E	  1.8	  0.4	0.320	0.000	0.000
13	  C	  2.9	  0.2	0.320	0.000	0.000
14	  C	  2.9	  0.0	0.320	0.000	0.000
15	  P	  1.1	  0.0	0.000	0.000	0.000
16	  N	  0.0	  0.0	0.000	0.000	0.000
17	  P	  0.0	  0.2	0.000	0.000	0.000
18	  P	  0.0	  0.2	0.000	0.000	0.000
19	  C	  6.1	  0.2	0.000	0.000	0.000
20	  F	  6.4	  0.3	0.000	0.000	0.000
21	  A	  6.8	  0.1	0.000	0.000	0.000
22	  T	  2.6	  0.1	0.000	0.000	0.000
23	  H	  2.3	  0.2	0.000	0.000	0.000
24	  S	  1.9	  0.1	0.000	0.000	0.000
25	  E	  0.5	  0.1	0.000	0.000	0.000
26	  I	  1.4	  0.4	0.000	0.000	0.000
27	  C	  1.5	  0.3	0.000	0.000	0.000
28	  G	  1.1	  0.3	0.000	0.000	0.000
29	  V	  1.5	  0.3	0.000	0.000	0.000
30	  R	  1.3	  0.0	0.000	0.000	0.000
31	  R	  1.3	  0.0	0.000	0.000	0.000
