res	aa	Beta	Turn	Helix	Aggregation	Conc-Stab_Aggregation
01	  A	  0.0	  0.4	0.000	0.000	0.000
02	  A	  0.0	  0.5	0.000	0.000	0.000
03	  N	  0.0	  0.6	0.000	0.000	0.000
04	  D	  0.0	  0.6	0.000	0.000	0.000
05	  K	  0.1	  0.2	0.000	0.000	0.000
06	  A	  0.1	  0.1	0.000	0.000	0.000
07	  P	  0.0	  0.0	0.000	1.475	1.475
08	  V	  3.4	  0.0	0.000	32.750	32.750
09	  Q	  4.6	  0.0	0.000	34.784	34.784
10	  I	 11.8	  0.0	0.000	75.757	75.757
11	  V	  9.9	  0.0	0.000	75.895	75.895
12	  L	 11.5	  0.0	0.000	75.895	75.895
13	  T	 11.7	  0.0	0.296	69.291	69.291
14	  V	 10.7	  0.0	0.296	64.993	64.993
15	  Q	  7.9	  0.1	0.296	2.665	2.665
16	  E	  1.4	  0.1	0.296	0.000	0.000
17	  C	 20.5	  0.1	0.296	0.000	0.000
18	  C	 20.6	  0.6	0.296	0.000	0.000
19	  A	 19.8	  0.6	0.208	0.000	0.000
20	  D	  0.4	  0.7	0.136	0.000	0.000
21	  S	  0.3	  0.7	0.000	0.000	0.000
22	  A	  0.4	  0.2	0.000	0.000	0.000
23	  C	  1.8	  0.2	0.000	0.000	0.000
24	  S	  3.2	  0.1	0.000	0.000	0.000
25	  L	  3.5	  0.1	0.000	0.000	0.000
26	  T	  2.2	  0.1	0.000	0.000	0.000
27	  N	  0.5	  0.1	0.000	0.000	0.000
28	  P	  0.0	  0.1	0.000	0.000	0.000
29	  L	  1.0	  0.1	0.000	0.000	0.000
30	  I	  1.8	  0.4	0.000	0.000	0.000
31	  C	  2.0	  0.4	0.000	0.000	0.000
32	  G	  1.0	  0.4	0.000	0.000	0.000
33	  R	  0.2	  0.4	0.000	0.000	0.000
34	  R	  0.0	  0.1	0.000	0.000	0.000
