res	aa	Beta	Turn	Helix	Aggregation	Conc-Stab_Aggregation
01	  A	  0.1	  0.0	0.000	0.000	0.000
02	  A	  0.4	  0.0	0.000	0.000	0.000
03	  K	  4.4	  0.0	0.000	0.000	0.000
04	  V	  7.3	  0.0	0.000	0.000	0.000
05	  K	  7.7	  0.0	0.000	0.000	0.000
06	  Y	  5.8	  0.0	0.000	0.000	0.000
07	  S	  3.7	  0.0	0.000	0.000	0.000
08	  K	  3.1	  0.0	0.000	0.000	0.000
09	  T	  1.1	  0.2	0.409	0.000	0.000
10	  P	  0.1	  0.3	0.409	0.000	0.000
11	  E	  0.0	  0.4	0.409	0.000	0.000
12	  E	  1.8	  0.4	0.409	0.000	0.000
13	  C	  2.9	  0.2	0.409	0.000	0.000
14	  C	  2.9	  0.0	0.409	0.000	0.000
15	  P	  1.1	  0.0	0.000	0.000	0.000
16	  N	  0.0	  0.0	0.000	0.000	0.000
17	  P	  0.0	  0.2	0.000	0.000	0.000
18	  P	  0.0	  0.2	0.000	0.000	0.000
19	  C	  6.1	  0.2	0.000	0.000	0.000
20	  F	  6.4	  0.3	0.000	0.000	0.000
21	  A	  6.5	  0.2	0.000	0.000	0.000
22	  T	  1.1	  0.2	0.000	0.000	0.000
23	  N	  0.8	  1.2	0.000	0.000	0.000
24	  S	  0.8	  1.0	0.000	0.000	0.000
25	  D	  0.4	  1.0	0.000	0.000	0.000
26	  I	  1.2	  0.9	0.000	0.000	0.000
27	  C	  1.3	  2.3	0.000	0.000	0.000
28	  G	  0.9	  2.5	0.000	0.000	0.000
29	  G	  0.1	  2.5	0.000	0.000	0.000
30	  R	  0.0	  2.5	0.000	0.000	0.000
31	  R	  0.0	  0.2	0.000	0.000	0.000
