res	aa	Beta	Turn	Helix	Aggregation	Conc-Stab_Aggregation
01	  A	  0.0	  0.5	0.000	0.000	0.000
02	  A	  0.0	  0.7	0.000	0.000	0.000
03	  D	  0.0	  0.7	0.000	0.000	0.000
04	  D	  0.0	  0.7	0.000	0.000	0.000
05	  K	  0.0	  0.6	0.000	0.000	0.000
06	  P	  0.0	  0.8	0.000	0.000	0.000
07	  S	  0.0	  0.8	0.618	0.000	0.000
08	  D	  0.3	  0.8	2.134	0.027	0.027
09	  W	  1.1	  0.3	2.831	67.918	67.918
10	  I	  3.6	  0.0	3.382	82.362	82.362
11	  A	  3.4	  0.0	3.662	82.362	82.362
12	  L	  2.9	  0.0	3.764	82.362	82.362
13	  A	  0.7	  0.0	4.055	82.362	82.362
14	  I	  1.5	  0.0	3.969	76.953	76.953
15	  K	  1.4	  0.1	4.163	0.027	0.027
16	  Q	  2.5	  0.1	3.045	0.000	0.000
17	  C	 22.1	  0.1	2.245	0.000	0.000
18	  C	 22.2	  0.0	2.094	0.000	0.000
19	  A	 20.8	  0.0	2.094	0.000	0.000
20	  N	  0.6	  0.0	2.094	0.000	0.000
21	  P	  0.0	  0.1	0.000	0.000	0.000
22	  P	  0.0	  0.1	0.000	0.000	0.000
23	  C	  0.2	  0.2	0.000	0.000	0.000
24	  K	  0.4	  0.2	0.000	0.000	0.000
25	  H	  2.1	  0.3	0.000	0.000	0.000
26	  V	  5.6	  0.3	0.000	0.000	0.000
27	  N	  6.7	  0.2	0.000	0.000	0.000
28	  C	  5.1	  0.2	0.000	0.000	0.000
29	  R	  1.4	  0.0	0.000	0.000	0.000
