res	aa	Beta	Turn	Helix	Aggregation	Conc-Stab_Aggregation
01	  A	  0.0	  0.4	0.000	0.000	0.000
02	  A	  0.1	  0.4	0.000	0.000	0.000
03	  D	  0.5	  0.4	0.000	0.000	0.000
04	  Y	  1.4	  0.5	0.000	0.000	0.000
05	  K	  1.5	  0.1	0.000	0.000	0.000
06	  R	  1.3	  0.7	0.000	0.000	0.000
07	  S	  0.4	  0.7	0.000	0.000	0.000
08	  D	  0.8	  0.6	0.220	0.000	0.000
09	  W	  1.6	  0.5	0.220	75.349	75.349
10	  F	  2.2	  0.0	0.220	91.170	91.170
11	  A	  1.8	  0.0	0.220	91.195	91.195
12	  W	  2.0	  0.0	0.220	91.226	91.226
13	  V	  4.5	  0.0	0.220	91.226	91.226
14	  I	  4.5	  0.0	0.220	85.369	85.369
15	  H	  3.8	  0.1	0.220	2.218	2.218
16	  S	 11.0	  0.1	0.121	1.982	1.982
17	  C	 18.5	  0.1	0.000	1.959	1.959
18	  C	 18.3	  0.1	0.000	1.547	1.547
19	  S	  8.2	  0.0	0.000	0.162	0.162
20	  N	  0.2	  0.0	0.000	0.000	0.000
21	  P	  0.0	  0.1	0.000	0.000	0.000
22	  P	  0.0	  0.1	0.000	0.000	0.000
23	  C	  0.6	  0.3	0.000	0.000	0.000
24	  A	  0.9	  0.3	0.000	0.000	0.000
25	  H	  2.5	  0.3	0.000	0.000	0.000
26	  V	  5.6	  0.3	0.000	0.000	0.000
27	  N	  6.6	  0.2	0.000	0.000	0.000
28	  C	  6.0	  0.2	0.000	0.000	0.000
29	  R	  2.8	  0.1	0.000	0.000	0.000
30	  R	  1.8	  0.1	0.000	0.000	0.000
31	  R	  0.7	  0.1	0.000	0.000	0.000
32	  R	  0.4	  0.0	0.000	0.000	0.000
