res	aa	Beta	Turn	Helix	Aggregation	Conc-Stab_Aggregation
01	  A	  0.0	  0.4	0.000	0.000	0.000
02	  A	  0.0	  0.5	0.000	0.000	0.000
03	  N	  0.0	  0.5	0.000	0.000	0.000
04	  N	  0.0	  0.5	0.997	0.000	0.000
05	  K	  0.5	  0.1	0.997	0.000	0.000
06	  A	  0.5	  0.2	0.997	0.000	0.000
07	  T	  0.7	  0.1	0.997	0.000	0.000
08	  D	  0.2	  0.1	1.285	0.000	0.000
09	  L	  0.4	  0.1	1.285	27.691	27.691
10	  M	  0.6	  0.0	1.051	32.126	32.126
11	  A	  0.7	  0.0	0.845	32.126	32.126
12	  L	  3.9	  0.0	0.693	32.126	32.126
13	  T	  9.4	  0.0	0.525	32.126	32.126
14	  V	  9.8	  0.1	0.525	30.018	30.018
15	  R	  6.5	  0.2	0.525	0.000	0.000
16	  G	  0.7	  0.2	0.000	0.000	0.000
17	  C	 19.1	  0.2	0.000	0.000	0.000
18	  C	 19.3	  0.0	0.000	0.000	0.000
19	  A	 19.2	  0.0	0.000	0.000	0.000
20	  D	  0.5	  5.7	0.000	0.000	0.000
21	  P	  0.0	  5.8	0.000	0.000	0.000
22	  S	 18.4	  5.9	0.000	0.000	0.000
23	  C	 19.3	  5.9	0.000	0.000	0.000
24	  S	 19.5	  0.2	0.000	0.000	0.000
25	  I	  6.1	  0.1	0.000	0.000	0.000
26	  L	  4.8	  0.0	0.000	0.000	0.000
27	  M	  4.6	  0.4	0.000	0.000	0.000
28	  P	  0.1	  0.4	0.000	0.000	0.000
29	  Y	  4.5	  0.4	0.000	0.000	0.000
30	  F	  8.0	  0.4	0.000	0.000	0.000
31	  C	  8.0	  0.0	0.000	0.000	0.000
32	  I	  3.7	  0.0	0.000	0.000	0.000
