res	aa	Beta	Turn	Helix	Aggregation	Conc-Stab_Aggregation
01	  A	  0.0	  0.4	0.000	0.000	0.000
02	  A	  0.0	  0.4	0.000	0.000	0.000
03	  N	  0.1	  0.4	0.000	0.000	0.000
04	  A	  0.3	  0.4	0.000	0.000	0.000
05	  K	  0.5	  0.1	0.000	0.000	0.000
06	  L	  0.8	  0.0	0.000	0.000	0.000
07	  F	  4.1	  0.0	0.000	0.000	0.000
08	  D	  5.4	  0.0	0.000	0.000	0.000
09	  V	  7.0	  0.0	0.000	0.000	0.000
10	  R	  3.7	  0.1	0.000	0.000	0.000
11	  Q	  2.6	  0.2	0.000	0.000	0.000
12	  S	 11.1	  0.2	0.000	0.000	0.000
13	  C	 18.8	  0.1	0.000	0.000	0.000
14	  C	 18.6	  0.0	0.000	0.000	0.000
15	  S	  8.5	  0.0	0.000	0.000	0.000
16	  T	  0.3	  0.0	0.000	0.000	0.000
17	  P	  0.0	  0.2	0.000	0.000	0.000
18	  P	  0.0	  0.2	0.000	0.000	0.000
19	  C	  0.7	  0.2	0.118	2.057	2.057
20	  A	  0.9	  0.2	0.118	5.394	5.394
21	  L	  1.4	  0.0	0.118	5.394	5.394
22	  L	  1.5	  0.0	0.118	5.394	5.394
23	  Y	  2.0	  0.1	0.118	5.394	5.394
24	  M	  2.3	  0.1	0.118	4.472	4.472
25	  E	  1.8	  0.1	0.000	0.000	0.000
26	  M	  1.2	  0.1	0.000	0.000	0.000
27	  C	  0.4	  0.0	0.000	0.000	0.000
28	  G	  0.2	  0.0	0.000	0.000	0.000
