res	aa	Beta	Turn	Helix	Aggregation	Conc-Stab_Aggregation
01	  A	  0.1	  0.0	0.000	0.000	0.000
02	  A	  0.2	  0.0	0.000	0.000	0.000
03	  K	  1.3	  0.0	0.000	0.000	0.000
04	  F	  3.9	  0.0	0.000	0.000	0.000
05	  K	  3.7	  0.0	0.000	0.000	0.000
06	  A	  2.7	  0.0	0.000	0.000	0.000
07	  P	  0.0	  0.0	0.000	0.000	0.000
08	  A	  0.3	  0.0	0.000	0.000	0.000
09	  L	  0.4	  0.0	0.000	0.000	0.000
10	  M	  0.4	  0.1	0.000	0.000	0.000
11	  E	  0.4	  0.2	0.000	0.000	0.000
12	  R	  0.6	  0.2	0.000	0.000	0.000
13	  N	  3.9	  0.2	0.184	0.000	0.000
14	  V	  5.6	  0.1	0.184	0.000	0.000
15	  W	  6.3	  0.1	0.184	0.000	0.000
16	  E	  3.2	  0.1	0.184	0.000	0.000
17	  K	  3.9	  0.1	0.184	0.000	0.000
18	  C	 11.6	  0.1	0.184	0.000	0.000
19	  C	 13.7	  0.0	0.184	0.000	0.000
20	  L	 11.1	  0.0	0.184	0.000	0.000
21	  D	  2.8	  0.8	0.527	0.000	0.000
22	  P	  0.1	  0.8	0.343	0.000	0.000
23	  R	  0.8	  0.8	0.343	0.000	0.000
24	  C	  1.1	  1.6	0.343	0.000	0.000
25	  S	  1.2	  1.2	0.343	0.000	0.000
26	  G	  0.3	  1.2	0.343	0.000	0.000
27	  K	  0.2	  1.2	0.162	0.000	0.000
28	  H	  0.4	  0.9	0.000	0.000	0.000
29	  Q	  0.5	  0.5	0.000	0.000	0.000
30	  N	  0.5	  0.7	0.000	0.000	0.000
31	  K	  0.5	  0.7	0.000	0.000	0.000
32	  C	  0.4	  0.3	0.000	0.000	0.000
33	  G	  0.3	  0.3	0.000	0.000	0.000
