res	aa	Beta	Turn	Helix	Aggregation	Conc-Stab_Aggregation
01	  A	  0.0	  1.2	0.000	0.000	0.000
02	  A	  0.0	  2.0	0.000	0.000	0.000
03	  D	  0.0	  2.0	0.000	0.000	0.000
04	  G	  0.0	  2.0	0.000	0.000	0.000
05	  K	  0.0	  1.2	0.000	0.000	0.000
06	  P	  0.0	  0.8	0.000	0.000	0.000
07	  S	  0.0	  0.8	0.000	0.000	0.000
08	  D	  0.3	  0.8	0.000	0.000	0.000
09	  W	  0.9	  0.4	0.000	10.730	10.730
10	  I	  4.4	  0.0	0.000	10.730	10.730
11	  S	  4.4	  0.0	0.000	10.730	10.730
12	  L	  4.5	  0.0	0.000	10.730	10.730
13	  V	  1.5	  0.0	0.000	10.730	10.730
14	  T	  1.1	  0.3	0.551	0.000	0.000
15	  P	  0.5	  0.4	0.551	0.000	0.000
16	  E	  1.1	  0.4	0.551	0.000	0.000
17	  C	  9.9	  0.4	0.551	0.000	0.000
18	  C	 10.1	  0.1	0.551	0.000	0.000
19	  S	  9.1	  0.0	0.551	0.000	0.000
20	  N	  0.2	  0.0	0.551	0.000	0.000
21	  P	  0.0	  0.2	0.000	0.000	0.000
22	  P	  0.0	  0.2	0.000	0.000	0.000
23	  C	  0.7	  0.2	0.000	0.000	0.000
24	  N	  0.9	  0.2	0.000	0.000	0.000
25	  L	  1.1	  0.3	0.000	0.000	0.000
26	  Q	  0.8	  0.3	0.000	0.000	0.000
27	  N	  1.9	  0.3	0.000	0.000	0.000
28	  C	  1.7	  0.3	0.000	0.000	0.000
29	  R	  1.3	  0.0	0.000	0.000	0.000
