res	aa	Beta	Turn	Helix	Aggregation	Conc-Stab_Aggregation
01	  A	  0.0	  0.4	0.000	0.000	0.000
02	  A	  0.0	  0.4	0.000	0.000	0.000
03	  N	  0.1	  0.4	0.340	0.000	0.000
04	  A	  0.3	  0.4	0.340	0.000	0.000
05	  K	  0.5	  0.1	0.340	0.000	0.000
06	  L	  0.8	  0.0	0.340	21.221	21.221
07	  F	  1.7	  0.0	0.340	21.375	21.375
08	  A	  2.2	  0.0	0.340	21.375	21.375
09	  V	  4.1	  0.0	0.340	21.375	21.375
10	  M	  3.2	  0.1	0.340	21.375	21.375
11	  Q	  2.9	  0.1	0.239	1.159	1.159
12	  S	 11.2	  0.1	0.124	0.117	0.117
13	  C	 18.7	  0.1	0.000	0.000	0.000
14	  C	 18.6	  0.0	0.000	0.000	0.000
15	  S	  8.4	  0.0	0.000	0.000	0.000
16	  T	  0.3	  0.0	0.000	0.000	0.000
17	  P	  0.0	  0.2	0.000	0.000	0.000
18	  P	  0.0	  0.2	0.000	0.000	0.000
19	  C	  0.7	  0.2	0.000	0.000	0.000
20	  A	  0.9	  0.2	0.000	0.000	0.000
21	  L	  1.7	  0.0	0.000	0.000	0.000
22	  R	  1.5	  0.0	0.000	0.000	0.000
23	  H	  2.0	  0.3	0.000	0.000	0.000
24	  M	  2.6	  0.3	0.000	0.000	0.000
25	  D	  2.2	  0.5	0.000	0.000	0.000
26	  M	  1.6	  0.5	0.000	0.000	0.000
27	  C	  0.3	  0.2	0.000	0.000	0.000
28	  G	  0.2	  0.2	0.000	0.000	0.000
