res	aa	Beta	Turn	Helix	Aggregation	Conc-Stab_Aggregation
01	  A	  0.0	  0.4	0.000	0.000	0.000
02	  A	  0.0	  0.5	0.000	0.000	0.000
03	  N	  0.0	  0.6	0.000	0.000	0.000
04	  D	  0.0	  0.7	0.110	0.000	0.000
05	  K	  0.1	  0.4	0.110	0.000	0.000
06	  A	  0.2	  0.6	0.110	0.000	0.000
07	  S	  0.2	  0.5	0.255	0.000	0.000
08	  N	  0.0	  0.4	1.333	0.218	0.218
09	  L	  0.3	  0.3	1.333	0.218	0.218
10	  M	  0.6	  0.0	1.333	0.218	0.218
11	  A	  0.9	  0.0	1.333	0.218	0.218
12	  L	  0.8	  0.2	1.333	0.218	0.218
13	  R	  0.4	  0.2	1.333	0.000	0.000
14	  D	  0.2	  0.4	0.358	0.000	0.000
15	  E	  1.8	  0.4	0.119	0.000	0.000
16	  C	  2.8	  0.3	0.119	0.000	0.000
17	  C	  2.8	  0.2	0.119	0.000	0.000
18	  P	  1.1	  0.0	0.000	0.000	0.000
19	  N	  0.0	  0.0	0.000	0.000	0.000
20	  P	  0.0	  0.2	0.000	0.000	0.000
21	  P	  0.0	  0.2	0.000	0.000	0.000
22	  C	  1.0	  0.2	0.000	0.000	0.000
23	  K	  1.1	  0.4	0.000	0.000	0.000
24	  A	  1.1	  0.2	0.000	0.000	0.000
25	  S	  0.2	  0.2	0.000	0.000	0.000
26	  N	  0.0	  4.4	0.000	0.000	0.000
27	  P	  0.0	  4.3	0.000	0.000	0.000
28	  D	  0.1	  4.3	0.000	0.000	0.000
29	  L	  0.3	  4.5	0.000	0.000	0.000
30	  C	  0.7	  0.2	0.000	0.000	0.000
31	  D	  1.3	  0.2	0.000	0.000	0.000
32	  W	  2.2	  0.2	0.000	0.000	0.000
33	  R	  1.9	  0.0	0.000	0.000	0.000
34	  S	  1.1	  0.0	0.000	0.000	0.000
