res	aa	Beta	Turn	Helix	Aggregation	Conc-Stab_Aggregation
01	  A	  0.0	  0.4	0.000	0.000	0.000
02	  A	  0.0	  0.5	0.000	0.000	0.000
03	  N	  0.0	  0.6	0.000	0.000	0.000
04	  D	  0.0	  0.7	0.120	0.000	0.000
05	  K	  0.1	  0.3	0.120	0.000	0.000
06	  A	  0.6	  0.3	0.120	1.685	1.685
07	  S	  1.8	  0.2	0.233	4.958	4.958
08	  V	  5.3	  0.1	0.233	12.032	12.032
09	  Q	  5.1	  0.0	0.233	12.403	12.403
10	  I	  6.1	  0.0	0.112	21.681	21.681
11	  A	  2.7	  0.0	0.112	21.681	21.681
12	  L	  5.5	  0.0	0.112	21.681	21.681
13	  T	 11.1	  0.0	0.426	19.830	19.830
14	  V	 11.3	  0.0	0.426	18.712	18.712
15	  Q	  8.4	  0.1	0.426	0.672	0.672
16	  E	  1.4	  0.1	0.314	0.000	0.000
17	  C	 20.4	  0.1	0.406	0.000	0.000
18	  C	 20.5	  0.7	0.523	0.000	0.000
19	  A	 19.7	  0.7	0.430	0.000	0.000
20	  D	  0.3	  0.8	0.476	0.000	0.000
21	  A	  0.0	  0.8	0.332	0.000	0.000
22	  A	  0.2	  0.2	0.332	0.000	0.000
23	  C	  1.6	  0.2	0.332	0.000	0.000
24	  S	  3.2	  0.1	0.124	0.000	0.000
25	  L	  3.5	  0.1	0.124	0.000	0.000
26	  T	  2.2	  0.1	0.000	0.000	0.000
27	  N	  0.5	  0.1	0.000	0.000	0.000
28	  P	  0.0	  0.1	0.000	0.000	0.000
29	  L	  1.0	  0.1	0.000	0.000	0.000
30	  I	  1.8	  0.4	0.000	0.000	0.000
31	  C	  2.0	  0.4	0.000	0.000	0.000
32	  G	  1.0	  0.4	0.000	0.000	0.000
33	  R	  0.2	  0.4	0.000	0.000	0.000
34	  R	  0.0	  0.1	0.000	0.000	0.000
