res	aa	Beta	Turn	Helix	Aggregation	Conc-Stab_Aggregation
01	  A	  0.1	  0.2	0.000	0.000	0.000
02	  A	  0.1	  0.5	0.000	0.000	0.000
03	  S	  0.1	  0.6	0.405	0.000	0.000
04	  D	  0.0	  0.6	2.432	0.000	0.000
05	  K	  0.1	  0.5	2.827	0.000	0.000
06	  A	  0.2	  0.3	3.006	0.000	0.000
07	  S	  0.2	  0.3	4.832	0.000	0.000
08	  E	  0.1	  0.2	5.406	0.000	0.000
09	  L	  0.3	  0.1	5.566	33.540	33.540
10	  M	  0.6	  0.1	5.580	38.911	38.911
11	  A	  0.6	  0.0	5.395	38.911	38.911
12	  L	  0.7	  0.0	5.395	38.911	38.911
13	  A	  0.9	  0.0	5.104	38.911	38.911
14	  V	  1.4	  0.1	3.819	36.358	36.358
15	  R	  1.1	  0.2	3.819	0.000	0.000
16	  G	  0.8	  0.2	0.961	0.000	0.000
17	  C	  8.8	  0.2	0.560	0.000	0.000
18	  C	 10.6	  0.1	0.000	0.000	0.000
19	  S	 10.6	  0.0	0.000	0.000	0.000
20	  H	  2.2	  0.3	0.000	0.000	0.000
21	  P	  0.1	  0.3	0.000	0.000	0.000
22	  A	  0.1	  0.3	0.000	0.000	0.000
23	  C	  0.3	  0.7	0.000	0.000	0.000
24	  A	  0.3	  2.1	0.000	0.000	0.000
25	  G	  0.2	  2.1	0.000	0.000	0.000
26	  N	  0.0	  2.1	0.000	0.000	0.000
27	  N	  0.0	  5.1	0.000	0.000	0.000
28	  P	  0.0	  3.4	0.000	0.000	0.000
29	  D	  0.4	  3.4	0.000	0.000	0.000
30	  I	  1.2	  3.4	0.000	0.000	0.000
31	  C	  1.2	  0.0	0.000	0.000	0.000
32	  G	  0.9	  0.0	0.000	0.000	0.000
