res	aa	Beta	Turn	Helix	Aggregation	Conc-Stab_Aggregation
01	  A	  0.1	  0.2	0.000	0.000	0.000
02	  A	  0.1	  0.5	0.000	0.000	0.000
03	  S	  0.1	  0.6	0.405	0.000	0.000
04	  D	  0.0	  0.6	2.442	0.000	0.000
05	  K	  0.1	  0.5	2.838	0.000	0.000
06	  A	  0.2	  0.3	3.017	0.000	0.000
07	  S	  0.2	  0.3	4.851	0.000	0.000
08	  E	  0.1	  0.2	5.428	0.000	0.000
09	  L	  0.3	  0.1	5.588	33.400	33.400
10	  M	  0.6	  0.1	5.602	38.751	38.751
11	  A	  0.6	  0.0	5.417	38.751	38.751
12	  L	  0.7	  0.0	5.417	38.751	38.751
13	  A	  0.9	  0.0	5.126	38.751	38.751
14	  V	  1.4	  0.1	3.841	36.208	36.208
15	  R	  1.1	  0.2	3.841	0.000	0.000
16	  G	  0.8	  0.2	0.975	0.000	0.000
17	  C	  8.6	  0.2	0.568	0.000	0.000
18	  C	  8.7	  0.5	0.000	0.000	0.000
19	  S	  8.6	  0.5	0.000	0.000	0.000
20	  N	  0.2	  0.5	0.435	0.000	0.000
21	  L	  0.3	  0.5	0.435	0.000	0.000
22	  A	  0.4	  0.0	0.435	0.000	0.000
23	  C	  0.5	  0.4	0.435	0.000	0.000
24	  A	  0.3	  2.0	0.435	0.000	0.000
25	  G	  0.2	  2.1	0.435	0.000	0.000
26	  N	  0.0	  2.1	0.222	0.000	0.000
27	  N	  0.1	  1.7	0.000	0.000	0.000
28	  L	  3.3	  0.1	0.000	0.000	0.000
29	  H	  6.2	  0.1	0.000	0.000	0.000
30	  I	  6.9	  0.3	0.000	0.000	0.000
31	  C	  3.8	  0.5	0.000	0.000	0.000
32	  G	  1.0	  0.5	0.000	0.000	0.000
33	  R	  0.5	  0.5	0.000	0.000	0.000
34	  R	  0.4	  0.2	0.000	0.000	0.000
35	  R	  0.4	  0.1	0.000	0.000	0.000
