res	aa	Beta	Turn	Helix	Aggregation	Conc-Stab_Aggregation
01	  A	  0.0	  0.3	0.000	0.000	0.000
02	  A	  0.0	  0.4	0.000	0.000	0.000
03	  N	  0.1	  0.5	0.000	0.000	0.000
04	  K	  0.1	  0.5	0.000	0.000	0.000
05	  K	  0.2	  0.3	0.000	0.000	0.000
06	  A	  0.2	  0.6	0.000	0.000	0.000
07	  S	  0.2	  0.5	0.201	0.000	0.000
08	  D	  0.0	  0.5	0.531	0.000	0.000
09	  L	  0.2	  0.3	0.531	27.939	27.939
10	  M	  0.6	  0.0	0.531	32.412	32.412
11	  A	  0.7	  0.0	0.531	32.412	32.412
12	  L	  3.9	  0.0	0.531	32.412	32.412
13	  T	 10.3	  0.0	0.429	32.412	32.412
14	  V	 10.8	  0.1	0.429	30.286	30.286
15	  R	  7.4	  0.2	0.429	0.000	0.000
16	  G	  0.8	  0.2	0.000	0.000	0.000
17	  C	  9.0	  0.2	0.000	0.000	0.000
18	  C	 10.1	  0.1	0.000	0.000	0.000
19	  V	 10.0	  0.0	0.000	0.000	0.000
20	  Y	  1.3	  0.0	0.000	0.000	0.000
21	  P	  0.0	  0.1	0.000	0.000	0.000
22	  P	  0.0	  0.1	0.000	0.000	0.000
23	  C	  1.1	  0.1	0.000	0.000	0.000
24	  A	  1.4	  0.2	0.000	0.000	0.000
25	  V	  3.3	  0.0	0.000	0.000	0.000
26	  N	  2.2	  0.0	0.000	0.000	0.000
27	  H	  1.9	  1.7	0.000	0.000	0.000
28	  P	  0.0	  1.7	0.000	0.000	0.000
29	  D	  0.4	  1.7	0.000	0.000	0.000
30	  I	  1.3	  1.7	0.000	0.000	0.000
31	  C	  1.3	  0.0	0.000	0.000	0.000
32	  G	  0.9	  0.0	0.000	0.000	0.000
