res	aa	Beta	Turn	Helix	Aggregation	Conc-Stab_Aggregation
01	  A	  0.0	  0.4	0.000	0.000	0.000
02	  A	  0.0	  0.5	0.000	0.000	0.000
03	  N	  0.0	  0.5	0.000	0.000	0.000
04	  N	  0.0	  0.5	1.754	0.000	0.000
05	  K	  0.5	  0.1	1.754	0.000	0.000
06	  A	  0.5	  0.2	1.754	0.000	0.000
07	  T	  0.7	  0.1	2.061	0.000	0.000
08	  D	  0.2	  0.1	2.309	0.000	0.000
09	  L	  0.4	  0.1	2.309	0.000	0.000
10	  M	  0.3	  0.0	2.076	0.000	0.000
11	  A	  0.3	  0.0	1.824	0.000	0.000
12	  R	  0.7	  0.0	1.609	0.000	0.000
13	  T	  8.0	  0.0	1.056	0.000	0.000
14	  V	  9.1	  0.1	1.056	0.000	0.000
15	  R	  9.3	  0.0	1.056	0.000	0.000
16	  R	  2.1	  0.0	0.259	0.000	0.000
17	  F	  3.0	  0.1	0.137	0.000	0.000
18	  C	  2.4	  0.0	0.000	0.000	0.000
19	  S	  2.3	  0.0	0.000	0.000	0.000
20	  D	  0.2	  0.0	0.000	0.000	0.000
21	  P	  0.0	  0.1	0.000	0.000	0.000
22	  P	  0.0	  0.1	0.000	0.000	0.000
23	  C	  3.0	  0.2	0.000	0.000	0.000
24	  R	  5.2	  0.2	0.000	0.000	0.000
25	  I	  5.3	  0.0	0.000	0.000	0.000
26	  S	  2.3	  0.0	0.000	0.000	0.000
27	  N	  0.1	  0.4	0.000	0.000	0.000
28	  P	  0.0	  0.7	0.000	0.000	0.000
29	  E	  0.2	  0.8	0.000	0.000	0.000
30	  S	  1.4	  0.8	0.000	0.000	0.000
31	  C	  1.5	  0.4	0.000	0.000	0.000
32	  G	  1.4	  0.1	0.000	0.000	0.000
33	  W	  0.6	  0.0	0.000	0.000	0.000
34	  E	  0.5	  0.0	0.000	0.000	0.000
35	  P	  0.4	  0.0	0.000	0.000	0.000
