res	aa	Beta	Turn	Helix	Aggregation	Conc-Stab_Aggregation
01	  A	  0.0	  0.4	0.000	0.000	0.000
02	  A	  0.0	  0.5	0.000	0.000	0.000
03	  N	  0.0	  0.5	0.000	0.000	0.000
04	  N	  0.0	  0.5	1.046	0.000	0.000
05	  K	  0.5	  0.1	1.046	0.000	0.000
06	  A	  0.5	  0.2	1.046	0.000	0.000
07	  T	  0.7	  0.1	1.046	0.000	0.000
08	  D	  0.2	  0.1	1.393	0.000	0.000
09	  L	  0.4	  0.1	1.393	27.238	27.238
10	  M	  0.6	  0.0	1.159	31.605	31.605
11	  A	  0.7	  0.0	0.954	31.605	31.605
12	  L	  3.9	  0.0	0.801	31.605	31.605
13	  T	 10.7	  0.0	0.633	31.605	31.605
14	  V	 11.2	  0.1	0.633	29.529	29.529
15	  R	  7.9	  0.2	0.633	0.000	0.000
16	  G	  0.8	  0.2	0.000	0.000	0.000
17	  C	  3.0	  0.2	0.000	0.000	0.000
18	  C	  3.1	  0.1	0.000	0.000	0.000
19	  G	  3.0	  0.0	0.000	0.000	0.000
20	  N	  0.1	  4.8	0.000	0.000	0.000
21	  P	  0.0	  4.8	0.000	0.000	0.000
22	  S	 18.0	  4.9	0.000	0.000	0.000
23	  C	 18.9	  4.9	0.000	0.000	0.000
24	  S	 19.4	  0.2	0.000	0.000	0.000
25	  I	  9.9	  0.1	0.000	0.000	0.000
26	  H	  9.0	  0.0	0.000	0.000	0.000
27	  I	  8.5	  0.0	0.000	0.000	0.000
28	  P	  0.5	  0.0	0.000	0.000	0.000
29	  Y	  2.0	  0.0	0.000	0.000	0.000
30	  V	  2.7	  0.0	0.000	0.000	0.000
31	  C	  2.7	  0.0	0.000	0.000	0.000
32	  N	  0.8	  0.0	0.000	0.000	0.000
