res	aa	Beta	Turn	Helix	Aggregation	Conc-Stab_Aggregation
01	  A	  0.0	  0.4	0.000	0.000	0.000
02	  A	  0.0	  0.5	0.000	0.000	0.000
03	  N	  0.0	  0.5	0.000	0.000	0.000
04	  N	  0.0	  0.5	1.536	0.000	0.000
05	  K	  0.5	  0.1	1.536	0.000	0.000
06	  A	  0.5	  0.2	1.536	0.000	0.000
07	  T	  0.7	  0.1	1.720	0.000	0.000
08	  D	  0.2	  0.1	1.902	0.000	0.000
09	  L	  0.4	  0.1	1.902	0.000	0.000
10	  M	  0.3	  0.0	1.669	0.000	0.000
11	  A	  0.3	  0.0	1.416	0.000	0.000
12	  R	  0.7	  0.0	1.200	0.000	0.000
13	  T	  8.1	  0.0	0.641	0.000	0.000
14	  V	  8.7	  0.2	0.641	0.000	0.000
15	  R	  8.2	  0.2	0.641	0.000	0.000
16	  G	  0.9	  0.2	0.146	0.000	0.000
17	  F	  2.1	  0.2	0.146	0.000	0.000
18	  C	  2.2	  0.0	0.000	0.000	0.000
19	  S	  2.1	  0.0	0.000	0.000	0.000
20	  D	  0.2	  8.0	0.422	0.000	0.000
21	  P	  0.0	  8.0	0.422	0.000	0.000
22	  S	  6.7	  8.0	0.685	0.000	0.000
23	  C	  7.3	  8.0	0.685	0.000	0.000
24	  R	  8.3	  0.0	0.685	0.000	0.000
25	  F	  2.8	  0.0	0.685	0.000	0.000
26	  R	  2.1	  0.0	0.375	0.000	0.000
27	  N	  1.2	  0.2	0.263	0.000	0.000
28	  P	  0.0	  0.3	0.000	0.000	0.000
29	  E	  0.2	  0.3	0.000	0.000	0.000
30	  L	  0.4	  0.5	0.000	0.000	0.000
31	  C	  0.8	  0.3	0.000	0.000	0.000
32	  D	  1.4	  0.2	0.000	0.000	0.000
33	  W	  2.2	  0.2	0.000	0.000	0.000
34	  R	  1.9	  0.0	0.000	0.000	0.000
35	  R	  1.1	  0.0	0.000	0.000	0.000
