res	aa	Beta	Turn	Helix	Aggregation	Conc-Stab_Aggregation
01	  A	  0.1	  0.2	0.000	0.000	0.000
02	  A	  0.1	  0.5	0.000	0.000	0.000
03	  S	  0.1	  0.6	0.405	0.000	0.000
04	  D	  0.0	  0.6	2.443	0.000	0.000
05	  K	  0.1	  0.5	2.839	0.000	0.000
06	  A	  0.2	  0.3	3.018	0.000	0.000
07	  S	  0.2	  0.3	4.854	0.000	0.000
08	  E	  0.1	  0.2	5.431	0.000	0.000
09	  L	  0.3	  0.1	5.591	33.382	33.382
10	  M	  0.6	  0.1	5.605	38.730	38.730
11	  A	  0.6	  0.0	5.420	38.730	38.730
12	  L	  0.7	  0.0	5.420	38.730	38.730
13	  A	  0.9	  0.0	5.129	38.730	38.730
14	  V	  1.4	  0.1	3.844	36.189	36.189
15	  R	  1.1	  0.2	3.844	0.000	0.000
16	  G	  0.8	  0.2	0.979	0.000	0.000
17	  C	  8.6	  0.2	0.570	0.000	0.000
18	  C	  8.8	  0.1	0.000	0.000	0.000
19	  S	  8.7	  0.0	0.000	0.000	0.000
20	  N	  0.2	  0.9	0.000	0.000	0.000
21	  P	  0.0	  0.9	0.000	0.000	0.000
22	  T	  1.6	  0.9	0.000	0.000	0.000
23	  C	  1.8	  1.3	0.000	0.000	0.000
24	  A	  1.8	  2.1	0.000	0.000	0.000
25	  G	  0.2	  2.3	0.000	0.000	0.000
26	  N	  0.0	  2.8	0.000	0.000	0.000
27	  N	  0.0	  2.6	0.000	0.000	0.000
28	  G	  0.0	  0.9	0.000	0.000	0.000
29	  N	  0.7	  0.7	0.000	0.000	0.000
30	  I	  1.6	  0.2	0.000	0.000	0.000
31	  C	  1.6	  0.0	0.000	0.000	0.000
32	  G	  0.9	  0.0	0.000	0.000	0.000
