res	aa	Beta	Turn	Helix	Aggregation	Conc-Stab_Aggregation
01	  A	  0.1	  0.0	0.000	0.000	0.000
02	  A	  0.3	  0.0	0.000	0.000	0.000
03	  K	  4.3	  0.0	0.000	0.000	0.000
04	  V	  7.1	  0.0	0.000	0.000	0.000
05	  K	  7.5	  0.0	0.000	0.000	0.000
06	  Y	  6.5	  0.0	0.000	0.000	0.000
07	  S	  6.0	  0.0	0.000	0.000	0.000
08	  L	  5.5	  0.0	0.000	0.000	0.000
09	  T	  2.7	  0.0	2.207	0.000	0.000
10	  P	  0.1	  0.1	2.207	0.000	0.000
11	  A	  0.0	  0.2	2.207	0.000	0.000
12	  E	  1.8	  0.2	2.207	0.000	0.000
13	  C	  2.9	  0.2	2.207	0.000	0.000
14	  C	  2.8	  0.1	2.207	0.000	0.000
15	  P	  1.0	  0.0	0.000	0.000	0.000
16	  N	  0.0	  0.0	0.000	0.000	0.000
17	  P	  0.0	  0.2	0.000	0.000	0.000
18	  P	  0.0	  0.2	0.000	0.000	0.000
19	  C	  6.2	  0.2	0.000	0.000	0.000
20	  F	  6.7	  0.2	0.000	0.000	0.000
21	  A	  6.9	  0.0	0.000	0.000	0.000
22	  Q	  0.8	  0.1	0.000	0.000	0.000
23	  H	  0.3	  0.6	0.000	0.000	0.000
24	  S	  0.1	  0.6	0.000	0.000	0.000
25	  N	  0.2	  0.6	0.000	0.000	0.000
26	  L	  0.4	  0.6	0.000	0.000	0.000
27	  C	  0.8	  0.1	0.000	0.000	0.000
28	  G	  0.6	  0.1	0.000	0.000	0.000
29	  A	  0.5	  0.1	0.000	0.000	0.000
30	  R	  0.2	  0.1	0.000	0.000	0.000
31	  R	  0.1	  0.0	0.000	0.000	0.000
