res	aa	Beta	Turn	Helix	Aggregation	Conc-Stab_Aggregation
01	  A	  0.1	  0.0	0.000	0.000	0.000
02	  A	  0.2	  0.0	0.000	0.000	0.000
03	  K	  1.3	  0.0	0.000	0.000	0.000
04	  F	  3.9	  0.0	0.000	0.000	0.000
05	  K	  3.7	  0.0	0.000	0.000	0.000
06	  A	  2.7	  0.0	0.000	0.000	0.000
07	  P	  0.0	  0.0	0.000	0.000	0.000
08	  A	  0.3	  0.0	0.000	0.000	0.000
09	  L	  0.3	  0.0	0.000	0.000	0.000
10	  M	  1.1	  0.0	0.000	0.000	0.000
11	  E	  1.3	  0.0	0.000	0.000	0.000
12	  L	  4.7	  0.0	0.000	0.000	0.000
13	  T	 11.3	  0.0	0.000	0.000	0.000
14	  V	 11.3	  0.1	0.000	0.000	0.000
15	  R	  8.0	  0.1	0.000	0.000	0.000
16	  D	  0.7	  0.3	0.000	0.000	0.000
17	  E	  1.0	  0.3	0.000	0.000	0.000
18	  C	  9.8	  0.2	0.000	0.000	0.000
19	  C	 10.0	  0.2	0.000	0.000	0.000
20	  S	  9.0	  0.0	0.000	0.000	0.000
21	  D	  0.2	  0.8	0.573	0.000	0.000
22	  P	  0.0	  0.9	0.573	0.000	0.000
23	  R	  0.5	  0.9	0.573	0.000	0.000
24	  C	  1.6	  0.9	0.573	0.000	0.000
25	  A	  2.2	  0.0	0.573	0.000	0.000
26	  V	  3.7	  0.0	0.573	0.000	0.000
27	  K	  2.7	  0.0	0.573	0.000	0.000
28	  H	  2.3	  0.5	0.130	0.000	0.000
29	  Q	  0.5	  0.5	0.130	0.000	0.000
30	  D	  0.5	  0.7	0.000	0.000	0.000
31	  L	  0.4	  0.6	0.000	0.000	0.000
32	  C	  0.3	  0.2	0.000	0.000	0.000
33	  G	  0.2	  0.1	0.000	0.000	0.000
