res	aa	Beta	Turn	Helix	Aggregation	Conc-Stab_Aggregation
01	  A	  0.5	  0.0	0.000	0.000	0.000
02	  S	  7.9	  0.0	0.000	0.000	0.000
03	  C	  8.2	  0.0	0.000	0.000	0.000
04	  R	  7.7	  0.0	0.000	0.000	0.000
05	  T	  0.3	  0.3	0.000	0.000	0.000
06	  P	  0.1	  0.8	0.000	0.000	0.000
07	  K	  0.2	  0.8	0.000	0.000	0.000
08	  D	  0.2	  0.8	0.000	0.000	0.000
09	  C	  0.6	  0.6	0.000	0.000	0.000
10	  A	  0.5	  0.0	0.000	0.000	0.000
11	  D	  0.4	  0.4	0.791	0.000	0.000
12	  P	  0.0	  0.4	0.791	0.000	0.000
13	  C	  1.4	  0.4	0.957	0.000	0.000
14	  R	  1.6	  0.5	0.957	0.000	0.000
15	  K	  1.8	  0.3	0.957	0.000	0.000
16	  E	  0.4	  0.5	0.957	0.000	0.000
17	  T	  0.3	  0.4	0.446	0.000	0.000
18	  G	  0.1	  0.3	0.446	0.000	0.000
19	  C	  0.1	  1.6	0.446	0.000	0.000
20	  P	  0.0	  2.0	0.000	0.000	0.000
21	  H	  0.1	  2.1	0.000	0.000	0.000
22	  G	  0.1	  2.1	0.000	0.000	0.000
23	  K	  0.6	  0.6	0.000	0.000	0.000
24	  C	  2.4	  0.4	0.000	0.000	0.000
25	  M	  2.5	  0.3	0.000	0.000	0.000
26	  N	  2.0	  0.4	0.279	0.000	0.000
27	  R	  0.1	  0.4	0.279	0.000	0.000
28	  K	  0.9	  0.2	0.279	0.000	0.000
29	  C	  1.5	  0.3	0.279	0.000	0.000
30	  K	  2.1	  0.1	0.279	0.000	0.000
31	  C	  1.5	  0.1	0.279	0.000	0.000
32	  N	  0.9	  0.3	0.122	0.000	0.000
33	  R	  0.6	  0.2	0.000	0.000	0.000
34	  C	  0.4	  0.2	0.000	0.000	0.000
35	  G	  0.4	  0.2	0.000	0.000	0.000
