res	aa	Beta	Turn	Helix	Aggregation	Conc-Stab_Aggregation
01	  M	  0.0	  0.3	0.000	0.000	0.000
02	  A	  0.0	  0.8	0.000	0.000	0.000
03	  G	  0.1	  0.8	0.000	0.000	0.000
04	  D	  1.4	  0.8	0.000	0.000	0.000
05	  I	  3.3	  0.4	0.000	1.197	1.197
06	  I	  3.4	  0.1	0.000	1.197	1.197
07	  G	  2.0	  0.1	0.000	1.197	1.197
08	  T	  5.2	  0.2	0.159	1.197	1.197
09	  I	  5.3	  0.2	0.159	1.197	1.197
10	  N	  5.2	  0.1	1.333	0.239	0.239
11	  D	  0.3	  0.1	2.656	0.239	0.239
12	  L	  0.5	  0.1	2.656	1.576	1.576
13	  I	  2.9	  0.0	2.656	1.807	1.807
14	  K	  3.1	  0.0	2.656	1.807	1.807
15	  W	  3.5	  0.0	2.497	1.807	1.807
16	  I	  1.2	  0.1	2.163	1.807	1.807
17	  A	  0.9	  0.2	2.163	1.678	1.678
18	  D	  0.6	  0.2	1.821	1.568	1.568
19	  T	  7.0	  0.2	1.108	1.568	1.568
20	  V	  8.0	  0.1	1.108	1.568	1.568
21	  E	  7.7	  0.1	1.108	0.000	0.000
22	  K	  2.2	  0.1	0.713	0.000	0.000
23	  Y	  1.9	  0.1	0.610	0.000	0.000
24	  K	  1.7	  0.0	0.168	0.000	0.000
25	  K	  0.8	  0.0	0.000	0.000	0.000
