res	aa	Beta	Turn	Helix	Aggregation	Conc-Stab_Aggregation
01	  M	  0.3	  0.0	0.000	0.000	0.000
02	  M	  0.4	  0.0	0.000	0.000	0.000
03	  A	  0.4	  0.3	0.000	0.000	0.000
04	  A	  0.2	  0.3	0.000	0.000	0.000
05	  D	  1.6	  0.3	0.000	0.000	0.000
06	  I	  3.6	  0.3	0.000	4.282	4.282
07	  I	  4.4	  0.0	0.000	4.524	4.524
08	  S	  3.3	  0.0	0.000	4.524	4.524
09	  T	  1.7	  0.2	0.299	4.940	4.940
10	  I	  0.8	  2.0	0.299	5.628	5.628
11	  G	  0.4	  2.0	0.534	4.454	4.454
12	  D	  0.2	  2.0	1.392	5.039	5.039
13	  L	  0.7	  1.9	1.392	34.604	34.604
14	  V	  3.2	  0.0	1.392	39.717	39.717
15	  K	  3.3	  0.0	1.392	39.789	39.789
16	  W	  3.5	  0.0	1.093	39.789	39.789
17	  I	  1.7	  0.0	0.975	39.789	39.789
18	  I	  2.7	  0.0	0.975	39.547	39.547
19	  D	  2.5	  0.0	1.180	34.750	34.750
20	  T	  7.1	  0.0	0.896	33.973	33.973
21	  V	  6.2	  0.0	0.896	33.502	33.502
22	  N	  5.9	  0.0	0.896	1.305	1.305
23	  K	  1.5	  0.0	0.637	0.000	0.000
24	  F	  1.9	  0.0	0.516	0.000	0.000
25	  K	  1.8	  0.0	0.145	0.000	0.000
26	  K	  0.8	  0.0	0.000	0.000	0.000
