res	aa	Beta	Turn	Helix	Aggregation	Conc-Stab_Aggregation
01	  M	  0.2	  0.0	0.000	0.000	0.000
02	  S	  0.5	  0.1	0.000	0.000	0.000
03	  Q	  1.4	  0.1	0.000	0.000	0.000
04	  I	  2.1	  0.1	0.000	0.000	0.000
05	  S	  2.1	  0.1	0.000	0.000	0.000
06	  T	  1.8	  0.1	0.000	0.000	0.000
07	  K	  1.0	  0.1	0.000	0.000	0.000
08	  H	  0.9	  0.2	0.000	0.000	0.000
09	  R	  1.0	  0.2	0.000	0.000	0.000
10	  T	  4.6	  0.1	0.099	0.000	0.000
11	  V	  5.8	  0.1	0.099	0.000	0.000
12	  L	  5.3	  0.0	0.099	0.000	0.000
13	  F	  3.5	  0.0	0.099	0.000	0.000
14	  R	  2.6	  0.0	0.099	0.000	0.000
15	  R	  2.9	  0.0	0.099	0.487	0.487
16	  W	  1.5	  0.0	0.099	86.142	86.142
17	  M	  1.2	  0.0	0.099	96.329	96.329
18	  A	  1.4	  0.0	0.099	97.850	97.850
19	  I	  2.8	  0.0	0.099	99.645	99.645
20	  I	  5.4	  0.0	0.099	99.801	99.801
21	  C	 12.7	  0.0	0.099	99.814	99.814
22	  C	 11.8	  0.0	0.099	99.854	99.854
23	  L	 10.1	  0.0	0.000	99.971	99.971
24	  I	  3.0	  0.0	0.000	99.991	99.991
25	  I	  8.9	  0.0	0.000	99.984	99.984
26	  N	  7.9	  0.0	0.179	99.888	99.888
27	  I	  8.7	  0.0	0.179	99.888	99.888
28	  A	  2.2	  0.0	0.179	99.843	99.843
29	  Y	  2.9	  0.0	0.179	99.804	99.804
30	  L	  3.0	  0.0	0.179	99.656	99.656
31	  V	  2.7	  0.0	0.179	96.477	96.477
32	  Y	  1.7	  0.0	0.179	0.484	0.484
