res	aa	Beta	Turn	Helix	Aggregation	Conc-Stab_Aggregation
01	  M	  0.0	  0.3	0.000	0.000	0.000
02	  A	  0.0	  0.7	0.000	0.000	0.000
03	  G	  0.1	  0.7	0.000	0.000	0.000
04	  D	  1.1	  0.7	0.000	0.000	0.000
05	  I	  4.1	  0.4	0.000	5.533	5.533
06	  V	  4.2	  0.1	0.000	5.943	5.943
07	  G	  3.1	  0.1	0.000	6.021	6.021
08	  T	  0.5	  0.2	0.286	6.952	6.952
09	  I	  0.4	  0.8	0.286	8.490	8.490
10	  G	  0.4	  0.7	0.695	7.889	7.889
11	  E	  0.2	  0.7	0.695	9.360	9.360
12	  F	  2.1	  0.6	0.695	69.422	69.422
13	  V	  8.8	  0.0	0.695	74.041	74.041
14	  K	  9.2	  0.0	0.695	74.104	74.104
15	  L	  8.5	  0.0	0.530	74.184	74.184
16	  I	  3.2	  0.0	0.530	74.102	74.102
17	  I	  3.0	  0.0	0.530	73.379	73.379
18	  E	  1.8	  0.0	0.530	64.824	64.824
19	  T	  9.8	  0.0	0.160	63.362	63.362
20	  V	  9.9	  0.1	0.160	62.478	62.478
21	  Q	 10.5	  0.0	0.160	2.578	2.578
22	  K	  3.9	  0.0	0.000	0.081	0.081
23	  F	  6.9	  0.1	0.000	0.081	0.081
24	  T	  8.1	  0.0	0.000	0.046	0.046
25	  Q	  5.4	  0.0	0.000	0.000	0.000
26	  K	  1.8	  0.0	0.000	0.000	0.000
