res	aa	Beta	Turn	Helix	Aggregation	Conc-Stab_Aggregation
01	  M	  0.1	  0.0	0.000	0.000	0.000
02	  A	  0.1	  0.3	0.000	0.000	0.000
03	  A	  0.2	  0.3	0.000	0.000	0.000
04	  D	  1.6	  0.3	0.000	0.000	0.000
05	  I	  3.6	  0.3	0.000	20.577	20.577
06	  I	  4.3	  0.0	0.000	22.173	22.173
07	  S	  3.3	  0.0	0.000	22.361	22.361
08	  T	  1.7	  0.2	0.744	24.062	24.062
09	  I	  0.8	  1.9	0.744	26.967	26.967
10	  G	  0.3	  1.9	1.629	26.340	26.340
11	  D	  0.1	  1.9	3.406	29.116	29.116
12	  L	  0.6	  1.7	3.406	29.116	29.116
13	  V	  7.1	  0.0	3.406	29.116	29.116
14	  K	  7.5	  0.0	3.406	29.116	29.116
15	  L	  8.1	  0.0	3.129	29.993	29.993
16	  I	  2.4	  0.0	3.018	30.119	30.119
17	  I	  3.5	  0.0	3.018	28.708	28.708
18	  N	  3.1	  0.0	3.159	11.151	11.151
19	  T	 16.9	  0.0	0.799	10.550	10.550
20	  V	 15.8	  0.1	0.799	8.904	8.904
21	  K	 15.1	  0.1	0.799	0.000	0.000
22	  K	  1.4	  0.1	0.239	0.000	0.000
23	  F	  2.4	  0.1	0.239	0.000	0.000
24	  Q	  2.3	  0.0	0.098	0.000	0.000
25	  K	  1.6	  0.0	0.000	0.000	0.000
