res	aa	Beta	Turn	Helix	Aggregation	Conc-Stab_Aggregation
01	  G	  0.0	  0.2	0.417	0.000	0.000
02	  I	  0.1	  0.3	0.417	1.894	1.894
03	  G	  0.1	  0.3	0.743	1.894	1.894
04	  A	  0.6	  0.3	0.743	1.894	1.894
05	  I	  1.3	  0.1	0.743	1.894	1.894
06	  L	  2.9	  0.0	0.743	1.894	1.894
07	  K	  3.3	  0.0	0.743	0.000	0.000
08	  V	  5.4	  0.0	0.470	0.000	0.000
09	  L	  3.9	  0.2	0.470	0.000	0.000
10	  S	  3.1	  0.3	0.334	0.000	0.000
11	  T	  0.3	  0.3	0.000	0.000	0.000
12	  G	  0.1	  0.3	0.000	0.000	0.000
13	  L	  0.1	  0.1	0.000	0.000	0.000
14	  P	  0.0	  0.0	0.000	0.000	0.000
15	  A	  0.3	  0.0	0.000	4.425	4.425
16	  L	  0.7	  0.0	0.000	8.743	8.743
17	  I	  4.1	  0.0	0.000	8.743	8.743
18	  S	  4.4	  0.0	1.222	8.743	8.743
19	  W	  4.6	  0.0	1.329	8.743	8.743
20	  I	  3.3	  0.0	1.329	7.989	7.989
21	  K	  3.0	  0.1	1.329	0.000	0.000
22	  R	  2.6	  0.1	1.329	0.000	0.000
23	  K	  0.9	  0.1	1.329	0.000	0.000
24	  R	  0.8	  0.1	0.679	0.000	0.000
25	  Q	  0.6	  0.1	0.506	0.000	0.000
26	  E	  0.3	  0.0	0.000	0.000	0.000
