res	aa	Beta	Turn	Helix	Aggregation	Conc-Stab_Aggregation
01	  I	  3.4	  0.0	0.000	0.000	0.000
02	  N	  3.6	  0.0	17.220	0.000	0.000
03	  L	  3.9	  0.0	17.611	0.000	0.000
04	  K	  0.6	  0.0	18.868	0.000	0.000
05	  A	  0.4	  0.0	19.780	0.187	0.187
06	  L	  0.2	  0.0	20.126	0.187	0.187
07	  A	  0.2	  0.0	20.443	0.187	0.187
08	  A	  0.2	  0.0	20.021	0.187	0.187
09	  L	  0.2	  0.0	19.177	0.187	0.187
10	  A	  0.1	  0.0	17.850	0.000	0.000
11	  K	  0.2	  0.0	15.810	0.000	0.000
12	  K	  0.6	  0.0	5.668	0.000	0.000
13	  I	  0.6	  0.0	0.352	0.000	0.000
14	  L	  0.5	  0.0	0.352	0.000	0.000
