res	aa	Beta	Turn	Helix	Aggregation	Conc-Stab_Aggregation
01	  K	  0.7	  0.0	0.000	0.000	0.000
02	  W	  1.9	  0.0	0.000	0.000	0.000
03	  K	  2.2	  0.0	0.000	0.000	0.000
04	  I	  1.9	  0.0	0.000	0.000	0.000
05	  F	  1.2	  0.1	0.000	0.000	0.000
06	  K	  1.0	  0.1	0.000	0.000	0.000
07	  K	  4.5	  0.1	0.000	0.000	0.000
08	  I	  4.7	  0.1	0.000	0.000	0.000
09	  E	  4.6	  0.0	0.000	0.000	0.000
10	  K	  1.0	  0.2	0.000	0.000	0.000
11	  V	  0.5	  0.6	0.000	0.000	0.000
12	  G	  0.5	  0.7	0.000	0.000	0.000
13	  R	  0.5	  0.7	0.000	0.000	0.000
14	  N	  3.8	  0.6	0.000	0.000	0.000
15	  I	  3.9	  0.5	0.000	0.000	0.000
16	  R	  3.6	  2.3	0.000	0.000	0.000
17	  N	  0.3	  2.4	0.000	0.000	0.000
18	  G	  0.1	  2.4	0.227	0.000	0.000
19	  I	  1.9	  2.1	0.227	0.000	0.000
20	  I	  3.4	  0.1	0.227	0.000	0.000
21	  K	  3.3	  0.0	0.227	0.000	0.000
22	  A	  1.5	  0.1	0.227	0.000	0.000
23	  G	  0.1	  0.1	0.227	0.000	0.000
24	  P	  0.0	  0.0	0.000	0.171	0.171
25	  A	  0.3	  0.0	0.000	15.069	15.069
26	  V	  7.5	  0.0	0.000	16.524	16.524
27	  A	  8.3	  0.0	0.000	16.524	16.524
28	  V	  8.4	  0.0	0.000	16.524	16.524
29	  L	  1.5	  0.1	0.000	16.524	16.524
30	  G	  0.6	  0.1	0.146	2.688	2.688
31	  E	  0.5	  0.1	0.146	0.000	0.000
32	  A	  0.5	  0.1	0.146	0.000	0.000
33	  K	  0.5	  0.1	0.146	0.000	0.000
34	  A	  0.1	  0.0	0.146	0.000	0.000
35	  L	  0.1	  0.0	0.146	0.000	0.000
