res	aa	Beta	Turn	Helix	Aggregation	Conc-Stab_Aggregation
01	  L	  1.3	  0.0	0.000	0.000	0.000
02	  N	  1.5	  0.0	14.316	0.000	0.000
03	  L	  1.8	  0.0	14.316	0.000	0.000
04	  K	  0.6	  0.0	14.535	0.000	0.000
05	  A	  0.6	  0.0	14.535	3.712	3.712
06	  L	  0.5	  0.0	14.535	4.851	4.851
07	  L	  0.7	  0.0	14.747	4.851	4.851
08	  A	  0.8	  0.0	14.130	4.851	4.851
09	  V	  1.2	  0.0	12.407	4.851	4.851
10	  A	  1.0	  0.0	11.925	2.113	2.113
11	  K	  0.8	  0.0	9.438	0.000	0.000
12	  K	  0.7	  0.0	5.166	0.000	0.000
13	  I	  0.6	  0.0	0.147	0.000	0.000
14	  L	  0.5	  0.0	0.147	0.000	0.000
