res	aa	Beta	Turn	Helix	Aggregation	Conc-Stab_Aggregation
01	  V	  1.7	  0.0	0.000	0.000	0.000
02	  D	  1.9	  0.0	0.353	0.000	0.000
03	  W	  2.2	  0.1	0.353	0.000	0.000
04	  K	  0.7	  0.1	0.353	0.000	0.000
05	  K	  0.6	  0.3	0.353	0.000	0.000
06	  I	  0.5	  0.4	0.353	0.000	0.000
07	  G	  0.3	  0.3	0.353	0.000	0.000
08	  Q	  0.6	  0.3	0.212	0.000	0.000
09	  H	  5.2	  0.2	0.000	0.000	0.000
10	  I	  6.6	  0.1	0.000	0.000	0.000
11	  L	  7.8	  0.0	0.000	0.000	0.000
12	  S	  3.7	  0.0	0.000	0.000	0.000
13	  V	  2.3	  0.0	0.000	0.000	0.000
14	  L	  0.5	  0.0	0.000	0.000	0.000
