res	aa	Beta	Turn	Helix	Aggregation	Conc-Stab_Aggregation
01	  R	  0.0	  0.0	0.000	0.000	0.000
02	  D	  1.2	  0.0	0.000	0.000	0.000
03	  C	  5.7	  0.0	0.000	0.000	0.000
04	  C	  5.7	  0.0	0.000	0.000	0.000
05	  T	  4.5	  0.0	0.000	0.000	0.000
06	  P	  0.0	  0.2	0.000	0.000	0.000
07	  P	  0.0	  0.3	0.000	0.000	0.000
08	  R	  0.0	  0.4	0.000	0.000	0.000
09	  K	  0.9	  0.4	0.000	0.000	0.000
10	  C	  1.0	  0.7	0.000	0.000	0.000
11	  K	  1.0	  0.6	0.000	0.000	0.000
12	  D	  0.2	  0.8	0.000	0.000	0.000
13	  R	  0.1	  0.8	0.000	0.000	0.000
14	  R	  0.9	  0.3	0.000	0.000	0.000
15	  C	  0.9	  0.2	0.000	0.000	0.000
16	  K	  0.9	  0.0	0.000	0.000	0.000
17	  P	  0.1	  0.0	0.000	0.000	0.000
18	  M	  2.1	  0.0	0.000	0.000	0.000
19	  K	  4.7	  0.0	0.000	0.000	0.000
20	  C	 25.5	  0.0	0.000	0.000	0.000
21	  C	 23.5	  0.0	0.000	0.000	0.000
22	  A	 20.9	  0.0	0.000	0.000	0.000
