res	aa	Beta	Turn	Helix	Aggregation	Conc-Stab_Aggregation
01	  G	  0.0	  0.2	0.000	0.000	0.000
02	  I	  0.1	  0.5	0.000	0.000	0.000
03	  G	  0.1	  0.5	0.703	0.000	0.000
04	  A	  0.3	  0.5	0.703	0.000	0.000
05	  L	  0.8	  0.3	0.703	0.000	0.000
06	  S	  1.1	  0.4	1.432	0.000	0.000
07	  A	  0.8	  0.8	1.432	0.000	0.000
08	  K	  0.3	  0.9	1.432	0.000	0.000
09	  G	  0.0	  0.9	0.980	0.000	0.000
10	  A	  0.2	  0.5	0.729	0.000	0.000
11	  L	  0.3	  0.3	0.729	0.000	0.000
12	  K	  0.3	  0.3	0.494	0.000	0.000
13	  G	  0.1	  0.3	0.494	0.000	0.000
14	  L	  0.1	  0.4	0.000	0.000	0.000
15	  A	  0.1	  0.4	0.000	0.000	0.000
16	  K	  0.1	  0.4	0.000	0.000	0.000
17	  G	  0.1	  0.4	0.000	0.000	0.000
18	  L	  0.1	  0.2	0.000	0.000	0.000
19	  A	  0.2	  0.1	0.000	0.000	0.000
20	  E	  0.5	  0.1	0.000	0.000	0.000
21	  H	  2.1	  0.1	0.000	0.000	0.000
22	  F	  2.5	  0.1	0.000	0.000	0.000
23	  A	  2.0	  0.0	0.000	0.000	0.000
24	  N	  0.5	  0.0	0.000	0.000	0.000
