res	aa	Beta	Turn	Helix	Aggregation	Conc-Stab_Aggregation
01	  G	  0.0	  0.1	0.000	0.000	0.000
02	  R	  0.5	  0.1	0.000	0.000	0.000
03	  C	 16.0	  0.1	0.000	0.000	0.000
04	  C	 16.1	  0.1	0.000	0.000	0.000
05	  H	 15.7	  0.3	0.000	0.000	0.000
06	  P	  0.2	  0.5	0.000	0.000	0.000
07	  A	  0.0	  0.6	0.000	0.000	0.000
08	  C	  0.3	  0.8	0.000	0.000	0.000
09	  G	  0.3	  0.8	0.000	0.000	0.000
10	  K	  0.3	  0.7	0.000	0.000	0.000
11	  N	  1.2	  1.0	0.000	0.000	0.000
12	  Y	  9.2	  0.8	0.000	0.000	0.000
13	  S	  9.1	  0.5	0.000	0.000	0.000
14	  C	  8.1	  0.5	0.000	0.000	0.000
