res	aa	Beta	Turn	Helix	Aggregation	Conc-Stab_Aggregation
01	  G	  0.0	  0.2	0.646	0.000	0.000
02	  I	  0.1	  0.3	0.646	1.813	1.813
03	  G	  0.1	  0.3	1.269	1.813	1.813
04	  A	  0.6	  0.3	1.269	1.813	1.813
05	  I	  1.3	  0.1	1.269	1.813	1.813
06	  L	  3.0	  0.0	1.269	1.813	1.813
07	  K	  3.3	  0.0	1.269	0.000	0.000
08	  V	  3.6	  0.0	0.992	0.000	0.000
09	  L	  2.0	  0.3	0.992	0.000	0.000
10	  A	  1.2	  0.3	0.854	0.000	0.000
11	  T	  0.2	  0.3	0.591	0.000	0.000
12	  G	  0.1	  0.3	0.591	0.000	0.000
13	  L	  0.1	  0.3	0.282	0.000	0.000
14	  P	  0.0	  0.2	0.000	0.000	0.000
15	  T	  0.5	  0.2	0.549	5.994	5.994
16	  L	  1.0	  0.2	0.549	15.162	15.162
17	  I	  4.4	  0.0	0.549	15.162	15.162
18	  S	  4.5	  0.0	0.792	15.162	15.162
19	  W	  4.7	  0.0	0.792	15.162	15.162
20	  I	  1.5	  0.1	0.792	14.683	14.683
21	  K	  1.0	  0.1	0.792	0.000	0.000
22	  N	  0.4	  0.3	0.556	0.000	0.000
23	  K	  0.6	  0.3	0.437	0.000	0.000
24	  R	  0.7	  0.2	0.000	0.000	0.000
25	  K	  0.6	  0.2	0.000	0.000	0.000
26	  Q	  0.2	  0.0	0.000	0.000	0.000
