res	aa	Beta	Turn	Helix	Aggregation	Conc-Stab_Aggregation
01	  A	  0.5	  0.0	0.000	0.000	0.000
02	  C	  0.7	  0.0	0.000	0.000	0.000
03	  L	  0.7	  0.7	0.000	0.000	0.000
04	  P	  0.2	  0.7	0.000	0.000	0.000
05	  N	  0.5	  0.8	0.000	0.000	0.000
06	  S	  1.9	  0.8	0.000	0.000	0.000
07	  C	  3.5	  0.1	0.000	0.000	0.000
08	  V	  3.7	  0.1	0.000	0.000	0.000
09	  S	  2.3	  1.0	0.000	0.000	0.000
10	  K	  0.7	  1.1	0.000	0.000	0.000
11	  G	  0.1	  1.1	0.000	0.000	0.000
12	  C	 26.3	  1.0	0.000	0.000	0.000
13	  C	 28.7	  0.1	0.000	0.000	0.000
14	  C	 28.7	  0.8	0.000	0.000	0.000
15	  G	  2.8	  1.1	0.000	0.000	0.000
16	  D	  0.0	  1.3	0.000	0.000	0.000
17	  S	  0.0	  1.3	0.000	0.000	0.000
18	  G	  0.1	  0.5	0.245	0.000	0.000
19	  Y	  3.3	  0.2	0.245	0.000	0.000
20	  W	  4.6	  0.0	0.245	0.000	0.000
21	  C	  6.8	  0.2	0.245	0.000	0.000
22	  R	  3.7	  0.2	0.245	0.000	0.000
23	  Q	  2.5	  0.2	0.245	0.000	0.000
24	  C	  0.3	  0.2	0.245	0.000	0.000
25	  G	  0.4	  0.1	0.245	0.000	0.000
26	  I	  3.0	  0.0	0.000	0.000	0.000
27	  K	  5.6	  0.0	0.000	0.000	0.000
28	  Y	 19.5	  0.0	0.000	0.000	0.000
29	  T	 17.0	  0.0	0.000	0.000	0.000
30	  C	 14.1	  0.0	0.000	0.000	0.000
