res	aa	Beta	Turn	Helix	Aggregation	Conc-Stab_Aggregation
01	  Q	  0.2	  0.0	0.000	0.000	0.000
02	  E	  0.3	  0.0	0.000	0.000	0.000
03	  K	  0.3	  0.1	0.000	0.000	0.000
04	  P	  0.0	  0.1	0.000	0.000	0.000
05	  Y	  0.0	  0.1	0.000	0.000	0.000
06	  W	  0.0	  0.1	0.000	0.000	0.000
07	  P	  0.0	  0.0	0.000	0.000	0.000
08	  P	  0.0	  0.0	0.000	0.000	0.000
09	  P	  0.0	  0.0	0.000	0.000	0.000
10	  I	  0.1	  0.0	0.000	0.000	0.000
11	  Y	  0.1	  0.0	0.000	0.000	0.000
12	  P	  0.1	  0.0	0.000	0.000	0.000
13	  M	  0.0	  0.0	0.000	0.000	0.000
