res	aa	Beta	Turn	Helix	Aggregation	Conc-Stab_Aggregation
01	  V	  0.8	  0.1	0.000	0.000	0.000
02	  R	  0.8	  0.1	0.000	0.000	0.000
03	  D	  0.9	  0.1	0.661	0.000	0.000
04	  A	  0.4	  0.1	0.661	0.198	0.198
05	  Y	  1.9	  0.0	0.661	0.198	0.198
06	  I	  2.6	  0.0	0.661	0.198	0.198
07	  A	  2.4	  0.2	0.661	0.198	0.198
08	  Q	  1.5	  0.2	0.661	0.198	0.198
09	  N	  1.5	  0.9	0.509	0.000	0.000
10	  Y	  7.5	  0.9	0.154	0.305	0.305
11	  N	  7.4	  0.7	0.000	0.305	0.305
12	  C	  7.1	  0.7	0.000	1.335	1.335
13	  V	  3.3	  0.0	0.000	4.602	4.602
14	  Y	 18.4	  0.0	0.000	4.602	4.602
15	  T	 21.4	  0.0	0.000	4.455	4.455
16	  C	 22.3	  0.0	0.000	4.455	4.455
17	  F	  7.6	  0.3	0.000	4.455	4.455
18	  K	  3.4	  0.4	0.000	0.000	0.000
19	  N	  0.5	  0.5	0.000	0.000	0.000
20	  D	  0.6	  0.5	0.000	0.000	0.000
21	  Y	  2.4	  0.3	0.000	0.000	0.000
22	  C	  2.8	  0.2	0.000	0.000	0.000
23	  N	  2.3	  0.1	0.000	0.000	0.000
24	  D	  0.4	  0.1	0.000	0.000	0.000
