res	aa	Beta	Turn	Helix	Aggregation	Conc-Stab_Aggregation
01	  C	  0.1	  1.5	0.000	0.000	0.000
02	  K	  0.1	  1.7	0.000	0.000	0.000
03	  G	  0.1	  2.3	0.000	0.000	0.000
04	  K	  0.0	  2.4	0.000	0.000	0.000
05	  G	  0.0	  1.2	0.000	0.000	0.000
06	  A	  0.5	  1.1	0.000	0.000	0.000
07	  S	  4.0	  0.5	0.000	0.000	0.000
08	  C	  5.2	  0.4	0.000	0.000	0.000
09	  H	  4.9	  0.2	0.000	0.000	0.000
10	  R	  1.5	  0.1	0.000	0.000	0.000
11	  T	  1.7	  0.1	0.000	0.000	0.000
12	  S	  8.6	  0.8	0.000	0.000	0.000
13	  Y	 13.3	  0.7	0.000	0.000	0.000
14	  D	 13.1	  0.7	0.139	0.000	0.000
15	  C	  8.5	  0.8	0.139	0.000	0.000
16	  C	  3.7	  0.4	0.139	0.000	0.000
17	  T	  2.5	  0.7	0.139	0.000	0.000
18	  G	  0.5	  0.7	0.139	0.000	0.000
19	  S	  8.2	  1.1	0.139	0.000	0.000
20	  C	  8.2	  0.9	0.000	0.000	0.000
21	  N	  8.2	  1.2	0.000	0.000	0.000
22	  R	  0.2	  1.1	0.000	0.000	0.000
23	  G	  0.0	  0.7	0.000	0.000	0.000
24	  K	  0.0	  0.6	0.000	0.000	0.000
25	  C	  0.0	  0.0	0.000	0.000	0.000
