res	aa	Beta	Turn	Helix	Aggregation	Conc-Stab_Aggregation
01	  I	  4.2	  0.0	0.000	0.000	0.000
02	  N	  5.1	  0.0	41.121	0.000	0.000
03	  I	  5.3	  0.1	41.213	0.000	0.000
04	  K	  1.3	  0.1	41.689	0.000	0.000
05	  D	  0.2	  0.1	42.786	0.000	0.000
06	  I	  0.6	  0.1	42.984	0.000	0.000
07	  L	  0.5	  0.0	43.054	0.000	0.000
08	  A	  0.5	  0.0	42.670	0.000	0.000
09	  K	  0.4	  0.0	41.743	0.000	0.000
10	  L	  0.7	  0.0	35.685	0.000	0.000
11	  V	  9.0	  0.0	33.371	0.000	0.000
12	  K	  9.2	  0.0	32.703	0.000	0.000
13	  V	  9.2	  0.0	15.977	0.000	0.000
14	  L	  0.9	  0.0	15.553	0.000	0.000
15	  G	  0.3	  0.0	10.964	0.000	0.000
16	  H	  0.0	  0.0	7.988	0.000	0.000
17	  V	  0.0	  0.0	0.000	0.000	0.000
