res	aa	Beta	Turn	Helix	Aggregation	Conc-Stab_Aggregation
01	  I	  4.4	  0.0	0.318	0.000	0.000
02	  K	  4.9	  0.0	7.935	0.000	0.000
03	  I	  5.3	  0.0	8.527	0.000	0.000
04	  M	  3.3	  0.0	9.185	0.000	0.000
05	  D	  2.9	  0.0	14.303	0.000	0.000
06	  I	  3.1	  0.0	14.539	0.000	0.000
07	  L	  0.8	  0.0	14.539	0.000	0.000
08	  A	  0.9	  0.1	14.445	0.000	0.000
09	  K	  0.3	  0.2	14.265	0.000	0.000
10	  L	  0.3	  0.2	12.452	0.000	0.000
11	  G	  0.1	  0.2	11.456	0.000	0.000
12	  K	  0.8	  0.1	5.125	0.000	0.000
13	  V	  1.8	  0.0	0.689	0.000	0.000
14	  L	  1.9	  0.0	0.689	0.000	0.000
15	  A	  1.4	  0.0	0.689	0.000	0.000
16	  H	  0.4	  0.0	0.689	0.000	0.000
17	  V	  0.3	  0.0	0.000	0.000	0.000
