res	aa	Beta	Turn	Helix	Aggregation	Conc-Stab_Aggregation
01	  S	  0.2	  0.0	28.917	0.000	0.000
02	  K	  3.7	  0.0	30.074	0.000	0.000
03	  I	  4.0	  0.0	30.164	0.000	0.000
04	  T	  3.9	  0.0	32.740	0.000	0.000
05	  D	  0.5	  0.0	35.359	0.000	0.000
06	  I	  0.7	  0.0	35.535	0.000	0.000
07	  L	  0.6	  0.0	35.535	0.000	0.000
08	  A	  0.7	  0.1	35.255	0.000	0.000
09	  K	  0.3	  0.2	34.303	0.000	0.000
10	  L	  0.2	  0.2	26.198	0.000	0.000
11	  G	  0.1	  0.2	23.829	0.000	0.000
12	  K	  0.6	  0.1	10.740	0.000	0.000
13	  V	  1.4	  0.0	1.618	0.000	0.000
14	  L	  1.5	  0.0	1.518	0.000	0.000
15	  A	  1.2	  0.0	1.518	0.000	0.000
16	  H	  0.4	  0.0	1.360	0.000	0.000
17	  V	  0.3	  0.0	0.000	0.000	0.000
