res	aa	Beta	Turn	Helix	Aggregation	Conc-Stab_Aggregation
01	  I	  9.8	  0.0	0.000	0.000	0.000
02	  N	  9.9	  0.0	0.455	2.608	2.608
03	  V	 10.5	  0.0	0.455	26.943	26.943
04	  L	  0.8	  0.0	0.455	29.837	29.837
05	  G	  0.6	  0.0	1.024	30.286	30.286
06	  I	  1.3	  0.0	1.024	34.116	34.116
07	  L	  1.2	  0.1	1.024	33.970	33.970
08	  G	  1.2	  0.0	1.151	24.811	24.811
09	  L	  0.2	  0.2	1.151	23.851	23.851
10	  L	  0.1	  0.3	0.915	18.163	18.163
11	  G	  0.2	  0.3	0.915	1.479	1.479
12	  K	  0.2	  0.3	0.915	0.000	0.000
13	  A	  0.4	  0.1	0.127	0.000	0.000
14	  L	  1.0	  0.1	0.127	0.000	0.000
15	  S	  1.1	  0.1	0.127	0.000	0.000
16	  H	  0.9	  0.1	0.000	0.000	0.000
17	  L	  0.2	  0.1	0.000	0.000	0.000
