res	aa	Beta	Turn	Helix	Aggregation	Conc-Stab_Aggregation
01	  D	  0.0	  0.0	0.000	0.000	0.000
02	  P	  0.0	  0.0	0.000	0.000	0.000
03	  P	  0.0	  0.0	0.000	0.000	0.000
04	  D	  0.0	 11.7	0.172	0.000	0.000
05	  P	  0.0	 11.7	0.172	0.000	0.000
06	  D	  0.1	 11.7	0.172	0.000	0.000
07	  R	  1.2	 11.7	0.172	0.000	0.000
08	  F	  2.0	  0.3	0.172	0.000	0.000
09	  Y	  2.1	  0.3	0.172	0.000	0.000
10	  G	  1.0	  0.3	0.000	0.000	0.000
11	  M	  0.2	  0.3	0.000	0.000	0.000
12	  M	  0.0	  0.0	0.000	0.000	0.000
