res	aa	Beta	Turn	Helix	Aggregation	Conc-Stab_Aggregation
01	  D	  0.1	  0.0	0.000	0.000	0.000
02	  V	  0.1	  0.0	0.000	0.000	0.000
03	  P	  0.1	  0.2	0.000	0.000	0.000
04	  K	  0.0	  0.6	0.000	0.000	0.000
05	  S	  0.0	  0.7	0.000	0.000	0.000
06	  D	  0.6	  0.7	0.000	0.000	0.000
07	  Q	  2.1	  0.5	0.000	0.000	0.000
08	  F	  2.8	  0.2	0.000	0.000	0.000
09	  V	  2.5	  0.2	0.000	0.000	0.000
10	  G	  1.0	  0.2	0.000	0.000	0.000
11	  L	  0.3	  0.2	0.000	0.000	0.000
12	  M	  0.0	  0.1	0.000	0.000	0.000
