res	aa	Beta	Turn	Helix	Aggregation	Conc-Stab_Aggregation
01	  A	  0.0	  1.4	0.000	0.000	0.000
02	  G	  0.0	  1.6	0.000	0.000	0.000
03	  G	  0.0	  1.7	0.110	0.000	0.000
04	  K	  0.5	  1.8	0.110	0.000	0.000
05	  S	  1.2	  0.3	0.110	0.000	0.000
06	  T	 16.5	  0.2	0.110	0.000	0.000
07	  C	 16.9	  0.1	0.110	0.000	0.000
08	  C	 16.2	  0.3	0.491	0.000	0.000
09	  P	  0.9	  0.2	0.381	0.000	0.000
10	  C	  0.6	  0.3	0.593	0.000	0.000
11	  A	  0.7	  0.3	0.593	0.000	0.000
12	  M	  0.8	  0.1	0.593	0.000	0.000
13	  C	  0.5	  0.1	0.984	0.000	0.000
14	  K	  3.3	  0.0	0.848	0.000	0.000
15	  Y	  8.4	  0.0	0.848	0.000	0.000
16	  T	  8.2	  0.7	0.391	0.000	0.000
17	  A	  5.3	  0.7	0.391	0.000	0.000
18	  G	  0.1	  0.7	0.391	0.000	0.000
19	  C	  0.0	  1.6	0.391	0.000	0.000
20	  P	  0.0	  1.2	0.000	0.000	0.000
21	  W	  0.1	  1.2	0.000	0.000	0.000
22	  G	  0.1	  1.2	0.000	0.000	0.000
23	  Q	  0.2	  0.4	0.000	0.000	0.000
24	  C	  0.8	  0.3	0.000	0.000	0.000
25	  A	  1.0	  0.3	0.000	0.000	0.000
26	  H	  1.8	  0.3	0.000	0.000	0.000
27	  H	  1.5	  0.4	0.000	0.000	0.000
28	  C	  1.4	  0.6	0.000	0.000	0.000
29	  G	  0.6	  0.5	0.000	0.000	0.000
30	  C	  1.0	  0.5	0.000	0.000	0.000
31	  S	  0.8	  0.4	0.000	0.000	0.000
32	  E	  0.8	  0.0	0.000	0.000	0.000
