res	aa	Beta	Turn	Helix	Aggregation	Conc-Stab_Aggregation
01	  I	  2.6	  0.0	0.000	0.000	0.000
02	  D	  3.6	  0.0	1.288	0.000	0.000
03	  C	 14.1	  0.0	1.421	0.000	0.000
04	  C	 14.1	  0.0	1.674	0.000	0.000
05	  E	 13.4	  0.0	1.674	0.000	0.000
06	  I	  5.8	  0.0	1.674	0.000	0.000
07	  C	 12.2	  0.0	1.674	0.000	0.000
08	  C	 11.9	  0.0	1.466	0.000	0.000
09	  N	  9.4	  0.3	1.380	0.000	0.000
10	  P	  0.1	  0.3	0.000	0.000	0.000
11	  A	  0.2	  0.3	0.000	0.000	0.000
12	  C	  1.0	  0.9	0.000	0.000	0.000
13	  F	  1.5	  2.5	0.000	0.000	0.000
14	  G	  1.3	  2.5	0.000	0.000	0.000
15	  C	  2.0	  2.7	0.000	0.000	0.000
16	  L	  1.6	  2.2	0.000	0.000	0.000
17	  N	  1.6	  0.3	0.000	0.000	0.000
18	  D	  0.1	 11.8	0.000	0.000	0.000
19	  A	  0.0	 12.5	0.000	0.000	0.000
20	  N	  0.0	 12.4	0.000	0.000	0.000
21	  G	  0.0	 12.4	0.000	0.000	0.000
22	  L	  0.5	  1.0	0.000	0.000	0.000
23	  I	  1.4	  1.0	0.000	0.000	0.000
24	  N	  1.3	  2.1	0.000	0.000	0.000
25	  G	  0.9	  2.1	0.000	0.000	0.000
26	  D	  0.0	  1.9	0.000	0.000	0.000
27	  R	  0.0	  1.0	0.000	0.000	0.000
28	  P	  0.0	  0.0	0.000	0.000	0.000
29	  I	  1.3	  0.0	0.000	0.000	0.000
30	  R	  1.4	  0.0	0.000	0.000	0.000
31	  A	  1.6	  0.1	0.000	0.000	0.000
32	  Q	  0.8	  0.1	0.000	0.000	0.000
33	  H	  3.0	  0.0	0.000	0.000	0.000
34	  V	  2.8	  0.0	0.000	0.000	0.000
35	  C	  2.3	  0.0	0.000	0.000	0.000
