res	aa	Beta	Turn	Helix	Aggregation	Conc-Stab_Aggregation
01	  L	  0.1	  0.0	0.000	0.000	0.000
02	  I	  0.3	  0.0	0.000	0.291	0.291
03	  G	  0.3	  0.0	0.000	0.291	0.291
04	  L	  0.9	  0.0	0.000	0.291	0.291
05	  V	  1.6	  0.1	0.000	0.291	0.291
06	  S	  1.7	  0.5	0.168	0.291	0.291
07	  K	  1.0	  0.6	0.168	0.000	0.000
08	  G	  0.1	  0.6	0.168	0.166	0.166
09	  T	  2.3	  0.5	0.268	2.014	2.014
10	  C	  3.8	  0.1	0.268	2.014	2.014
11	  V	  9.8	  0.0	0.268	2.014	2.014
12	  L	  8.0	  0.0	0.268	2.014	2.014
13	  V	  7.9	  0.0	0.268	2.014	2.014
14	  K	  2.6	  0.0	0.268	0.000	0.000
15	  T	  4.8	  0.0	0.000	0.000	0.000
16	  V	  3.7	  0.0	0.000	0.000	0.000
17	  C	  3.3	  0.1	0.112	0.000	0.000
18	  K	  0.7	  0.1	0.112	0.000	0.000
19	  K	  1.3	  0.1	0.112	0.000	0.000
20	  V	  2.2	  0.1	0.112	0.000	0.000
21	  L	  2.1	  0.0	0.112	0.000	0.000
22	  K	  1.3	  0.0	0.112	0.000	0.000
23	  Q	  0.1	  0.0	0.000	0.000	0.000
