res	aa	Beta	Turn	Helix	Aggregation	Conc-Stab_Aggregation
01	  F	  0.6	  0.0	0.000	0.000	0.000
02	  I	  1.2	  0.0	0.000	0.000	0.000
03	  H	  4.7	  0.0	0.000	0.000	0.000
04	  H	  7.2	  0.0	0.000	0.000	0.000
05	  I	  8.0	  0.0	0.000	0.000	0.000
06	  F	  5.6	  0.2	0.000	0.000	0.000
07	  R	  2.7	  0.2	0.000	0.000	0.000
08	  G	  1.4	  0.2	0.000	0.000	0.000
09	  I	  2.0	  0.2	0.000	0.000	0.000
10	  V	  3.6	  0.0	0.000	0.000	0.000
11	  H	  3.7	  1.1	0.000	0.000	0.000
12	  A	  1.9	  1.3	0.000	0.000	0.000
13	  G	  0.1	  1.4	0.000	0.000	0.000
14	  R	  0.7	  1.4	0.000	0.000	0.000
15	  S	  0.9	  0.6	0.000	0.000	0.000
16	  I	  1.0	  1.4	0.000	0.000	0.000
17	  G	  0.3	  1.3	0.000	0.000	0.000
18	  R	  0.7	  1.3	0.000	0.000	0.000
19	  F	  1.0	  1.1	0.000	0.000	0.000
20	  L	  1.3	  0.0	0.000	0.000	0.000
21	  T	  0.7	  0.0	0.000	0.000	0.000
22	  G	  0.3	  0.0	0.000	0.000	0.000
