res	aa	Beta	Turn	Helix	Aggregation	Conc-Stab_Aggregation
01	  I	  1.5	  0.0	0.000	0.000	0.000
02	  L	  1.6	  0.0	0.134	0.000	0.000
03	  Q	  1.7	  0.1	0.419	0.000	0.000
04	  K	  0.5	  0.1	0.419	0.000	0.000
05	  A	  1.0	  0.1	0.419	0.000	0.000
06	  V	  3.6	  0.0	0.419	0.000	0.000
07	  L	  5.5	  0.0	0.419	0.000	0.000
08	  D	  4.8	  0.0	2.083	0.000	0.000
09	  C	  4.4	  0.0	2.466	0.000	0.000
10	  L	  2.4	  0.0	2.466	0.000	0.000
11	  K	  2.5	  0.0	2.466	0.000	0.000
12	  A	  0.5	  0.5	2.160	0.000	0.000
13	  A	  0.2	  1.0	2.047	0.000	0.000
14	  G	  0.0	  1.2	1.326	0.000	0.000
15	  S	  0.1	  1.2	0.579	0.000	0.000
16	  S	  5.5	  1.1	0.000	0.000	0.000
17	  L	  5.7	  0.6	0.000	0.000	0.000
18	  S	  5.7	  0.5	0.205	0.000	0.000
19	  K	  0.5	  0.5	0.205	0.000	0.000
20	  A	  0.3	  0.1	0.205	3.012	3.012
21	  A	  0.7	  0.0	0.205	6.558	6.558
22	  I	  4.8	  0.0	0.205	12.915	12.915
23	  T	  5.0	  0.0	0.359	12.915	12.915
24	  A	  4.8	  0.0	0.359	12.915	12.915
25	  I	  0.9	  0.0	0.359	12.915	12.915
26	  Y	  1.1	  0.1	0.359	10.393	10.393
27	  N	  1.0	  0.1	0.154	0.247	0.247
28	  K	  4.3	  0.1	0.154	0.000	0.000
29	  I	  3.7	  0.0	0.000	0.000	0.000
30	  T	  3.6	  0.0	0.000	0.000	0.000
