res	aa	Beta	Turn	Helix	Aggregation	Conc-Stab_Aggregation
01	  G	  0.0	  0.0	0.000	0.000	0.000
02	  F	  0.9	  0.0	0.000	0.000	0.000
03	  M	  1.9	  0.0	0.000	0.000	0.000
04	  K	  2.4	  0.0	0.000	0.000	0.000
05	  Y	  1.9	  0.0	0.000	0.000	0.000
06	  I	  0.9	  0.1	0.000	0.000	0.000
07	  G	  0.4	  0.3	0.000	0.000	0.000
08	  P	  0.0	  0.3	0.000	0.000	0.000
09	  L	  0.1	  0.3	0.000	0.000	0.000
10	  I	  0.1	  0.3	0.000	0.000	0.000
11	  P	  0.1	  0.1	0.000	0.000	0.000
12	  H	  0.5	  0.1	0.000	0.000	0.000
13	  A	  1.2	  0.1	0.000	0.000	0.000
14	  V	  3.4	  0.0	0.000	0.000	0.000
15	  K	  3.1	  0.0	0.000	0.000	0.000
16	  A	  2.7	  0.0	0.000	0.000	0.000
17	  I	  0.6	  0.2	0.000	0.000	0.000
18	  S	  0.4	  0.2	0.000	0.000	0.000
19	  D	  0.3	  0.2	0.000	0.000	0.000
20	  L	  0.3	  0.2	0.000	0.000	0.000
21	  I	  0.3	  0.0	0.000	0.000	0.000
