res	aa	Beta	Turn	Helix	Aggregation	Conc-Stab_Aggregation
01	  I	  2.5	  0.0	0.000	0.000	0.000
02	  K	  3.2	  0.0	0.506	0.000	0.000
03	  W	  3.9	  0.0	0.913	0.000	0.000
04	  K	  1.6	  0.0	0.913	0.000	0.000
05	  A	  1.4	  0.0	0.913	0.000	0.000
06	  I	  1.2	  0.1	0.913	0.000	0.000
07	  L	  1.2	  0.1	0.913	0.000	0.000
08	  D	  0.7	  0.1	1.024	0.000	0.000
09	  A	  0.9	  0.1	1.024	0.000	0.000
10	  V	  1.4	  0.0	1.024	0.000	0.000
11	  K	  1.5	  0.0	1.024	0.000	0.000
12	  K	  1.7	  0.0	0.438	0.000	0.000
13	  V	  1.1	  0.0	0.111	0.000	0.000
14	  L	  0.9	  0.0	0.111	0.000	0.000
