res	aa	Beta	Turn	Helix	Aggregation	Conc-Stab_Aggregation
01	  F	  0.1	  0.0	0.000	0.000	0.000
02	  L	  0.2	  0.0	0.000	0.000	0.000
03	  P	  0.2	  0.0	0.000	0.000	0.000
04	  I	  0.1	  0.0	0.000	0.000	0.000
05	  P	  0.0	  0.0	0.000	0.000	0.000
06	  R	  0.1	  0.0	0.000	0.000	0.000
07	  P	  0.0	  0.0	0.000	0.515	0.515
08	  I	  3.0	  0.0	0.000	41.802	41.802
09	  L	  3.1	  0.0	0.000	41.802	41.802
10	  L	  3.2	  0.0	0.000	41.802	41.802
11	  G	  0.2	  0.0	0.000	41.802	41.802
12	  L	  0.1	  0.0	0.000	41.802	41.802
13	  L	  0.0	  0.0	0.000	0.000	0.000
