res	aa	Beta	Turn	Helix	Aggregation	Conc-Stab_Aggregation
01	  Q	  0.4	  0.1	0.000	0.000	0.000
02	  K	  0.7	  0.1	0.000	0.000	0.000
03	  E	  1.7	  0.1	0.000	0.000	0.000
04	  C	  1.6	  0.1	0.000	0.000	0.000
05	  T	  1.4	  0.1	0.000	0.000	0.000
06	  G	  0.4	  0.4	0.000	0.000	0.000
07	  P	  0.0	  0.5	0.000	0.000	0.000
08	  Q	  0.4	  0.5	0.000	0.000	0.000
09	  H	  1.4	  0.4	0.000	0.000	0.000
10	  C	  2.3	  0.3	0.000	0.000	0.000
11	  T	  2.4	  0.2	0.117	0.000	0.000
12	  N	  2.3	  0.1	1.122	0.000	0.000
13	  F	  3.6	  0.1	1.122	0.000	0.000
14	  C	  4.5	  0.1	1.122	0.000	0.000
15	  R	  4.1	  0.3	1.122	0.000	0.000
16	  K	  1.9	  0.3	1.122	0.000	0.000
17	  N	  0.6	  0.4	1.122	0.000	0.000
18	  K	  2.9	  0.3	0.396	0.000	0.000
19	  C	  5.1	  0.2	0.122	0.000	0.000
20	  T	  5.2	  0.7	0.000	0.000	0.000
21	  H	  2.6	  0.8	0.000	0.000	0.000
22	  G	  0.3	  0.8	0.000	0.000	0.000
23	  K	  0.5	  0.7	0.000	0.000	0.000
24	  C	  2.5	  0.4	0.000	0.000	0.000
25	  M	  2.5	  0.3	0.000	0.000	0.000
26	  N	  2.0	  0.4	0.226	0.000	0.000
27	  R	  0.1	  0.4	0.226	0.000	0.000
28	  K	  0.8	  0.2	0.226	0.000	0.000
29	  C	  1.4	  0.2	0.226	0.000	0.000
30	  K	  1.9	  0.1	0.226	0.000	0.000
31	  C	  4.2	  0.2	0.226	0.000	0.000
32	  F	 11.1	  0.2	0.107	0.000	0.000
33	  N	 11.1	  0.1	0.000	0.000	0.000
34	  C	  8.3	  0.1	0.000	0.000	0.000
35	  K	  0.8	  0.0	0.000	0.000	0.000
