res	aa	Beta	Turn	Helix	Aggregation	Conc-Stab_Aggregation
01	  F	  0.8	  0.0	0.000	0.000	0.000
02	  L	  2.2	  0.0	0.000	0.000	0.000
03	  I	  6.3	  0.0	0.000	0.000	0.000
04	  I	  9.6	  0.0	0.000	0.000	0.000
05	  R	  8.3	  0.0	0.000	0.000	0.000
06	  R	  4.3	  0.0	0.000	0.000	0.000
07	  P	  0.1	  0.0	0.000	0.314	0.314
08	  I	  8.3	  0.0	0.000	59.999	59.999
09	  V	  8.8	  0.0	0.000	59.999	59.999
10	  L	  8.9	  0.0	0.000	59.999	59.999
11	  G	  0.7	  0.0	0.000	59.999	59.999
12	  L	  0.1	  0.0	0.000	59.999	59.999
13	  L	  0.0	  0.0	0.000	0.000	0.000
