res	aa	Beta	Turn	Helix	Aggregation	Conc-Stab_Aggregation
01	  N	  0.0	  0.1	0.000	0.000	0.000
02	  G	  0.0	  0.2	0.000	0.000	0.000
03	  R	  0.5	  0.2	0.000	0.000	0.000
04	  C	 16.0	  0.2	0.000	0.000	0.000
05	  C	 16.1	  0.1	0.000	0.000	0.000
06	  H	 15.7	  0.3	0.195	0.000	0.000
07	  P	  0.2	  0.3	0.297	0.000	0.000
08	  A	  0.1	  0.3	0.297	0.000	0.000
09	  C	  0.6	  0.4	0.297	0.000	0.000
10	  A	  0.7	  0.2	0.297	0.000	0.000
11	  R	  1.1	  0.2	0.297	0.000	0.000
12	  K	  1.4	  0.2	0.203	0.000	0.000
13	  Y	  7.0	  0.0	0.000	0.000	0.000
14	  N	  6.5	  0.0	0.000	0.000	0.000
15	  C	  5.7	  0.0	0.000	0.000	0.000
