res	aa	Beta	Turn	Helix	Aggregation	Conc-Stab_Aggregation
01	  Q	  0.0	  0.1	0.000	0.000	0.000
02	  G	  0.1	  0.1	0.000	0.000	0.000
03	  C	  7.5	  0.2	0.000	0.000	0.000
04	  C	 10.8	  0.2	0.000	0.000	0.000
05	  N	 10.8	  0.1	0.000	0.000	0.000
06	  V	  3.9	  1.3	0.000	0.000	0.000
07	  P	  0.2	  1.5	0.000	0.000	0.000
08	  N	  0.0	  1.9	0.000	0.000	0.000
09	  G	  0.0	  2.1	0.000	0.000	0.000
10	  C	  0.4	  1.6	0.000	0.000	0.000
11	  S	  0.4	  1.3	0.000	0.000	0.000
12	  G	  0.4	  0.8	0.000	0.000	0.000
13	  R	  0.2	  0.7	0.000	0.000	0.000
14	  W	  1.4	  0.0	0.000	0.000	0.000
15	  C	  1.8	  0.4	0.000	0.000	0.000
16	  R	  1.8	  0.5	0.000	0.000	0.000
17	  D	  0.4	  0.5	0.000	0.000	0.000
18	  H	  0.3	  0.8	0.000	0.000	0.000
19	  A	  0.3	  0.4	0.000	0.000	0.000
20	  Q	  1.1	  0.4	0.000	0.000	0.000
21	  C	  0.8	  0.4	0.000	0.000	0.000
22	  C	  0.7	  0.0	0.000	0.000	0.000
