res	aa	Beta	Turn	Helix	Aggregation	Conc-Stab_Aggregation
01	  A	  0.2	  0.0	0.000	0.000	0.000
02	  C	  0.2	  0.0	0.000	0.000	0.000
03	  K	  0.2	  0.2	0.000	0.000	0.000
04	  P	  0.1	  0.6	0.000	0.000	0.000
05	  K	  0.0	  0.6	0.000	0.000	0.000
06	  N	  0.0	  0.7	0.000	0.000	0.000
07	  N	  0.2	  0.5	0.000	0.000	0.000
08	  L	  0.6	  0.1	0.000	0.306	0.306
09	  C	  1.3	  0.0	0.000	0.306	0.306
10	  A	  1.6	  0.0	0.000	0.306	0.306
11	  I	  1.9	  0.0	0.000	0.306	0.306
12	  T	  1.2	  0.0	0.165	0.306	0.306
13	  E	  0.9	  0.0	0.165	0.000	0.000
14	  M	  0.2	  0.1	0.165	0.000	0.000
15	  A	  0.1	  0.2	0.165	0.000	0.000
16	  E	  1.1	  0.2	0.165	0.000	0.000
17	  C	  9.8	  0.4	0.165	0.147	0.147
18	  C	 10.1	  0.7	0.000	0.694	0.694
19	  S	  9.0	  0.7	0.000	0.989	0.989
20	  G	  0.4	  0.7	0.000	3.772	3.772
21	  F	  2.0	  0.5	0.000	27.140	27.140
22	  C	  2.9	  0.0	0.000	27.140	27.140
23	  L	  3.3	  0.0	0.000	27.140	27.140
24	  I	  2.7	  0.0	0.000	27.140	27.140
25	  Y	  9.6	  0.0	0.000	26.468	26.468
26	  R	  9.9	  0.0	0.000	0.000	0.000
27	  C	  8.6	  0.0	0.000	0.000	0.000
28	  S	  0.9	  0.0	0.000	0.000	0.000
