res	aa	Beta	Turn	Helix	Aggregation	Conc-Stab_Aggregation
01	  G	  0.0	  0.1	0.000	0.000	0.000
02	  R	  0.5	  0.1	0.000	0.000	0.000
03	  C	 12.6	  0.1	0.000	0.000	0.000
04	  C	 12.7	  0.1	0.000	0.000	0.000
05	  E	 12.2	  0.2	0.000	0.000	0.000
06	  G	  0.1	  3.4	0.000	0.000	0.000
07	  P	  0.0	  3.7	0.000	0.000	0.000
08	  N	  0.0	  4.2	0.000	0.000	0.000
09	  G	  0.0	  4.0	0.000	0.000	0.000
10	  C	  0.7	  1.0	0.000	0.000	0.000
11	  S	  1.0	  0.7	0.000	0.000	0.000
12	  S	  1.1	  0.3	0.169	0.000	0.000
13	  R	  0.5	  0.3	0.169	0.000	0.000
14	  W	  0.9	  0.0	0.169	0.000	0.000
15	  C	  0.9	  0.6	0.169	0.000	0.000
16	  K	  0.9	  0.6	0.169	0.000	0.000
17	  D	  0.2	  0.7	0.169	0.000	0.000
18	  H	  0.3	  0.9	0.169	0.000	0.000
19	  A	  0.4	  0.4	0.000	0.000	0.000
20	  R	  0.6	  0.3	0.000	0.000	0.000
21	  C	  0.3	  0.3	0.000	0.000	0.000
22	  C	  0.2	  0.0	0.000	0.000	0.000
