res	aa	Beta	Turn	Helix	Aggregation	Conc-Stab_Aggregation
01	  I	  3.9	  0.0	0.000	0.000	0.000
02	  N	  4.1	  0.0	8.828	0.000	0.000
03	  L	  4.4	  0.0	8.933	0.000	0.000
04	  K	  0.8	  0.0	9.538	0.000	0.000
05	  A	  0.7	  0.0	9.668	1.278	1.278
06	  I	  1.2	  0.0	9.668	1.670	1.670
07	  A	  1.1	  0.0	9.668	1.670	1.670
08	  A	  1.0	  0.0	9.289	1.670	1.670
09	  F	  0.7	  0.0	8.715	1.670	1.670
10	  A	  0.7	  0.0	5.541	0.728	0.728
11	  K	  0.6	  0.1	4.726	0.000	0.000
12	  K	  0.3	  0.1	1.981	0.000	0.000
13	  L	  0.3	  0.1	0.571	0.000	0.000
14	  L	  0.2	  0.0	0.162	0.000	0.000
