res	aa	Beta	Turn	Helix	Aggregation	Conc-Stab_Aggregation
01	  Q	  0.0	  0.1	0.000	0.000	0.000
02	  G	  0.1	  0.1	0.000	0.000	0.000
03	  C	  3.5	  0.3	0.000	0.000	0.000
04	  C	  3.8	  0.3	0.000	0.000	0.000
05	  G	  3.6	  0.1	0.000	0.000	0.000
06	  E	  0.3	  0.6	0.000	0.000	0.000
07	  P	  0.0	  0.5	0.000	0.000	0.000
08	  N	  0.2	  0.5	0.603	0.000	0.000
09	  L	  1.2	  0.5	0.603	0.000	0.000
10	  C	  2.1	  0.0	1.036	0.000	0.000
11	  F	  4.9	  0.0	1.036	0.000	0.000
12	  T	  4.6	  0.0	1.784	0.000	0.000
13	  R	  3.7	  0.0	1.784	0.000	0.000
14	  W	  2.1	  0.0	1.784	0.000	0.000
15	  C	  1.8	  0.4	1.784	0.000	0.000
16	  R	  1.8	  0.5	1.784	0.000	0.000
17	  N	  0.6	  0.5	1.509	0.000	0.000
18	  N	  0.2	  0.7	1.153	0.000	0.000
19	  A	  0.2	  0.3	0.230	0.000	0.000
20	  R	  0.7	  0.3	0.230	0.000	0.000
21	  C	  9.6	  0.3	0.131	0.000	0.000
22	  C	 11.7	  0.1	0.131	0.000	0.000
23	  R	 11.6	  0.1	0.131	0.000	0.000
24	  Q	  2.9	  0.1	0.131	0.000	0.000
25	  Q	  0.4	  0.1	0.000	0.000	0.000
