res	aa	Beta	Turn	Helix	Aggregation	Conc-Stab_Aggregation
01	  I	  3.7	  0.0	0.000	0.000	0.000
02	  N	  4.2	  0.0	4.349	0.000	0.000
03	  W	  4.7	  0.1	4.807	0.000	0.000
04	  K	  1.2	  0.1	4.807	0.000	0.000
05	  A	  0.9	  0.1	4.807	0.000	0.000
06	  L	  0.7	  0.1	4.807	0.000	0.000
07	  L	  0.8	  0.0	5.227	0.000	0.000
08	  D	  0.5	  0.1	5.427	0.000	0.000
09	  A	  0.3	  0.1	5.109	0.000	0.000
10	  A	  0.1	  0.2	4.741	0.000	0.000
11	  K	  0.3	  0.2	4.135	0.000	0.000
12	  K	  1.1	  0.0	2.243	0.000	0.000
13	  V	  1.0	  0.0	0.334	0.000	0.000
14	  L	  0.9	  0.0	0.170	0.000	0.000
