res	aa	Beta	Turn	Helix	Aggregation	Conc-Stab_Aggregation
01	  G	  0.0	  0.2	0.000	0.000	0.000
02	  G	  0.1	  0.2	0.000	0.000	0.000
03	  C	  9.3	  0.2	0.000	0.000	0.000
04	  C	 11.1	  0.2	0.000	0.000	0.000
05	  S	 11.1	  0.0	0.000	0.000	0.000
06	  H	  2.2	  0.3	0.000	0.000	0.000
07	  P	  0.1	  0.3	0.000	0.000	0.000
08	  A	  0.2	  0.3	0.000	0.000	0.000
09	  C	  6.2	  0.3	0.000	0.000	0.000
10	  F	  6.9	  0.2	0.000	0.000	0.000
11	  A	  6.7	  0.2	0.000	0.000	0.000
12	  S	  0.9	  0.2	0.000	0.000	0.000
13	  N	  0.0	  4.9	0.000	0.000	0.000
14	  P	  0.0	  4.6	0.000	0.000	0.000
15	  D	  0.5	  4.6	0.000	0.000	0.000
16	  Y	  0.5	  4.6	0.000	0.000	0.000
17	  C	  0.5	  0.0	0.000	0.000	0.000
