res	aa	Beta	Turn	Helix	Aggregation	Conc-Stab_Aggregation
01	  I	  3.8	  0.0	0.000	0.000	0.000
02	  N	  4.3	  0.0	0.122	0.000	0.000
03	  W	  4.5	  0.1	0.122	0.000	0.000
04	  K	  0.9	  0.1	0.122	0.000	0.000
05	  K	  2.9	  0.1	0.122	0.000	0.000
06	  I	  3.9	  0.2	0.122	0.000	0.000
07	  K	  4.0	  0.1	0.122	0.000	0.000
08	  S	  1.8	  0.1	0.000	0.000	0.000
09	  L	  0.8	  0.1	0.000	0.000	0.000
10	  I	  2.2	  0.0	0.000	0.000	0.000
11	  K	  2.0	  0.0	0.000	0.000	0.000
12	  A	  1.8	  0.0	0.000	0.000	0.000
13	  A	  0.5	  0.0	0.000	0.000	0.000
14	  M	  0.3	  0.0	0.000	0.000	0.000
15	  S	  0.2	  0.0	0.000	0.000	0.000
