res	aa	Beta	Turn	Helix	Aggregation	Conc-Stab_Aggregation
01	  K	  0.1	  0.4	0.000	0.000	0.000
02	  R	  0.1	  1.0	0.000	0.000	0.000
03	  N	  0.1	  1.2	0.000	0.000	0.000
04	  G	  0.1	  1.2	0.000	0.000	0.000
05	  C	  7.3	  1.0	0.000	0.000	0.000
06	  C	  8.5	  0.4	0.000	0.000	0.000
07	  N	  8.9	  0.5	0.000	0.000	0.000
08	  C	  2.6	  0.8	0.000	0.000	0.000
09	  S	  1.3	  0.6	0.000	0.000	0.000
10	  S	  0.9	  0.5	0.203	0.000	0.000
11	  K	  0.9	  0.3	0.203	0.000	0.000
12	  W	  2.1	  0.0	0.203	0.000	0.000
13	  C	  2.3	  0.4	0.203	0.000	0.000
14	  R	  1.8	  0.5	0.203	0.000	0.000
15	  D	  0.5	  0.8	0.203	0.000	0.000
16	  H	  0.1	  1.0	0.203	0.000	0.000
17	  S	  0.5	  0.7	0.000	0.000	0.000
18	  R	  0.9	  0.6	0.000	0.000	0.000
19	  C	  4.2	  0.5	0.000	0.000	0.000
20	  C	  4.0	  0.3	0.000	0.000	0.000
21	  G	  3.5	  0.3	0.000	0.000	0.000
22	  R	  0.2	  0.3	0.000	0.000	0.000
