res	aa	Beta	Turn	Helix	Aggregation	Conc-Stab_Aggregation
01	  S	  0.8	  0.0	0.000	0.000	0.000
02	  I	  1.6	  0.0	0.000	0.000	0.000
03	  K	  1.8	  0.1	0.000	0.000	0.000
04	  E	  1.1	  0.1	0.000	0.000	0.000
05	  K	  1.0	  0.1	0.000	0.000	0.000
06	  I	  0.9	  0.0	0.000	0.000	0.000
07	  C	  1.4	  0.0	0.184	0.000	0.000
08	  K	  2.3	  0.0	0.345	0.000	0.000
09	  I	  3.6	  0.0	0.461	0.000	0.000
10	  I	  4.0	  0.0	0.599	0.000	0.000
11	  E	  2.9	  0.0	0.720	0.000	0.000
12	  A	  1.7	  0.0	0.720	0.000	0.000
13	  K	  1.0	  0.2	0.720	0.000	0.000
14	  I	  0.6	  0.3	0.375	0.000	0.000
15	  G	  0.3	  0.3	0.375	0.000	0.000
16	  K	  0.1	  0.3	0.259	0.000	0.000
17	  K	  0.0	  0.2	0.000	0.000	0.000
18	  P	  0.0	  0.2	0.000	0.000	0.000
19	  P	  0.0	  0.2	0.000	0.000	0.000
20	  F	  0.3	  0.2	0.000	0.000	0.000
21	  C	  0.3	  0.2	0.000	0.000	0.000
22	  P	  0.3	  0.0	0.000	0.000	0.000
