res	aa	Beta	Turn	Helix	Aggregation	Conc-Stab_Aggregation
01	  S	  0.6	  0.0	0.000	0.000	0.000
02	  V	  7.6	  0.0	0.000	69.378	69.378
03	  A	  8.0	  0.0	0.000	71.663	71.663
04	  V	  7.9	  0.2	0.000	72.520	72.520
05	  A	  1.0	  0.2	0.000	72.585	72.585
06	  G	  0.6	  0.2	0.000	72.585	72.585
07	  A	  1.0	  0.2	0.000	72.369	72.369
08	  V	  4.3	  0.0	0.000	72.187	72.187
09	  I	  4.6	  0.2	0.000	66.412	66.412
10	  E	  3.5	  0.7	0.000	0.000	0.000
11	  G	  0.3	  0.8	0.000	0.043	0.043
12	  A	  0.4	  0.8	0.000	2.115	2.115
13	  T	  2.9	  0.6	0.000	6.662	6.662
14	  L	  6.2	  0.1	0.000	14.191	14.191
15	  T	 14.4	  0.0	0.000	15.413	15.413
16	  F	 16.5	  0.0	0.000	15.413	15.413
17	  N	 13.2	  0.0	0.000	14.902	14.902
18	  V	  6.7	  0.0	0.000	14.902	14.902
19	  L	  1.7	  0.0	0.000	14.016	14.016
20	  Q	  1.6	  0.0	0.000	0.000	0.000
