res	aa	Beta	Turn	Helix	Aggregation	Conc-Stab_Aggregation
01	  D	  0.0	  0.1	0.000	0.000	0.000
02	  G	  0.0	  0.2	0.000	0.000	0.000
03	  R	  0.5	  0.2	0.000	0.000	0.000
04	  C	 16.0	  0.2	0.000	0.000	0.000
05	  C	 16.1	  0.1	0.000	0.000	0.000
06	  H	 15.7	  0.3	0.092	0.000	0.000
07	  P	  0.2	  0.3	0.092	0.000	0.000
08	  A	  0.1	  0.3	0.092	0.000	0.000
09	  C	  0.9	  0.4	0.092	0.000	0.000
10	  A	  1.0	  0.2	0.092	0.000	0.000
11	  K	  1.1	  0.2	0.092	0.000	0.000
12	  H	  3.2	  0.3	0.000	0.000	0.000
13	  F	  8.7	  0.2	0.000	0.000	0.000
14	  N	  8.6	  0.1	0.000	0.000	0.000
15	  C	  5.7	  0.1	0.000	0.000	0.000
