res	aa	Beta	Turn	Helix	Aggregation	Conc-Stab_Aggregation
01	  G	  0.1	  0.0	0.000	0.000	0.000
02	  C	  3.4	  0.0	0.000	0.000	0.000
03	  C	  3.5	  0.4	0.000	0.000	0.000
04	  G	  3.5	  0.4	0.000	0.000	0.000
05	  S	  0.8	  0.4	0.701	0.000	0.000
06	  F	  1.9	  0.4	0.701	0.000	0.000
07	  A	  2.0	  0.0	0.701	0.000	0.000
08	  C	  2.2	  0.1	0.701	0.000	0.000
09	  R	  1.1	  0.4	0.701	0.000	0.000
10	  F	  1.5	  0.9	0.701	0.000	0.000
11	  G	  0.8	  0.9	0.476	0.000	0.000
12	  C	  0.7	  0.8	0.000	0.000	0.000
13	  V	  0.2	  0.5	0.000	0.000	0.000
14	  P	  0.2	  0.0	0.000	0.000	0.000
15	  C	 15.0	  0.0	0.000	0.000	0.000
16	  C	 14.9	  0.0	0.000	0.000	0.000
17	  V	 14.9	  0.0	0.000	0.000	0.000
