res	aa	Beta	Turn	Helix	Aggregation	Conc-Stab_Aggregation
01	  S	  0.2	  0.2	0.000	0.000	0.000
02	  K	  0.4	  0.2	0.000	0.000	0.000
03	  Q	  2.2	  0.2	0.000	0.000	0.000
04	  C	 11.7	  0.2	0.000	0.000	0.000
05	  C	 12.7	  0.0	0.000	0.000	0.000
06	  H	 11.2	  0.0	0.000	0.000	0.000
07	  L	  1.7	  0.0	0.102	0.000	0.000
08	  A	  0.4	  0.0	0.102	0.000	0.000
09	  A	  0.3	  0.0	0.102	0.000	0.000
10	  C	  0.9	  0.1	0.102	0.000	0.000
11	  R	  1.1	  0.4	0.102	0.000	0.000
12	  F	  1.5	  2.4	0.102	0.000	0.000
13	  G	  0.9	  2.4	0.000	0.000	0.000
14	  C	  0.9	  2.3	0.000	0.000	0.000
15	  T	  0.4	  2.2	0.000	0.000	0.000
16	  P	  0.3	  0.2	0.000	0.000	0.000
17	  C	  5.0	  0.2	0.000	0.000	0.000
18	  C	  4.9	  0.2	0.000	0.000	0.000
19	  W	  4.9	  0.0	0.000	0.000	0.000
