res	aa	Beta	Turn	Helix	Aggregation	Conc-Stab_Aggregation
01	  C	  3.4	  0.2	0.000	0.000	0.000
02	  C	  3.7	  0.2	0.000	0.000	0.000
03	  G	  3.7	  0.2	0.000	0.000	0.000
04	  V	  0.4	  0.7	0.112	0.000	0.000
05	  P	  0.0	  0.4	0.112	0.000	0.000
06	  N	  0.0	  0.6	0.112	0.000	0.000
07	  A	  0.1	  0.6	0.112	0.000	0.000
08	  A	  0.1	  0.1	0.112	0.000	0.000
09	  C	  0.1	  0.1	0.112	0.000	0.000
10	  P	  0.0	  0.1	0.000	0.000	0.000
11	  P	  0.0	  0.1	0.000	0.000	0.000
12	  C	  0.9	  0.1	0.000	0.000	0.000
13	  V	  1.7	  0.1	0.000	0.000	0.000
14	  C	  2.1	  0.0	0.000	0.000	0.000
15	  N	  1.3	  0.3	0.000	0.000	0.000
16	  K	  1.2	  0.3	0.000	0.000	0.000
17	  T	  1.2	  0.3	0.000	0.000	0.000
18	  C	  1.2	  0.3	0.000	0.000	0.000
19	  G	  0.5	  0.0	0.000	0.000	0.000
