res	aa	Beta	Turn	Helix	Aggregation	Conc-Stab_Aggregation
01	  G	  0.0	  0.2	0.000	0.000	0.000
02	  G	  0.1	  0.2	0.000	0.000	0.000
03	  C	  9.3	  0.2	0.000	0.000	0.000
04	  C	 11.1	  0.2	0.000	0.000	0.000
05	  S	 11.1	  0.0	0.000	0.000	0.000
06	  H	  2.2	  0.3	0.000	0.000	0.000
07	  P	  0.1	  0.3	0.000	0.000	0.000
08	  A	  0.1	  0.3	0.000	0.000	0.000
09	  C	  1.6	  0.3	0.000	0.000	0.000
10	  A	  1.6	  0.4	0.000	0.000	0.000
11	  A	  1.6	  0.4	0.000	0.000	0.000
12	  N	  0.1	  0.5	0.000	0.000	0.000
13	  N	  0.1	  1.6	0.000	0.000	0.000
14	  Q	  0.6	  1.2	0.000	0.000	0.000
15	  D	  1.1	  1.1	0.000	0.000	0.000
16	  Y	  1.0	  1.1	0.000	0.000	0.000
17	  C	  0.5	  0.0	0.000	0.000	0.000
