res	aa	Beta	Turn	Helix	Aggregation	Conc-Stab_Aggregation
01	  D	  0.0	  0.2	0.665	0.000	0.000
02	  P	  0.0	  0.2	0.665	0.000	0.000
03	  C	  3.6	  0.2	0.665	0.000	0.000
04	  Y	 11.6	  0.2	0.665	0.000	0.000
05	  E	 12.4	  0.0	0.665	0.000	0.000
06	  V	 10.5	  0.0	0.665	0.000	0.000
07	  C	  4.5	  0.0	0.665	0.000	0.000
08	  L	  3.7	  0.0	0.547	0.000	0.000
09	  Q	  2.4	  0.2	0.547	0.000	0.000
10	  Q	  0.4	  0.3	0.221	0.000	0.000
11	  H	  0.3	  0.7	0.000	0.000	0.000
12	  G	  0.1	  0.7	0.000	0.000	0.000
13	  N	  2.4	  0.6	0.181	0.000	0.000
14	  V	  3.9	  0.5	0.181	0.000	0.000
15	  K	  4.1	  0.1	0.293	0.000	0.000
16	  E	  2.2	  0.1	0.293	0.000	0.000
17	  C	  1.1	  0.2	1.184	0.000	0.000
18	  E	  0.9	  0.2	1.497	0.000	0.000
19	  E	  0.5	  0.2	1.497	0.000	0.000
20	  A	  0.1	  0.2	1.497	0.000	0.000
21	  C	  0.5	  0.0	1.497	0.000	0.000
22	  K	  0.5	  0.0	1.497	0.000	0.000
23	  H	  0.4	  0.0	1.281	0.000	0.000
24	  P	  0.0	  0.0	0.000	0.000	0.000
25	  V	  2.7	  0.0	0.000	0.000	0.000
26	  E	  2.7	  0.0	0.000	0.000	0.000
27	  Y	  2.7	  0.0	0.000	0.000	0.000
