res	aa	Beta	Turn	Helix	Aggregation	Conc-Stab_Aggregation
01	  G	  0.2	  0.0	0.000	0.000	0.000
02	  C	  0.4	  0.0	0.000	0.000	0.000
03	  T	  0.5	  0.3	0.000	0.000	0.000
04	  P	  0.3	  0.3	0.000	0.000	0.000
05	  E	  0.7	  0.3	0.000	0.000	0.000
06	  Y	  2.9	  0.3	0.000	0.735	0.735
07	  C	  4.4	  0.1	0.000	0.735	0.735
08	  S	  4.0	  0.1	0.386	0.735	0.735
09	  M	  2.9	  0.1	0.386	0.735	0.735
10	  W	  1.9	  0.0	0.386	0.735	0.735
11	  C	  2.4	  0.0	0.386	0.186	0.186
12	  K	  5.0	  0.0	0.386	0.000	0.000
13	  V	 18.5	  0.0	0.386	0.000	0.000
14	  K	 18.6	  0.0	0.386	0.000	0.000
15	  V	 16.7	  0.0	0.000	0.000	0.000
16	  S	  3.3	  1.1	0.000	0.000	0.000
17	  Q	  2.6	  1.1	0.000	0.000	0.000
18	  N	  2.0	  1.1	0.583	0.000	0.000
19	  Y	  3.7	  1.1	0.583	0.000	0.000
20	  C	  6.7	  0.0	0.583	0.000	0.000
21	  V	  7.4	  0.2	0.583	0.000	0.000
22	  K	  5.4	  0.2	0.583	0.000	0.000
23	  N	  2.2	  0.2	0.583	0.000	0.000
24	  C	  1.5	  0.2	0.309	0.000	0.000
25	  K	  1.4	  0.0	0.102	0.000	0.000
26	  C	  1.0	  4.0	0.102	0.000	0.000
27	  P	  0.1	  4.0	0.000	0.000	0.000
28	  G	  0.0	  4.0	0.000	0.000	0.000
29	  R	  0.0	  4.0	0.000	0.000	0.000
