res	aa	Beta	Turn	Helix	Aggregation	Conc-Stab_Aggregation
01	  I	  3.8	  0.0	0.000	0.000	0.000
02	  N	  4.3	  0.0	1.146	0.000	0.000
03	  W	  4.5	  0.1	1.260	0.000	0.000
04	  K	  0.9	  0.1	1.260	0.000	0.000
05	  K	  1.7	  0.1	1.260	0.000	0.000
06	  I	  1.8	  0.1	1.260	0.000	0.000
07	  A	  1.8	  0.0	1.260	0.000	0.000
08	  E	  0.6	  0.1	1.260	0.000	0.000
09	  I	  0.3	  0.3	1.141	0.000	0.000
10	  G	  0.1	  0.3	1.141	0.000	0.000
11	  K	  0.2	  0.3	0.542	0.000	0.000
12	  Q	  0.6	  0.2	0.162	0.116	0.116
13	  V	  3.6	  0.1	0.000	0.116	0.116
14	  L	  4.0	  0.0	0.000	0.116	0.116
15	  S	  3.6	  0.0	0.000	0.116	0.116
16	  A	  0.7	  0.0	0.000	0.116	0.116
17	  L	  0.1	  0.0	0.000	0.000	0.000
