res	aa	Beta	Turn	Helix	Aggregation	Conc-Stab_Aggregation
01	  A	  0.0	  0.2	0.000	0.000	0.000
02	  D	  0.0	  0.3	0.000	0.000	0.000
03	  D	  0.0	  0.3	0.000	0.000	0.000
04	  K	  0.0	  0.3	0.000	0.000	0.000
05	  N	  0.0	  0.4	4.415	0.000	0.000
06	  P	  0.0	  0.3	4.415	0.000	0.000
07	  L	  0.0	  0.3	4.415	0.000	0.000
08	  E	  0.0	  0.3	4.559	0.000	0.000
09	  E	  0.1	  0.1	4.559	0.000	0.000
10	  A	  0.5	  0.1	4.559	0.000	0.000
11	  F	  1.0	  0.1	3.874	0.000	0.000
12	  R	  0.9	  0.1	2.599	0.000	0.000
13	  E	  0.6	  0.3	1.777	0.000	0.000
14	  A	  0.1	  0.3	0.944	0.000	0.000
15	  D	  1.3	  0.2	2.532	0.000	0.000
16	  Y	  9.1	  0.2	2.441	0.000	0.000
17	  E	 10.5	  0.0	2.403	0.000	0.000
18	  V	 12.3	  0.0	2.513	0.374	0.374
19	  F	  5.2	  0.0	3.128	0.374	0.374
20	  L	  4.6	  0.0	3.846	0.374	0.374
21	  E	  2.3	  0.0	3.846	0.374	0.374
22	  I	  2.2	  0.0	3.738	0.374	0.374
23	  A	  1.1	  0.7	3.738	0.374	0.374
24	  K	  0.5	  2.6	3.637	0.374	0.374
25	  N	  0.1	  2.6	3.142	0.000	0.000
26	  G	  0.0	  2.6	0.614	0.000	0.000
27	  L	  0.0	  1.9	0.000	0.000	0.000
