res	aa	Beta	Turn	Helix	Aggregation	Conc-Stab_Aggregation
01	  K	  0.0	  1.4	0.000	0.000	0.000
02	  K	  0.0	  2.2	0.000	0.000	0.000
03	  D	  0.1	  2.2	0.000	0.000	0.000
04	  G	  0.0	  2.2	0.000	0.000	0.000
05	  Y	  1.6	  0.8	0.000	0.000	0.000
06	  I	  2.3	  0.0	0.000	0.000	0.000
07	  V	  3.2	  0.1	0.000	0.000	0.000
08	  D	  1.7	  9.4	0.000	0.000	0.000
09	  S	  0.9	  9.9	0.000	0.000	0.000
10	  N	  0.0	 10.1	0.000	0.000	0.000
11	  G	  0.3	 10.0	0.000	0.000	0.000
12	  C	  0.5	  0.7	0.000	0.000	0.000
13	  A	  0.5	  0.5	0.000	0.000	0.000
14	  P	  0.1	  0.4	0.000	0.000	0.000
15	  E	  0.7	  0.4	0.000	0.000	0.000
16	  C	  1.0	  0.4	0.000	0.000	0.000
17	  F	  1.0	  0.4	0.000	0.000	0.000
18	  P	  0.3	  0.5	0.000	0.000	0.000
19	  T	  0.1	  0.5	0.000	0.000	0.000
20	  N	  0.1	  2.0	0.000	0.000	0.000
21	  A	  0.1	  1.7	0.000	0.000	0.000
22	  G	  0.0	  1.6	0.000	0.000	0.000
23	  C	  0.0	  1.6	0.000	0.000	0.000
