res	aa	Beta	Turn	Helix	Aggregation	Conc-Stab_Aggregation
01	  A	  0.1	  0.0	0.000	0.000	0.000
02	  D	  0.2	  0.0	0.000	0.000	0.000
03	  V	  0.2	  0.4	0.000	0.000	0.000
04	  P	  0.1	  1.7	0.000	0.000	0.000
05	  G	  0.0	  1.7	0.000	0.000	0.000
06	  N	  0.1	  1.7	0.000	0.000	0.000
07	  Y	  0.1	  1.5	0.000	0.000	0.000
08	  P	  0.1	  0.3	0.000	0.000	0.000
09	  L	  0.4	  0.4	0.000	0.000	0.000
10	  N	  1.4	  0.7	0.000	0.000	0.000
11	  S	  2.1	  0.7	0.137	0.000	0.000
12	  Y	  1.9	  1.1	0.137	0.000	0.000
13	  G	  0.9	  1.3	0.137	0.000	0.000
14	  A	  0.7	  1.0	0.137	0.000	0.000
15	  S	  1.6	  0.8	0.137	0.000	0.000
16	  Y	  6.2	  0.2	0.137	0.000	0.000
17	  Y	  6.8	  0.0	0.137	0.000	0.000
18	  C	  8.4	  0.0	0.000	0.000	0.000
19	  T	  3.9	  0.0	0.000	0.000	0.000
20	  I	  2.7	  0.0	0.000	0.000	0.000
