res	aa	Beta	Turn	Helix	Aggregation	Conc-Stab_Aggregation
01	  G	  0.0	  0.0	1.753	0.000	0.000
02	  K	  0.5	  0.0	2.299	0.000	0.000
03	  L	  0.8	  0.1	2.432	0.000	0.000
04	  Q	  1.2	  0.1	2.900	0.000	0.000
05	  A	  1.0	  0.0	3.288	0.000	0.000
06	  F	  1.3	  0.0	3.591	0.000	0.000
07	  L	  0.9	  0.0	3.568	0.000	0.000
08	  A	  0.9	  0.0	3.568	0.000	0.000
09	  K	  1.4	  0.0	3.696	0.000	0.000
10	  M	  1.4	  0.0	3.012	0.000	0.000
11	  K	  1.5	  0.0	3.075	0.000	0.000
12	  E	  1.1	  0.0	2.160	0.000	0.000
13	  I	  1.9	  0.0	2.049	0.000	0.000
14	  A	  1.6	  0.0	2.049	0.000	0.000
15	  A	  1.0	  0.1	2.049	0.000	0.000
16	  Q	  0.2	  0.1	1.907	0.000	0.000
17	  T	  0.2	  0.1	0.000	0.000	0.000
18	  L	  0.1	  0.1	0.000	0.000	0.000
