res	aa	Beta	Turn	Helix	Aggregation	Conc-Stab_Aggregation
01	  A	  0.0	  0.2	0.000	0.000	0.000
02	  D	  0.0	  0.2	0.000	0.000	0.000
03	  N	  0.1	  0.2	0.000	0.000	0.000
04	  R	  0.2	  0.2	0.000	0.000	0.000
05	  R	  0.2	  0.0	0.000	0.000	0.000
06	  P	  0.1	  0.0	0.000	0.000	0.000
07	  I	  0.2	  0.0	0.000	0.000	0.000
08	  W	  1.2	  0.1	0.000	0.000	0.000
09	  N	  1.2	  0.4	1.311	0.000	0.000
10	  L	  1.0	  0.5	1.311	0.000	0.000
11	  G	  0.0	  0.5	1.311	0.000	0.000
12	  H	  0.9	  0.4	1.432	0.000	0.000
13	  M	  1.6	  0.1	1.432	0.000	0.000
14	  V	  2.5	  0.0	1.549	0.000	0.000
15	  N	  1.6	  0.1	1.549	0.000	0.000
16	  A	  1.0	  0.1	1.363	0.000	0.000
17	  L	  0.3	  0.2	1.242	0.000	0.000
18	  K	  0.8	  0.2	0.984	0.000	0.000
19	  Q	  0.7	  0.0	0.411	0.000	0.000
20	  I	  0.6	  0.4	0.000	0.000	0.000
21	  P	  0.1	  0.3	0.000	0.000	0.000
22	  T	  3.3	  0.3	0.000	0.000	0.000
23	  F	  3.9	  0.3	0.000	0.000	0.000
24	  L	  3.9	  1.0	0.000	0.000	0.000
25	  A	  0.7	  1.2	0.000	0.000	0.000
26	  D	  0.0	  1.5	0.000	0.000	0.000
27	  G	  0.0	  2.0	0.000	0.000	0.000
28	  A	  0.0	  1.0	0.000	0.000	0.000
29	  N	  0.0	  0.8	0.000	0.000	0.000
30	  A	  0.0	  0.5	0.000	0.000	0.000
