res	aa	Beta	Turn	Helix	Aggregation	Conc-Stab_Aggregation
01	  A	  0.0	  0.0	0.000	0.000	0.000
02	  N	  0.2	  0.0	0.000	0.000	0.000
03	  K	  0.3	  0.0	0.000	0.000	0.000
04	  R	  0.3	  0.0	0.000	0.000	0.000
05	  P	  0.1	  0.0	0.000	0.000	0.000
06	  I	  0.7	  0.0	0.000	2.172	2.172
07	  W	  1.3	  0.0	0.000	2.172	2.172
08	  I	  3.6	  0.0	0.000	2.172	2.172
09	  M	  3.1	  0.1	0.000	2.172	2.172
10	  G	  2.5	  0.1	0.000	2.172	2.172
11	  H	  1.0	  0.1	0.000	0.528	0.528
12	  M	  1.6	  0.1	0.000	2.142	2.142
13	  V	  2.4	  0.0	0.000	3.229	3.229
14	  N	  1.7	  0.0	0.000	3.229	3.229
15	  A	  1.2	  0.0	0.000	3.430	3.430
16	  I	  1.6	  0.0	0.000	3.430	3.430
17	  Y	  5.5	  0.0	0.000	3.131	3.131
18	  Q	  6.2	  0.0	0.000	0.813	0.813
19	  I	  5.1	  0.1	0.000	0.813	0.813
20	  D	  1.2	  0.1	0.000	0.000	0.000
21	  E	  0.3	  0.0	0.000	0.000	0.000
22	  F	  1.8	  0.2	0.000	0.000	0.000
23	  V	  5.1	  0.1	0.000	0.000	0.000
24	  N	  5.0	  0.4	0.000	0.000	0.000
25	  L	  3.4	  0.6	0.000	0.000	0.000
26	  G	  0.0	  0.9	0.000	0.000	0.000
27	  A	  0.1	  0.9	0.000	0.000	0.000
28	  N	  0.3	  0.7	0.000	0.000	0.000
29	  S	  2.0	  0.4	0.000	0.000	0.000
30	  I	  2.5	  0.1	0.000	0.000	0.000
31	  E	  2.3	  0.1	0.000	0.000	0.000
32	  T	  1.0	  0.1	0.000	0.000	0.000
33	  D	  1.3	  0.1	0.000	0.000	0.000
34	  V	  1.2	  0.0	0.000	0.000	0.000
35	  S	  0.8	  0.0	0.000	0.000	0.000
