res	aa	Beta	Turn	Helix	Aggregation	Conc-Stab_Aggregation
01	  A	  0.3	  0.0	0.000	0.000	0.000
02	  F	  2.4	  0.0	0.000	0.000	0.000
03	  V	  2.9	  0.3	0.000	0.000	0.000
04	  K	  2.7	  0.5	0.000	0.000	0.000
05	  G	  0.6	  0.5	0.000	0.000	0.000
06	  S	  0.4	  0.7	0.000	0.000	0.000
07	  A	  0.5	  0.4	0.000	0.000	0.000
08	  Q	  0.9	  0.2	0.000	0.000	0.000
09	  R	  1.6	  0.2	0.000	0.000	0.000
10	  V	  3.3	  0.2	0.000	0.000	0.000
11	  A	  2.9	  0.7	0.000	0.000	0.000
12	  H	  2.0	  0.7	0.000	0.000	0.000
13	  G	  0.2	  0.7	0.000	0.000	0.000
14	  Y	  0.1	  0.5	0.000	0.000	0.000
