res	aa	Beta	Turn	Helix	Aggregation	Conc-Stab_Aggregation
01	  G	  0.0	  0.0	2.384	0.000	0.000
02	  R	  0.4	  0.0	2.921	0.000	0.000
03	  L	  0.7	  0.1	3.053	0.000	0.000
04	  Q	  1.1	  0.1	3.519	0.000	0.000
05	  A	  1.0	  0.0	3.904	0.000	0.000
06	  F	  1.3	  0.0	4.206	0.000	0.000
07	  L	  0.9	  0.0	4.157	0.000	0.000
08	  A	  0.9	  0.0	4.157	0.000	0.000
09	  K	  1.4	  0.0	4.285	0.000	0.000
10	  M	  1.4	  0.0	3.526	0.000	0.000
11	  K	  1.5	  0.0	3.538	0.000	0.000
12	  E	  1.1	  0.0	2.509	0.000	0.000
13	  I	  1.9	  0.0	2.357	0.000	0.000
14	  A	  1.6	  0.0	2.357	0.000	0.000
15	  A	  1.0	  0.1	2.238	0.000	0.000
16	  Q	  0.2	  0.1	2.050	0.000	0.000
17	  T	  0.2	  0.1	0.000	0.000	0.000
18	  L	  0.1	  0.1	0.000	0.000	0.000
