res	aa	Beta	Turn	Helix	Aggregation	Conc-Stab_Aggregation
01	  D	  0.0	  0.1	0.000	0.000	0.000
02	  D	  0.1	  0.1	0.000	0.000	0.000
03	  L	  0.2	  0.1	0.000	0.000	0.000
04	  H	  0.2	  0.4	0.000	0.000	0.000
05	  P	  0.1	  0.3	0.000	0.000	0.000
06	  F	  0.3	  0.3	0.000	0.000	0.000
07	  N	  0.3	  3.5	0.363	0.000	0.000
08	  E	  0.3	  3.3	0.363	0.000	0.000
09	  N	  0.0	  3.3	0.363	0.000	0.000
10	  N	  0.6	  3.3	0.363	0.000	0.000
11	  M	  1.3	  0.0	0.363	0.000	0.000
12	  Y	  2.2	  0.2	0.363	0.000	0.000
13	  Y	  2.1	  0.9	0.151	0.000	0.000
14	  G	  1.4	  0.9	0.151	0.000	0.000
15	  C	  0.6	  1.3	0.000	0.000	0.000
16	  K	  0.1	  1.2	0.000	0.000	0.000
17	  G	  0.1	  0.5	0.000	0.000	0.000
18	  L	  0.1	  0.7	0.000	0.000	0.000
19	  S	  0.2	  0.5	0.000	0.000	0.000
20	  N	  0.2	  2.9	0.000	0.000	0.000
21	  S	  0.1	  2.9	0.000	0.000	0.000
22	  N	  0.2	  2.7	0.000	0.000	0.000
23	  K	  3.6	  2.4	0.000	0.000	0.000
24	  F	  5.0	  0.0	0.000	0.000	0.000
25	  E	  4.8	  0.0	0.000	0.000	0.000
26	  D	  1.4	  0.0	0.000	0.000	0.000
