res	aa	Beta	Turn	Helix	Aggregation	Conc-Stab_Aggregation
01	  A	  0.0	  0.2	0.000	0.000	0.000
02	  D	  0.0	  0.2	0.000	0.000	0.000
03	  N	  0.1	  0.2	0.000	0.000	0.000
04	  K	  0.1	  0.2	0.000	0.000	0.000
05	  N	  0.1	  0.3	1.609	0.000	0.000
06	  P	  0.0	  0.3	1.609	0.000	0.000
07	  L	  0.0	  0.4	1.609	0.000	0.000
08	  E	  0.0	  0.4	1.609	0.000	0.000
09	  E	  0.5	  0.1	1.609	0.000	0.000
10	  C	  3.6	  0.1	1.609	0.000	0.000
11	  F	  4.1	  0.1	0.994	0.000	0.000
12	  R	  3.7	  0.1	0.675	0.000	0.000
13	  E	  0.7	  0.2	0.385	0.000	0.000
14	  T	  0.7	  0.2	0.000	0.000	0.000
15	  N	  3.2	  0.1	0.000	0.000	0.000
16	  Y	  3.8	  0.1	0.000	0.000	0.000
17	  E	  3.3	  0.1	0.000	0.000	0.000
18	  E	  0.8	  0.1	0.000	0.000	0.000
19	  F	  0.8	  0.1	0.000	0.000	0.000
20	  L	  2.1	  0.0	0.000	0.000	0.000
21	  E	  2.7	  0.0	0.000	0.000	0.000
22	  I	  3.3	  0.0	0.000	0.000	0.000
23	  A	  2.0	  0.0	0.000	0.000	0.000
24	  R	  1.2	  0.0	0.000	0.000	0.000
