res	aa	Beta	Turn	Helix	Aggregation	Conc-Stab_Aggregation
01	  R	  0.2	  0.3	0.000	0.000	0.000
02	  H	  0.2	  0.6	0.000	0.000	0.000
03	  G	  0.4	  0.6	0.000	0.000	0.000
04	  C	  8.3	  0.6	0.000	0.000	0.000
05	  C	  8.3	  0.3	0.000	0.000	0.000
06	  K	  8.1	  0.0	0.000	0.000	0.000
07	  G	  0.1	  0.8	0.000	0.000	0.000
08	  P	  0.0	  1.7	0.000	0.000	0.000
09	  K	  0.0	  2.0	0.000	0.000	0.000
10	  G	  0.1	  1.9	0.000	0.000	0.000
11	  C	  0.7	  1.4	0.000	0.000	0.000
12	  S	  1.0	  0.6	0.000	0.000	0.000
13	  S	  1.1	  0.5	0.000	0.000	0.000
14	  R	  0.4	  0.5	0.000	0.000	0.000
15	  E	  0.8	  0.2	0.000	0.000	0.000
16	  C	  0.9	  0.2	0.000	0.000	0.000
17	  R	  0.9	  0.3	0.000	0.000	0.000
18	  P	  0.2	  0.3	0.000	0.000	0.000
19	  Q	  0.5	  0.3	0.000	0.000	0.000
20	  H	  1.9	  0.3	0.000	0.000	0.000
21	  C	  1.9	  0.1	0.000	0.000	0.000
22	  C	  1.5	  0.0	0.000	0.000	0.000
