res	aa	Beta	Turn	Helix	Aggregation	Conc-Stab_Aggregation
01	  C	  2.4	  0.0	0.000	0.000	0.000
02	  L	  3.9	  0.0	0.000	0.164	0.164
03	  Q	  4.1	  0.2	0.000	0.164	0.164
04	  F	  1.9	  2.7	0.000	0.164	0.164
05	  G	  0.4	  2.9	0.000	0.164	0.164
06	  S	  0.8	  2.9	0.000	0.164	0.164
07	  T	  5.0	  2.7	0.000	0.164	0.164
08	  C	  6.5	  0.2	0.000	0.164	0.164
09	  F	  6.1	  0.1	0.000	0.164	0.164
10	  L	  1.9	  1.2	0.000	0.164	0.164
11	  G	  0.3	  1.4	0.000	0.000	0.000
12	  D	  0.0	  2.2	0.000	0.000	0.000
13	  D	  0.0	  2.1	0.000	0.000	0.000
14	  D	  0.4	  1.1	0.000	0.000	0.000
15	  I	  3.4	  0.8	0.000	0.000	0.000
16	  C	 11.9	  0.2	0.000	0.000	0.000
17	  C	 11.9	  0.6	0.000	0.000	0.000
18	  S	  8.9	  0.8	0.000	0.000	0.000
19	  G	  0.4	  0.9	0.000	0.000	0.000
20	  E	  0.5	  0.7	0.000	0.000	0.000
21	  C	  1.4	  0.2	0.000	0.000	0.000
22	  F	  3.6	  0.2	0.000	0.000	0.000
23	  Y	  4.5	  0.3	0.000	0.000	0.000
24	  S	  3.6	  0.7	0.000	0.000	0.000
25	  G	  1.3	  0.9	0.000	0.000	0.000
26	  G	  0.1	  0.8	0.000	0.000	0.000
27	  T	  1.1	  0.7	0.000	0.173	0.173
28	  F	  1.4	  0.4	0.000	0.173	0.173
29	  G	  1.4	  0.2	0.000	0.173	0.173
30	  I	  1.0	  0.2	0.000	0.173	0.173
31	  C	  0.6	  0.1	0.000	0.173	0.173
32	  S	  0.6	  0.0	0.000	0.000	0.000
