res	aa	Beta	Turn	Helix	Aggregation	Conc-Stab_Aggregation
01	  C	 40.0	  0.0	0.000	0.000	0.000
02	  C	 40.1	  0.0	0.000	0.000	0.000
03	  A	 40.1	  0.3	0.000	0.000	0.000
04	  P	  0.2	  0.3	0.000	0.000	0.000
05	  S	  0.2	  0.3	0.167	0.000	0.000
06	  A	  0.3	  0.3	0.167	0.000	0.000
07	  C	  1.4	  0.2	0.167	0.000	0.000
08	  R	  1.4	  0.4	0.167	0.000	0.000
09	  L	  1.3	  0.6	0.167	0.000	0.000
10	  G	  0.3	  0.6	0.167	0.000	0.000
11	  C	  0.4	  0.4	0.074	0.000	0.000
12	  R	  0.3	  0.4	0.000	0.000	0.000
13	  P	  0.2	  0.2	0.000	0.000	0.000
14	  C	  9.0	  0.2	0.000	0.000	0.000
15	  C	  9.0	  0.2	0.000	0.000	0.000
16	  R	  9.0	  0.0	0.000	0.000	0.000
