res	aa	Beta	Turn	Helix	Aggregation	Conc-Stab_Aggregation
01	  I	  3.7	  0.0	0.000	0.000	0.000
02	  N	  3.9	  0.0	12.301	0.000	0.000
03	  L	  4.2	  0.0	12.412	0.000	0.000
04	  K	  0.7	  0.0	13.235	0.000	0.000
05	  A	  0.7	  0.0	13.614	0.000	0.000
06	  I	  1.2	  0.0	13.840	0.000	0.000
07	  A	  1.1	  0.0	14.108	0.000	0.000
08	  A	  1.0	  0.0	13.746	0.000	0.000
09	  M	  0.2	  0.0	13.198	0.000	0.000
10	  A	  0.2	  0.0	10.721	0.000	0.000
11	  K	  0.1	  0.1	9.595	0.000	0.000
12	  K	  0.3	  0.1	6.034	0.000	0.000
13	  L	  0.3	  0.1	1.080	0.000	0.000
14	  L	  0.2	  0.0	0.307	0.000	0.000
