res	aa	Beta	Turn	Helix	Aggregation	Conc-Stab_Aggregation
01	  V	  1.1	  0.0	0.000	0.000	0.000
02	  V	  1.1	  0.8	0.000	0.000	0.000
03	  G	  1.1	  0.9	0.000	0.000	0.000
04	  G	  0.1	  1.1	0.000	0.000	0.000
05	  A	  0.1	  1.1	0.000	0.000	0.000
06	  E	  1.1	  0.3	0.000	0.000	0.000
07	  C	  1.7	  0.2	0.000	0.000	0.000
08	  K	  2.9	  0.3	0.000	0.000	0.000
09	  I	  2.5	  1.0	0.000	0.000	0.000
10	  D	  1.8	  1.0	0.000	0.000	0.000
11	  G	  0.7	  1.1	0.000	0.000	0.000
12	  H	  0.9	  0.8	0.000	0.000	0.000
13	  R	  2.0	  0.2	0.000	0.000	0.000
14	  C	  4.2	  0.1	0.137	14.742	14.742
15	  L	  3.6	  0.1	0.137	14.742	14.742
16	  A	  2.8	  0.0	0.137	14.742	14.742
17	  L	  1.4	  0.0	0.137	14.742	14.742
18	  L	  1.0	  0.0	0.137	14.742	14.742
19	  Y	  0.8	  0.0	0.137	0.000	0.000
