res	aa	Beta	Turn	Helix	Aggregation	Conc-Stab_Aggregation
01	  A	  0.1	  0.0	0.000	0.000	0.000
02	  D	  0.2	  0.0	0.000	0.000	0.000
03	  V	  0.2	  0.4	0.000	0.000	0.000
04	  P	  0.1	  1.7	0.000	0.000	0.000
05	  G	  0.0	  1.7	0.000	0.000	0.000
06	  N	  0.1	  1.7	0.000	0.000	0.000
07	  Y	  0.1	  1.5	0.000	0.000	0.000
08	  P	  0.1	  0.3	0.000	0.000	0.000
09	  L	  0.1	  0.3	0.000	0.000	0.000
10	  D	  0.1	  9.5	0.000	0.000	0.000
11	  K	  0.1	 10.7	0.000	0.000	0.000
12	  N	  0.0	 11.5	0.000	0.000	0.000
13	  G	  0.0	 11.5	0.000	0.000	0.000
14	  N	  0.1	  2.3	0.000	0.000	0.000
15	  R	  1.7	  0.9	0.000	0.000	0.000
16	  Y	  1.7	  0.0	0.000	0.000	0.000
17	  Y	  1.6	  0.0	0.000	0.000	0.000
