res	aa	Beta	Turn	Helix	Aggregation	Conc-Stab_Aggregation
01	  L	  2.2	  0.0	0.000	0.000	0.000
02	  K	  2.8	  0.0	0.000	0.000	0.000
03	  C	  3.3	  0.1	0.000	0.000	0.000
04	  N	  1.2	  0.1	0.000	0.000	0.000
05	  K	  1.4	  0.1	0.000	0.000	0.000
06	  L	  1.0	  0.1	0.000	0.000	0.000
07	  V	  1.0	  0.2	0.000	0.000	0.000
08	  P	  0.1	  0.2	0.000	0.000	0.000
09	  L	  0.6	  0.2	0.000	0.000	0.000
10	  F	  1.8	  0.2	0.000	0.000	0.000
11	  Y	  2.2	  0.1	0.000	0.000	0.000
12	  K	  2.7	  0.1	0.000	0.000	0.000
13	  T	  1.8	  0.1	0.000	0.000	0.000
14	  C	  1.5	  0.7	0.000	0.000	0.000
15	  P	  0.4	  1.3	0.000	0.000	0.000
16	  A	  0.0	  1.5	0.000	0.000	0.000
17	  G	  0.0	  1.9	0.000	0.000	0.000
18	  K	  0.1	  1.3	0.000	0.000	0.000
19	  N	  0.1	  0.5	0.000	0.000	0.000
20	  L	  0.1	  0.3	0.000	0.000	0.000
