res	aa	Beta	Turn	Helix	Aggregation	Conc-Stab_Aggregation
01	  D	  1.1	  0.0	0.000	0.000	0.000
02	  C	 10.8	  0.0	0.000	0.000	0.000
03	  C	 11.5	  0.1	0.000	0.000	0.000
04	  H	 10.6	  0.1	0.000	0.000	0.000
05	  N	  1.4	  0.1	0.000	0.000	0.000
06	  T	  2.2	  0.1	0.000	0.000	0.000
07	  Q	  2.1	  0.1	0.000	0.000	0.000
08	  L	  1.8	  0.0	0.000	0.000	0.000
09	  P	  0.1	  0.0	0.000	0.000	0.000
10	  F	  0.7	  0.0	0.000	0.000	0.000
11	  I	  1.0	  0.0	0.000	0.000	0.000
12	  Y	  1.4	  0.1	0.000	0.000	0.000
13	  K	  1.9	  0.1	0.000	0.000	0.000
14	  T	  1.8	  0.1	0.000	0.000	0.000
15	  C	  1.4	  1.4	0.000	0.000	0.000
16	  P	  0.3	  2.3	0.000	0.000	0.000
17	  E	  0.0	  3.2	0.000	0.000	0.000
18	  G	  0.1	  3.2	0.000	0.000	0.000
19	  C	  0.8	  1.9	0.000	0.000	0.000
20	  N	  0.8	  0.9	0.000	0.000	0.000
21	  L	  0.7	  0.0	0.000	0.000	0.000
