res	aa	Beta	Turn	Helix	Aggregation	Conc-Stab_Aggregation
01	  V	  1.0	  0.0	0.000	0.000	0.000
02	  I	  1.1	  0.3	0.000	0.000	0.000
03	  G	  1.1	  1.0	0.000	0.000	0.000
04	  G	  0.1	  1.1	0.000	0.000	0.000
05	  D	  0.0	  1.2	0.337	0.000	0.000
06	  E	  0.9	  0.9	0.337	0.000	0.000
07	  C	  2.5	  0.2	0.337	0.000	0.000
08	  N	  4.1	  0.5	0.337	0.000	0.000
09	  I	  3.4	  0.4	0.337	0.000	0.000
10	  N	  1.8	  0.6	0.337	0.000	0.000
11	  E	  0.4	  0.6	0.125	0.000	0.000
12	  H	  0.9	  0.2	0.000	0.000	0.000
13	  R	  1.5	  0.2	0.000	0.000	0.000
14	  F	  2.3	  0.0	0.000	66.653	66.653
15	  L	  2.5	  0.0	0.000	66.653	66.653
16	  V	  3.1	  0.0	0.000	66.653	66.653
17	  A	  2.2	  0.0	0.000	66.653	66.653
18	  A	  1.3	  0.0	0.000	66.653	66.653
19	  Y	  0.1	  0.0	0.000	0.000	0.000
