res	aa	Beta	Turn	Helix	Aggregation	Conc-Stab_Aggregation
01	  F	  0.1	  0.0	0.000	0.000	0.000
02	  L	  0.2	  0.1	0.126	0.000	0.000
03	  P	  0.2	  0.1	0.632	0.000	0.000
04	  L	  0.9	  0.1	0.632	0.914	0.914
05	  L	  1.1	  0.1	0.632	0.914	0.914
06	  L	  1.2	  0.2	0.632	0.914	0.914
07	  A	  0.3	  0.2	0.632	0.914	0.914
08	  G	  0.1	  0.2	0.759	0.914	0.914
09	  L	  0.1	  0.3	0.377	0.000	0.000
10	  P	  0.0	  0.2	0.508	0.000	0.000
11	  K	  0.3	  0.2	0.508	0.000	0.000
12	  L	  1.4	  0.2	0.508	35.135	35.135
13	  L	  2.6	  0.0	0.508	40.266	40.266
14	  C	  2.8	  0.0	0.508	40.266	40.266
15	  L	  2.2	  0.0	0.508	40.266	40.266
16	  F	  2.3	  0.0	0.508	40.266	40.266
17	  F	  2.2	  0.1	0.351	34.738	34.738
18	  K	  1.8	  0.1	0.000	0.000	0.000
19	  K	  0.5	  0.1	0.000	0.000	0.000
20	  C	  0.1	  0.1	0.000	0.000	0.000
