res	aa	Beta	Turn	Helix	Aggregation	Conc-Stab_Aggregation
01	  G	  0.0	  0.0	0.126	0.000	0.000
02	  L	  0.4	  0.0	0.126	3.463	3.463
03	  F	  3.9	  0.0	0.126	3.618	3.618
04	  D	  4.9	  0.0	0.393	3.618	3.618
05	  V	  7.3	  0.0	0.393	3.618	3.618
06	  V	  4.3	  0.9	0.393	3.618	3.618
07	  K	  3.2	  0.9	0.393	3.618	3.618
08	  G	  0.5	  0.9	0.393	2.774	2.774
09	  V	  1.1	  0.9	0.266	2.774	2.774
10	  L	  1.2	  0.6	0.266	2.387	2.387
11	  K	  1.2	  0.7	0.266	0.000	0.000
12	  G	  0.1	  0.9	0.266	0.000	0.000
13	  V	  0.1	  1.2	0.000	0.000	0.000
14	  G	  0.1	  0.9	0.000	0.000	0.000
15	  K	  0.4	  0.8	0.000	0.000	0.000
16	  N	  0.7	  0.6	0.154	0.000	0.000
17	  V	  1.2	  0.5	0.154	0.527	0.527
18	  A	  0.9	  0.6	0.154	0.527	0.527
19	  G	  0.6	  0.7	1.005	0.527	0.527
20	  S	  0.2	  0.7	6.591	0.527	0.527
21	  L	  0.2	  0.5	7.127	0.527	0.527
22	  L	  0.3	  0.1	7.625	0.527	0.527
23	  E	  0.1	  0.1	7.934	0.000	0.000
24	  Q	  0.9	  0.1	7.934	0.000	0.000
25	  L	  2.8	  0.1	7.758	0.000	0.000
26	  K	  3.5	  0.0	7.469	0.000	0.000
27	  C	  3.2	  0.1	5.407	0.000	0.000
28	  K	  1.6	  0.2	3.727	0.000	0.000
29	  L	  1.0	  0.3	2.190	0.000	0.000
30	  S	  0.6	  0.5	1.813	0.000	0.000
31	  G	  0.2	  0.4	0.166	0.000	0.000
32	  G	  0.0	  0.3	0.000	0.000	0.000
33	  C	  0.0	  0.1	0.000	0.000	0.000
