res	aa	Beta	Turn	Helix	Aggregation	Conc-Stab_Aggregation
01	  F	  0.8	  0.0	0.000	0.000	0.000
02	  L	  0.9	  0.1	0.000	1.293	1.293
03	  I	  1.2	  0.1	0.000	1.293	1.293
04	  G	  0.4	  0.1	0.000	1.293	1.293
05	  M	  0.7	  0.2	0.000	1.293	1.293
06	  T	  0.5	  0.2	0.173	1.293	1.293
07	  Q	  0.4	  0.2	0.173	1.003	1.003
08	  G	  0.1	  0.2	0.644	4.274	4.274
09	  L	  0.9	  0.2	0.644	35.382	35.382
10	  I	  2.5	  0.0	0.644	36.453	36.453
11	  C	  3.4	  0.0	0.944	36.453	36.453
12	  L	  2.9	  0.0	0.944	36.453	36.453
13	  I	  5.2	  0.0	0.944	35.862	35.862
14	  T	  5.3	  0.1	0.944	7.956	7.956
15	  R	  4.9	  0.1	0.944	0.000	0.000
16	  K	  1.1	  0.1	0.944	0.000	0.000
17	  C	  0.0	  0.1	0.000	0.000	0.000
