res	aa	Beta	Turn	Helix	Aggregation	Conc-Stab_Aggregation
01	  G	  0.0	  0.0	0.000	0.000	0.000
02	  G	  0.0	  0.3	0.000	0.000	0.000
03	  V	  0.1	  0.4	0.000	0.000	0.000
04	  G	  0.1	  0.4	0.000	0.000	0.000
05	  R	  2.3	  0.4	0.000	0.000	0.000
06	  C	  3.0	  0.2	0.000	0.000	0.000
07	  I	  3.2	  0.1	0.000	0.000	0.000
08	  Y	  8.3	  0.1	0.000	0.000	0.000
09	  N	  7.6	  0.1	0.000	0.000	0.000
10	  C	  9.2	  0.3	0.000	0.000	0.000
11	  M	  2.4	  0.3	0.000	0.000	0.000
12	  N	  2.3	  0.7	0.000	0.000	0.000
13	  S	  0.5	  1.0	0.000	0.000	0.000
14	  G	  0.0	  1.0	0.000	0.000	0.000
15	  G	  0.0	  0.9	0.000	0.000	0.000
16	  G	  0.1	  0.7	0.000	0.189	0.189
17	  L	  1.9	  0.4	0.000	0.189	0.189
18	  N	  2.7	  0.2	0.000	0.189	0.189
19	  F	  3.0	  0.2	0.000	0.189	0.189
20	  I	  2.0	  0.0	0.000	0.189	0.189
21	  Q	  1.5	  0.0	0.000	0.000	0.000
22	  C	  1.1	  0.2	0.000	0.000	0.000
23	  K	  0.7	  0.2	0.000	0.000	0.000
24	  T	  1.7	  0.1	0.000	0.000	0.000
25	  M	  2.9	  0.1	0.000	0.000	0.000
26	  C	  2.7	  0.0	0.000	0.000	0.000
27	  Y	  1.3	  0.0	0.000	0.000	0.000
