res	aa	Beta	Turn	Helix	Aggregation	Conc-Stab_Aggregation
01	  R	  2.5	  0.1	0.000	0.000	0.000
02	  W	  4.6	  0.1	0.000	0.000	0.000
03	  D	  5.2	  0.7	0.000	0.000	0.000
04	  V	  3.8	  0.7	0.000	0.000	0.000
05	  D	  1.8	  0.6	0.388	0.000	0.000
06	  Q	  1.5	  0.6	0.388	0.078	0.078
07	  C	  1.2	  0.1	0.529	3.780	3.780
08	  I	  2.0	  0.0	0.529	28.913	28.913
09	  Y	  6.1	  0.0	0.529	29.724	29.724
10	  Y	  7.4	  0.0	0.529	29.886	29.886
11	  C	  8.1	  0.6	0.412	29.886	29.886
12	  L	  3.8	  4.5	0.412	29.686	29.686
13	  N	  1.7	  4.4	0.412	14.730	14.730
14	  G	  0.1	  4.4	0.315	14.399	14.399
15	  V	  0.9	  4.0	0.000	15.507	15.507
16	  V	  1.0	  0.1	0.000	14.852	14.852
17	  G	  1.0	  0.1	0.000	6.040	6.040
18	  Y	  6.5	  0.1	0.000	5.324	5.324
19	  S	 13.6	  0.0	0.000	2.187	2.187
20	  Y	 14.6	  0.0	0.000	1.575	1.575
21	  T	  8.9	  0.1	0.000	0.584	0.584
22	  E	  1.6	  0.1	0.000	0.000	0.000
23	  C	  0.7	  0.2	0.000	0.000	0.000
24	  Q	  0.7	  0.1	0.000	0.000	0.000
25	  T	  1.7	  0.1	0.000	0.000	0.000
26	  M	  1.9	  0.1	0.000	0.000	0.000
27	  C	  1.7	  0.0	0.000	0.000	0.000
28	  T	  0.3	  0.0	0.000	0.000	0.000
