res	aa	Beta	Turn	Helix	Aggregation	Conc-Stab_Aggregation
01	  A	  0.7	  0.0	0.000	0.000	0.000
02	  I	  2.8	  0.0	0.000	0.000	0.000
03	  I	  2.9	  0.0	0.000	0.000	0.000
04	  G	  2.2	  0.0	0.000	0.000	0.000
05	  A	  0.2	  0.1	0.000	0.000	0.000
06	  P	  0.0	  0.1	0.000	0.000	0.000
07	  C	  1.1	  0.2	0.000	0.000	0.000
08	  R	  1.1	  0.3	0.000	0.000	0.000
09	  R	  3.5	  0.2	0.000	0.000	0.000
10	  C	  4.9	  0.2	0.000	0.000	0.000
11	  Y	  5.3	  0.1	0.000	0.000	0.000
12	  H	  3.0	  2.0	0.000	0.000	0.000
13	  S	  0.5	  2.6	0.000	0.000	0.000
14	  D	  0.0	  2.8	0.000	0.000	0.000
15	  G	  0.0	  3.2	0.000	0.000	0.000
16	  K	  0.0	  1.6	0.000	0.000	0.000
17	  G	  0.0	  1.0	0.000	0.000	0.000
18	  G	  0.0	  0.8	0.000	0.000	0.000
19	  C	  1.4	  0.4	0.000	0.000	0.000
20	  V	  2.1	  0.3	0.000	0.000	0.000
21	  R	  2.2	  0.2	0.000	0.000	0.000
22	  D	  1.2	  0.9	0.000	0.000	0.000
23	  W	 12.1	  1.0	0.000	0.000	0.000
24	  S	 13.0	  0.8	0.000	0.000	0.000
25	  C	 12.9	  0.8	0.000	0.000	0.000
26	  G	  1.4	  0.1	0.000	0.000	0.000
27	  Q	  0.2	  0.0	0.000	0.000	0.000
28	  Q	  0.0	  0.0	0.000	0.000	0.000
