res	aa	Beta	Turn	Helix	Aggregation	Conc-Stab_Aggregation
01	  G	  0.0	  0.0	0.000	0.000	0.000
02	  L	  0.1	  0.1	0.000	4.830	4.830
03	  L	  0.1	  0.3	0.000	5.109	5.109
04	  G	  0.1	  0.3	0.000	5.109	5.109
05	  S	  0.3	  0.3	0.000	5.109	5.109
06	  I	  1.3	  0.2	0.000	5.109	5.109
07	  F	  1.4	  0.9	0.000	4.799	4.799
08	  G	  1.2	  1.7	0.124	0.494	0.494
09	  A	  0.2	  1.7	0.124	0.130	0.130
10	  G	  0.0	  1.8	0.124	0.000	0.000
11	  K	  0.2	  0.9	0.124	0.000	0.000
12	  K	  1.5	  0.1	0.124	0.000	0.000
13	  I	  2.7	  0.1	0.124	0.334	0.334
14	  A	  2.6	  0.0	0.124	0.334	0.334
15	  C	  1.9	  0.0	0.124	0.334	0.334
16	  A	  1.0	  0.2	0.000	0.334	0.334
17	  L	  1.0	  0.3	0.000	0.334	0.334
18	  S	  0.4	  0.3	0.000	0.160	0.160
19	  G	  0.2	  0.3	0.000	0.160	0.160
20	  L	  0.0	  0.2	0.000	0.160	0.160
21	  C	  0.0	  0.1	0.000	0.000	0.000
