res	aa	Beta	Turn	Helix	Aggregation	Conc-Stab_Aggregation
01	  F	  0.8	  0.0	0.000	0.000	0.000
02	  M	  0.8	  0.2	0.000	0.000	0.000
03	  G	  0.8	  0.2	0.000	0.000	0.000
04	  G	  0.1	  0.2	0.158	0.000	0.000
05	  L	  0.4	  0.2	0.158	0.000	0.000
06	  I	  1.9	  0.0	0.158	0.000	0.000
07	  K	  2.0	  0.0	0.158	0.000	0.000
08	  A	  1.7	  0.0	0.158	0.000	0.000
09	  A	  0.4	  0.0	0.158	0.000	0.000
10	  T	  0.8	  0.0	0.000	0.000	0.000
11	  K	  0.9	  0.0	0.000	0.000	0.000
12	  A	  0.7	  0.0	0.000	0.000	0.000
13	  L	  0.2	  0.0	0.000	0.000	0.000
14	  P	  0.0	  0.0	0.223	0.000	0.000
15	  A	  0.1	  0.0	0.223	1.136	1.136
16	  A	  0.3	  0.0	0.223	2.286	2.286
17	  F	  3.0	  0.0	0.223	2.561	2.561
18	  C	  3.6	  0.0	0.566	2.561	2.561
19	  A	  3.8	  0.0	0.566	2.561	2.561
20	  I	  3.5	  0.0	0.566	2.401	2.401
21	  T	  3.7	  0.1	0.566	0.706	0.706
22	  K	  3.4	  0.1	0.566	0.000	0.000
23	  K	  1.1	  0.1	0.566	0.000	0.000
24	  C	  0.1	  0.1	0.000	0.000	0.000
