res	aa	Beta	Turn	Helix	Aggregation	Conc-Stab_Aggregation
01	  I	  0.0	  0.0	0.000	0.000	0.000
02	  D	  0.0	  0.0	0.000	0.000	0.000
03	  P	  0.0	  0.3	0.000	0.000	0.000
04	  P	  0.0	  0.3	0.000	0.000	0.000
05	  R	  0.1	  0.3	0.000	0.000	0.000
06	  Y	  1.8	  0.3	0.000	0.000	0.000
07	  C	  2.1	  0.1	0.000	0.000	0.000
08	  N	  2.5	  0.1	0.000	0.000	0.000
09	  H	 10.1	  0.1	0.000	0.000	0.000
10	  I	 11.5	  0.0	0.000	0.000	0.000
11	  I	 12.1	  0.0	0.000	0.000	0.000
12	  C	  6.4	  0.0	0.000	0.000	0.000
13	  Y	  5.2	  0.3	0.000	0.000	0.000
14	  E	  4.1	  0.3	0.000	0.000	0.000
15	  D	  0.7	  0.6	0.000	0.000	0.000
16	  S	  0.1	  0.6	0.000	0.000	0.000
17	  E	  0.6	  0.4	0.000	0.000	0.000
18	  C	  2.3	  0.5	0.000	0.000	0.000
19	  S	  2.6	  0.2	0.000	0.000	0.000
20	  Q	  3.4	  0.1	0.000	0.000	0.000
21	  W	  2.3	  0.1	0.000	0.000	0.000
22	  C	  7.7	  0.0	0.000	0.000	0.000
23	  T	  6.4	  0.7	0.000	0.000	0.000
24	  A	  5.8	  1.2	0.000	0.000	0.000
25	  G	  0.2	  1.3	0.000	0.000	0.000
26	  C	  0.6	  1.3	0.000	0.000	0.000
27	  N	  0.8	  0.6	0.288	0.000	0.000
28	  S	  3.6	  0.1	0.288	0.000	0.000
29	  I	  5.6	  0.1	0.288	0.000	0.000
30	  T	  6.5	  0.1	0.288	0.000	0.000
31	  S	  4.2	  0.2	0.288	0.000	0.000
32	  K	  2.3	  0.3	0.288	0.000	0.000
33	  C	  1.2	  0.3	0.000	0.000	0.000
34	  D	  0.6	  0.2	0.000	0.000	0.000
35	  T	  0.1	  0.1	0.000	0.000	0.000
