res	aa	Beta	Turn	Helix	Aggregation	Conc-Stab_Aggregation
01	  M	  0.9	  0.0	0.000	0.000	0.000
02	  E	  1.0	  0.0	0.271	0.531	0.531
03	  F	  3.5	  0.0	0.392	0.531	0.531
04	  V	  3.4	  0.0	0.516	0.531	0.531
05	  A	  3.5	  0.0	0.516	0.531	0.531
06	  K	  1.2	  0.0	0.516	0.531	0.531
07	  L	  0.7	  0.0	0.516	0.531	0.531
08	  F	  1.7	  0.0	0.623	0.531	0.531
09	  K	  1.8	  0.0	0.231	0.000	0.000
10	  F	  2.9	  0.0	0.231	0.000	0.000
11	  F	  2.0	  0.7	0.231	0.000	0.000
12	  K	  1.7	  0.7	0.231	0.000	0.000
13	  D	  0.5	  0.9	0.231	0.000	0.000
14	  L	  0.1	  1.0	0.231	0.000	0.000
15	  L	  0.1	  0.7	0.231	0.000	0.000
16	  G	  0.1	  0.6	0.231	0.000	0.000
17	  K	  0.3	  0.5	0.000	0.000	0.000
18	  F	  0.6	  0.3	0.000	0.000	0.000
19	  L	  0.6	  1.6	0.000	0.000	0.000
20	  G	  0.4	  1.6	0.000	0.000	0.000
21	  N	  0.0	  1.6	0.000	0.000	0.000
22	  N	  0.0	  1.6	0.000	0.000	0.000
