res	aa	Beta	Turn	Helix	Aggregation	Conc-Stab_Aggregation
01	  E	  0.0	  0.0	0.000	0.000	0.000
02	  Q	  0.3	  0.0	0.000	0.000	0.000
03	  L	  0.6	  0.0	0.000	0.000	0.000
04	  I	  1.0	  0.0	0.000	0.000	0.000
05	  K	  0.8	  0.4	0.000	0.000	0.000
06	  K	  0.6	  0.4	0.000	0.000	0.000
07	  D	  0.4	  0.4	0.000	0.000	0.000
08	  V	  2.3	  0.4	0.000	0.000	0.000
09	  A	  2.2	  0.0	0.000	0.000	0.000
10	  H	  2.2	  0.7	0.000	0.000	0.000
11	  K	  0.4	  0.7	0.000	0.000	0.000
12	  D	  0.3	  0.8	0.000	0.000	0.000
13	  A	  0.3	  0.8	0.000	0.000	0.000
14	  F	  0.9	  0.3	0.000	0.000	0.000
15	  A	  0.9	  0.8	0.000	0.000	0.000
16	  A	  0.7	  1.0	0.000	0.000	0.000
17	  G	  0.1	  1.0	0.000	0.000	0.000
18	  S	  0.0	  0.8	0.000	0.000	0.000
19	  E	  0.0	  0.3	0.000	0.000	0.000
