res	aa	Beta	Turn	Helix	Aggregation	Conc-Stab_Aggregation
01	  G	  0.0	  0.0	0.218	0.000	0.000
02	  A	  0.5	  0.0	0.341	0.000	0.000
03	  I	  0.7	  0.2	0.341	0.000	0.000
04	  K	  0.7	  0.2	0.341	0.000	0.000
05	  D	  0.3	  0.3	0.473	0.000	0.000
06	  A	  0.2	  0.3	0.473	0.000	0.000
07	  L	  0.3	  0.6	0.473	0.000	0.000
08	  K	  0.3	  0.6	0.473	0.000	0.000
09	  G	  0.1	  0.4	0.132	0.000	0.000
10	  A	  0.1	  0.4	0.132	0.000	0.000
11	  A	  0.1	  0.1	0.000	0.000	0.000
12	  K	  0.8	  0.1	0.097	0.000	0.000
13	  T	  4.2	  0.1	3.433	0.000	0.000
14	  V	 10.3	  0.1	3.955	0.000	0.000
15	  A	  9.8	  0.0	5.358	0.000	0.000
16	  V	 10.2	  0.0	5.893	0.000	0.000
17	  E	  4.1	  0.0	6.490	0.000	0.000
18	  L	  4.0	  0.0	6.600	0.000	0.000
19	  L	  0.3	  0.1	6.600	0.000	0.000
20	  K	  0.3	  0.1	6.352	0.000	0.000
21	  K	  0.3	  0.2	5.178	0.000	0.000
22	  A	  0.3	  0.2	3.146	0.000	0.000
23	  Q	  0.6	  0.1	2.564	0.000	0.000
24	  C	  1.0	  0.2	0.634	0.000	0.000
25	  K	  2.4	  0.1	0.137	0.000	0.000
26	  L	  2.1	  0.1	0.000	0.000	0.000
27	  E	  1.9	  0.2	0.000	0.000	0.000
28	  K	  1.0	  0.1	0.000	0.000	0.000
29	  T	  0.9	  0.1	0.000	0.000	0.000
30	  C	  0.6	  0.1	0.000	0.000	0.000
