res	aa	Beta	Turn	Helix	Aggregation	Conc-Stab_Aggregation
01	  A	  0.0	  0.1	0.000	0.000	0.000
02	  K	  0.3	  0.1	0.000	0.000	0.000
03	  E	  0.3	  0.1	0.000	0.000	0.000
04	  K	  0.7	  0.1	0.000	0.000	0.000
05	  E	  4.5	  0.1	0.000	0.000	0.000
06	  V	 11.9	  0.0	0.000	0.000	0.000
07	  T	 29.3	  0.0	0.000	0.000	0.000
08	  F	 26.5	  0.2	0.000	0.000	0.000
09	  Q	 19.4	  0.3	0.000	0.000	0.000
10	  S	  1.4	  0.3	0.000	0.000	0.000
11	  G	  0.0	  0.4	0.000	0.000	0.000
12	  G	  0.0	  0.2	0.000	0.000	0.000
13	  P	  0.0	  0.1	0.000	0.000	0.000
14	  T	  0.0	  0.1	0.000	0.000	0.000
