res	aa	Beta	Turn	Helix	Aggregation	Conc-Stab_Aggregation
01	  L	  2.8	  0.0	0.000	0.000	0.000
02	  K	  3.0	  0.0	0.000	0.000	0.000
03	  V	  3.0	  0.5	0.000	0.000	0.000
04	  P	  0.2	  0.5	0.000	0.000	0.000
05	  D	  0.0	  0.5	0.000	0.000	0.000
06	  L	  0.1	  0.5	0.000	0.000	0.000
07	  P	  0.1	  0.0	0.000	0.000	0.000
08	  L	  0.0	  0.2	0.000	0.000	0.000
09	  P	  0.0	  0.2	0.708	0.000	0.000
10	  E	  0.1	  0.2	0.708	0.000	0.000
11	  A	  0.2	  0.2	0.708	0.323	0.323
12	  Y	  0.9	  0.0	0.708	0.703	0.703
13	  A	  0.9	  0.0	0.708	0.703	0.703
14	  A	  0.9	  0.0	0.708	0.703	0.703
15	  A	  0.2	  0.0	0.565	0.703	0.703
16	  L	  0.2	  0.0	0.398	0.703	0.703
17	  N	  0.1	  0.0	0.220	0.000	0.000
