res	aa	Beta	Turn	Helix	Aggregation	Conc-Stab_Aggregation
01	  G	  0.0	  0.0	0.000	0.000	0.000
02	  L	  7.7	  0.0	0.000	0.000	0.000
03	  C	  8.7	  0.0	0.000	0.000	0.000
04	  C	  8.7	  0.2	0.000	0.000	0.000
05	  P	  1.0	  0.2	0.000	0.000	0.000
06	  M	  1.2	  0.2	0.000	0.000	0.000
07	  R	  1.9	  0.2	0.000	0.000	0.000
08	  W	  2.8	  0.1	0.000	0.000	0.000
09	  S	  2.5	  0.9	0.000	0.000	0.000
10	  S	  1.9	  1.2	0.000	0.000	0.000
11	  S	  1.0	  1.2	0.000	0.000	0.000
12	  E	  0.1	  1.1	0.000	0.000	0.000
13	  G	  0.0	  0.3	0.000	0.000	0.000
