res	aa	Beta	Turn	Helix	Aggregation	Conc-Stab_Aggregation
01	  F	  0.8	  0.0	0.000	0.000	0.000
02	  M	  0.8	  0.2	0.000	0.000	0.000
03	  G	  0.8	  0.2	0.000	0.000	0.000
04	  G	  0.1	  0.2	0.153	0.000	0.000
05	  L	  0.4	  0.2	0.153	0.000	0.000
06	  I	  1.9	  0.0	0.153	0.000	0.000
07	  K	  2.0	  0.0	0.153	0.000	0.000
08	  A	  1.7	  0.0	0.153	0.000	0.000
09	  A	  0.4	  0.0	0.153	0.000	0.000
10	  T	  1.1	  0.0	0.000	0.000	0.000
11	  K	  3.5	  0.0	0.000	0.000	0.000
12	  I	  3.9	  0.0	0.000	0.000	0.000
13	  V	  3.1	  0.0	0.000	0.000	0.000
14	  P	  0.6	  0.0	0.149	0.000	0.000
15	  A	  0.1	  0.0	0.149	0.234	0.234
16	  A	  0.3	  0.0	0.149	0.510	0.510
17	  Y	  3.0	  0.0	0.149	0.510	0.510
18	  C	  3.6	  0.0	0.493	0.510	0.510
19	  A	  3.8	  0.0	0.493	0.510	0.510
20	  I	  3.5	  0.0	0.493	0.510	0.510
21	  T	  3.7	  0.1	0.493	0.000	0.000
22	  K	  3.4	  0.1	0.493	0.000	0.000
23	  K	  1.1	  0.1	0.493	0.000	0.000
24	  C	  0.1	  0.1	0.000	0.000	0.000
