res	aa	Beta	Turn	Helix	Aggregation	Conc-Stab_Aggregation
01	  G	  0.0	  0.4	0.000	0.000	0.000
02	  E	  0.0	  0.4	0.000	0.000	0.000
03	  D	  0.0	  0.6	0.000	0.000	0.000
04	  E	  0.4	  0.6	0.000	0.000	0.000
05	  Y	  0.7	  0.5	0.000	0.000	0.000
06	  A	  0.7	  0.7	0.310	0.000	0.000
07	  E	  0.3	  0.6	0.310	0.000	0.000
08	  G	  0.1	  0.6	0.844	0.000	0.000
09	  I	  0.4	  0.4	0.987	0.000	0.000
10	  R	  0.6	  0.1	1.384	0.000	0.000
11	  E	  1.7	  0.1	1.509	0.000	0.000
12	  Y	  4.6	  0.1	1.509	0.000	0.000
13	  Q	  4.7	  0.0	1.356	0.000	0.000
14	  L	  3.9	  0.0	1.248	0.000	0.000
15	  I	  2.0	  2.3	1.248	0.000	0.000
16	  H	  1.8	  2.3	1.248	0.000	0.000
17	  G	  1.3	  2.3	0.224	0.000	0.000
18	  K	  0.1	  2.3	0.000	0.000	0.000
19	  I	  0.0	  0.1	0.000	0.000	0.000
