res	aa	Beta	Turn	Helix	Aggregation	Conc-Stab_Aggregation
01	  G	  0.0	  0.0	0.000	0.000	0.000
02	  E	  0.0	  0.0	0.000	0.000	0.000
03	  P	  0.0	  0.0	0.144	0.000	0.000
04	  E	  1.6	  0.0	0.261	0.000	0.000
05	  V	  2.4	  0.0	0.261	0.000	0.000
06	  A	  2.5	  0.0	0.261	0.000	0.000
07	  K	  1.2	  0.0	0.261	0.000	0.000
08	  W	  0.7	  0.2	0.261	0.000	0.000
09	  A	  0.6	  0.5	0.236	0.000	0.000
10	  E	  0.2	  0.5	0.236	0.000	0.000
11	  G	  0.0	  0.5	0.623	0.000	0.000
12	  L	  0.1	  0.3	0.623	0.000	0.000
13	  R	  0.1	  0.2	0.623	0.000	0.000
14	  E	  0.2	  0.1	0.623	0.000	0.000
15	  K	  0.3	  0.1	0.623	0.000	0.000
16	  A	  0.3	  0.3	0.504	0.000	0.000
17	  A	  0.3	  0.2	0.349	0.000	0.000
18	  S	  0.2	  0.2	0.164	0.000	0.000
19	  N	  0.1	  0.2	0.000	0.000	0.000
