res	aa	Beta	Turn	Helix	Aggregation	Conc-Stab_Aggregation
01	  G	  0.0	  0.0	0.198	0.000	0.000
02	  L	  0.3	  0.1	0.198	0.000	0.000
03	  L	  0.5	  0.1	0.198	0.000	0.000
04	  D	  0.6	  0.2	0.441	0.000	0.000
05	  T	  3.3	  0.2	0.441	0.000	0.000
06	  L	  3.2	  0.3	0.441	0.000	0.000
07	  K	  3.3	  0.2	0.441	0.000	0.000
08	  N	  0.3	  0.2	0.755	0.000	0.000
09	  M	  0.5	  0.2	0.755	0.000	0.000
10	  A	  0.7	  0.0	0.679	0.000	0.000
11	  I	  1.7	  0.0	0.679	0.000	0.000
12	  N	  1.3	  0.0	0.895	0.000	0.000
13	  A	  1.1	  0.2	0.895	0.000	0.000
14	  A	  0.1	  0.7	0.895	0.000	0.000
15	  K	  0.1	  0.9	0.698	0.000	0.000
16	  G	  0.0	  1.6	0.216	0.000	0.000
17	  A	  0.0	  1.5	0.216	0.000	0.000
18	  G	  0.0	  1.1	0.000	0.000	0.000
19	  Q	  0.3	  0.9	0.000	0.000	0.000
20	  S	  0.8	  0.2	0.000	0.000	0.000
21	  V	  3.7	  0.1	0.000	0.598	0.598
22	  L	  3.7	  0.0	0.000	0.598	0.598
23	  N	  3.2	  0.1	0.341	0.598	0.598
24	  T	  5.9	  0.1	0.648	0.598	0.598
25	  L	 11.0	  0.1	0.648	0.598	0.598
26	  S	 12.2	  0.0	0.755	0.000	0.000
27	  C	  7.7	  0.1	0.755	0.000	0.000
28	  K	  2.1	  0.1	0.755	0.000	0.000
29	  L	  1.1	  0.1	0.562	0.000	0.000
30	  S	  1.2	  0.3	0.562	0.000	0.000
31	  K	  1.4	  0.2	0.203	0.000	0.000
32	  T	  1.2	  0.2	0.000	0.000	0.000
33	  C	  0.6	  0.2	0.000	0.000	0.000
