res	aa	Beta	Turn	Helix	Aggregation	Conc-Stab_Aggregation
01	  A	  0.5	  0.0	0.000	0.000	0.000
02	  V	  4.5	  0.0	0.000	0.000	0.000
03	  Q	  5.0	  0.0	0.000	0.000	0.000
04	  L	  4.6	  0.0	0.000	0.000	0.000
05	  L	  2.2	  0.0	0.000	0.000	0.000
06	  E	 10.4	  0.0	0.000	0.000	0.000
07	  V	 10.6	  0.0	0.000	0.000	0.000
08	  N	  9.1	  0.2	0.956	0.000	0.000
09	  P	  0.2	  0.2	0.956	0.000	0.000
10	  E	  0.7	  0.2	0.956	0.000	0.000
11	  I	  1.6	  0.2	0.956	0.000	0.000
12	  A	  1.6	  0.2	0.956	0.000	0.000
13	  Q	  1.1	  0.2	0.956	0.000	0.000
14	  N	  0.2	  0.2	0.602	0.000	0.000
15	  S	  0.2	  0.2	0.000	0.000	0.000
