res	aa	Beta	Turn	Helix	Aggregation	Conc-Stab_Aggregation
01	  R	  0.5	  0.0	0.000	0.000	0.000
02	  C	  3.2	  0.1	0.000	0.000	0.000
03	  C	  3.5	  0.5	0.000	0.000	0.000
04	  T	  3.1	  0.6	0.000	0.000	0.000
05	  G	  0.4	  0.8	0.000	0.000	0.000
06	  K	  0.1	  1.0	0.000	0.000	0.000
07	  K	  0.0	  0.8	0.000	0.000	0.000
08	  G	  0.1	  0.8	0.000	0.000	0.000
09	  S	 20.3	  1.2	0.000	0.000	0.000
10	  C	 20.5	  1.4	0.000	0.000	0.000
11	  S	 20.6	  1.4	0.000	0.000	0.000
12	  G	  0.5	  1.4	0.143	0.000	0.000
13	  R	  0.1	  0.8	0.143	0.000	0.000
14	  A	  0.1	  0.3	0.143	0.000	0.000
15	  C	  0.3	  0.4	0.143	0.000	0.000
16	  K	  0.3	  0.4	0.143	0.000	0.000
17	  N	  0.5	  0.4	0.143	0.000	0.000
18	  L	  2.0	  0.4	0.000	0.000	0.000
19	  K	  4.5	  0.0	0.000	0.000	0.000
20	  C	 25.1	  0.0	0.000	0.000	0.000
21	  C	 23.4	  0.0	0.000	0.000	0.000
22	  A	 20.9	  0.0	0.000	0.000	0.000
