res	aa	Beta	Turn	Helix	Aggregation	Conc-Stab_Aggregation
01	  E	  0.0	  0.0	0.000	0.000	0.000
02	  Q	  0.3	  0.0	0.000	0.000	0.000
03	  L	  0.5	  0.0	0.000	0.000	0.000
04	  I	  1.2	  0.0	0.000	0.000	0.000
05	  R	  1.3	  0.5	0.000	0.000	0.000
06	  K	  1.4	  0.5	0.000	0.000	0.000
07	  D	  0.8	  0.5	0.000	0.000	0.000
08	  V	  2.3	  0.4	0.000	0.000	0.000
09	  A	  2.2	  0.0	0.000	0.000	0.000
10	  H	  2.1	  0.2	0.000	0.000	0.000
11	  A	  0.3	  0.2	0.000	0.000	0.000
12	  E	  0.3	  0.2	0.000	0.000	0.000
13	  A	  0.3	  0.2	0.000	0.203	0.203
14	  F	  0.9	  0.0	0.000	0.203	0.203
15	  A	  0.9	  0.0	0.000	0.203	0.203
16	  A	  0.8	  0.0	0.000	0.203	0.203
17	  A	  0.1	  0.0	0.000	0.203	0.203
18	  S	  0.1	  0.0	0.000	0.000	0.000
