res	aa	Beta	Turn	Helix	Aggregation	Conc-Stab_Aggregation
01	  F	  0.1	  0.0	0.000	0.000	0.000
02	  L	  0.1	  0.0	0.000	0.000	0.000
03	  P	  0.1	  0.0	0.289	0.000	0.000
04	  A	  0.8	  0.0	0.289	0.000	0.000
05	  V	  2.7	  0.0	0.289	0.000	0.000
06	  L	  4.7	  0.0	0.443	0.000	0.000
07	  R	  4.9	  0.0	0.443	0.000	0.000
08	  V	  4.2	  0.0	0.443	0.117	0.117
09	  A	  2.1	  0.0	0.443	0.117	0.117
10	  A	  1.3	  0.0	0.443	0.117	0.117
11	  Q	  1.2	  0.0	0.443	0.117	0.117
12	  V	  1.6	  0.0	0.000	0.117	0.117
13	  V	  1.5	  0.0	0.000	0.000	0.000
14	  P	  0.5	  0.0	0.000	0.000	0.000
15	  T	  5.6	  0.0	0.000	8.226	8.226
16	  V	  9.2	  0.0	0.000	19.627	19.627
17	  F	 11.7	  0.0	0.000	19.627	19.627
18	  C	  7.0	  0.0	0.231	19.627	19.627
19	  A	  3.6	  0.0	0.231	19.627	19.627
20	  I	  1.6	  0.0	0.231	18.283	18.283
21	  S	  1.0	  0.2	0.231	0.920	0.920
22	  K	  0.8	  0.2	0.231	0.000	0.000
23	  K	  0.2	  0.2	0.231	0.000	0.000
24	  C	  0.1	  0.1	0.000	0.000	0.000
