res	aa	Beta	Turn	Helix	Aggregation	Conc-Stab_Aggregation
01	  G	  0.0	  0.0	0.000	0.000	0.000
02	  L	  0.3	  0.1	0.000	0.000	0.000
03	  L	  0.6	  0.3	0.000	0.000	0.000
04	  D	  1.2	  0.3	0.000	0.000	0.000
05	  S	  2.4	  0.3	0.000	0.000	0.000
06	  F	  2.6	  0.5	0.000	0.000	0.000
07	  K	  2.1	  0.3	0.000	0.000	0.000
08	  N	  0.6	  0.3	0.000	0.000	0.000
09	  A	  0.4	  0.3	0.000	0.267	0.267
10	  M	  0.5	  0.0	0.000	0.608	0.608
11	  I	  0.7	  0.1	0.000	0.608	0.608
12	  G	  0.9	  0.1	0.000	0.608	0.608
13	  I	  1.3	  0.1	0.000	0.608	0.608
14	  A	  1.1	  0.2	0.000	0.463	0.463
15	  K	  1.0	  0.2	0.000	0.000	0.000
16	  S	  0.6	  1.2	0.000	0.000	0.000
17	  A	  0.5	  1.4	0.000	0.000	0.000
18	  G	  0.2	  1.4	0.483	0.000	0.000
19	  K	  0.4	  1.3	0.483	0.000	0.000
20	  T	  0.8	  0.4	0.483	0.000	0.000
21	  A	  0.9	  0.1	0.483	0.000	0.000
22	  L	  0.7	  0.0	0.483	0.000	0.000
23	  N	  0.4	  0.0	0.856	0.000	0.000
24	  K	  1.6	  0.0	0.698	0.000	0.000
25	  I	  2.6	  0.0	0.373	0.000	0.000
26	  A	  2.6	  0.0	0.373	0.000	0.000
27	  C	  1.9	  0.0	0.373	0.000	0.000
28	  K	  1.9	  0.0	0.373	0.000	0.000
29	  I	  2.1	  0.0	0.000	0.000	0.000
30	  D	  1.5	  0.4	0.000	0.000	0.000
31	  K	  0.8	  0.4	0.000	0.000	0.000
32	  T	  0.6	  0.4	0.000	0.000	0.000
33	  C	  0.6	  0.4	0.000	0.000	0.000
