res	aa	Beta	Turn	Helix	Aggregation	Conc-Stab_Aggregation
01	  F	  0.2	  0.0	0.000	0.000	0.000
02	  H	  0.2	  0.9	0.000	0.000	0.000
03	  P	  0.2	  0.9	0.000	0.000	0.000
04	  S	  0.2	  0.9	0.000	9.717	9.717
05	  L	  0.7	  0.9	0.000	21.170	21.170
06	  W	  1.6	  0.0	0.000	22.099	22.099
07	  V	  6.2	  0.0	0.000	22.099	22.099
08	  L	  5.9	  0.0	0.000	22.099	22.099
09	  I	  5.0	  0.3	0.466	13.557	13.557
10	  P	  0.1	  0.3	0.590	6.838	6.838
11	  Q	  0.5	  0.3	0.715	0.000	0.000
12	  Y	  0.9	  0.3	1.100	1.205	1.205
13	  I	  2.3	  0.0	1.572	1.205	1.205
14	  Q	  2.1	  0.0	2.121	1.205	1.205
15	  L	  1.8	  0.0	2.121	1.205	1.205
16	  I	  1.1	  0.0	2.121	1.205	1.205
17	  R	  1.5	  0.0	2.121	0.000	0.000
18	  K	  1.9	  0.0	2.121	0.000	0.000
19	  I	  1.9	  0.0	1.899	0.000	0.000
20	  L	  1.7	  0.3	1.899	0.000	0.000
21	  K	  1.2	  0.3	1.899	0.000	0.000
22	  S	  0.4	  0.3	1.201	0.000	0.000
23	  G	  0.1	  0.3	0.000	0.000	0.000
