res	aa	Beta	Turn	Helix	Aggregation	Conc-Stab_Aggregation
01	  D	  0.0	  0.0	0.000	0.000	0.000
02	  E	  0.0	  0.1	0.223	0.000	0.000
03	  P	  0.0	  0.1	0.690	0.000	0.000
04	  E	  0.3	  0.1	1.718	0.000	0.000
05	  Y	  0.6	  0.1	3.302	0.000	0.000
06	  A	  0.7	  0.0	5.605	0.000	0.000
07	  E	  0.4	  0.0	7.153	0.000	0.000
08	  A	  0.4	  0.0	7.825	0.000	0.000
09	  I	  0.7	  0.1	8.331	0.000	0.000
10	  R	  0.8	  0.0	9.363	0.000	0.000
11	  E	  1.6	  0.0	9.912	0.000	0.000
12	  Y	  4.3	  0.1	9.793	0.000	0.000
13	  Q	  5.0	  0.0	9.009	0.000	0.000
14	  L	  4.5	  0.1	8.591	0.000	0.000
15	  K	  1.8	  0.3	8.591	0.000	0.000
16	  Y	  1.0	  0.6	7.927	0.000	0.000
17	  G	  0.3	  0.6	5.986	0.000	0.000
18	  K	  0.1	  0.4	0.105	0.000	0.000
19	  I	  0.0	  0.3	0.000	0.000	0.000
