res	aa	Beta	Turn	Helix	Aggregation	Conc-Stab_Aggregation
01	  L	  2.8	  0.0	0.000	0.000	0.000
02	  K	  3.0	  0.0	0.000	0.000	0.000
03	  V	  3.0	  0.5	0.000	0.000	0.000
04	  P	  0.2	  0.5	0.000	0.000	0.000
05	  D	  0.0	  0.5	0.000	0.000	0.000
06	  L	  0.1	  0.5	0.000	0.000	0.000
07	  P	  0.1	  0.0	0.000	0.000	0.000
08	  L	  0.0	  0.2	0.000	0.000	0.000
09	  P	  0.0	  0.4	0.838	0.000	0.000
10	  E	  0.2	  0.4	0.961	0.000	0.000
11	  S	  0.8	  0.4	3.095	0.000	0.000
12	  Y	  1.4	  0.2	3.214	0.361	0.361
13	  A	  1.3	  0.0	3.214	0.361	0.361
14	  A	  0.8	  0.0	3.214	0.361	0.361
15	  A	  0.3	  0.0	3.214	0.361	0.361
16	  L	  1.7	  0.0	3.214	0.361	0.361
17	  N	  1.6	  0.0	2.680	0.000	0.000
18	  L	  1.6	  0.0	1.180	0.000	0.000
19	  A	  0.1	  0.0	0.326	0.000	0.000
20	  A	  0.1	  0.0	0.147	0.000	0.000
21	  D	  0.0	  0.0	0.000	0.000	0.000
