res	aa	Beta	Turn	Helix	Aggregation	Conc-Stab_Aggregation
01	  G	  0.0	  0.0	0.000	0.000	0.000
02	  L	  0.1	  0.1	0.000	2.409	2.409
03	  L	  0.1	  0.5	0.000	2.552	2.552
04	  G	  0.1	  0.6	0.000	2.552	2.552
05	  S	  0.3	  0.6	0.000	2.552	2.552
06	  L	  0.4	  0.6	0.000	2.552	2.552
07	  F	  0.6	  1.1	0.000	2.393	2.393
08	  G	  0.3	  1.8	0.000	0.186	0.186
09	  A	  0.2	  1.9	0.000	0.000	0.000
10	  G	  0.0	  1.8	0.000	0.000	0.000
11	  K	  0.2	  0.9	0.000	0.000	0.000
12	  K	  2.2	  0.1	0.000	0.000	0.000
13	  V	  3.8	  0.1	0.000	0.353	0.353
14	  A	  3.7	  0.0	0.000	0.353	0.353
15	  C	  2.3	  0.0	0.000	0.353	0.353
16	  A	  1.0	  0.2	0.000	0.353	0.353
17	  L	  1.0	  0.3	0.000	0.353	0.353
18	  S	  0.4	  0.3	0.000	0.169	0.169
19	  G	  0.2	  0.3	0.000	0.169	0.169
20	  L	  0.0	  0.2	0.000	0.169	0.169
21	  C	  0.0	  0.1	0.000	0.000	0.000
