res	aa	Beta	Turn	Helix	Aggregation	Conc-Stab_Aggregation
01	  I	  9.7	  0.0	0.000	0.000	0.000
02	  T	 19.3	  0.0	0.000	0.000	0.000
03	  C	 21.5	  0.0	0.000	0.000	0.000
04	  C	 13.9	  0.1	0.000	0.000	0.000
05	  T	  3.5	  0.2	0.000	0.000	0.000
06	  R	  1.3	  0.2	0.000	0.000	0.000
07	  G	  0.2	  0.2	0.000	0.000	0.000
08	  T	  1.7	  0.1	0.000	0.000	0.000
09	  C	  2.6	  0.2	0.000	0.000	0.000
10	  A	  2.8	  0.3	0.000	0.000	0.000
11	  Q	  1.6	  0.3	0.000	0.000	0.000
12	  H	  0.6	  0.3	0.000	0.000	0.000
13	  C	  0.4	  0.1	0.000	0.000	0.000
