res	aa	Beta	Turn	Helix	Aggregation	Conc-Stab_Aggregation
01	  G	  0.0	  0.2	0.000	0.000	0.000
02	  G	  0.1	  0.2	0.000	0.000	0.000
03	  C	  9.3	  0.2	0.000	0.000	0.000
04	  C	 11.3	  0.2	0.000	0.000	0.000
05	  S	 11.2	  0.0	0.000	0.000	0.000
06	  Y	  2.3	  0.0	0.000	0.000	0.000
07	  P	  0.0	  0.1	0.000	0.000	0.000
08	  P	  0.0	  0.1	0.000	0.000	0.000
09	  C	  1.2	  0.1	0.000	0.000	0.000
10	  A	  1.7	  0.1	0.000	0.000	0.000
11	  V	  2.1	  0.0	0.000	0.000	0.000
12	  S	  1.0	  0.0	0.000	0.000	0.000
13	  N	  0.4	  0.5	0.000	0.000	0.000
14	  P	  0.0	  0.6	0.000	0.000	0.000
15	  Q	  0.4	  0.6	0.000	0.000	0.000
16	  H	  0.4	  0.6	0.000	0.000	0.000
17	  C	  0.4	  0.1	0.000	0.000	0.000
