res	aa	Beta	Turn	Helix	Aggregation	Conc-Stab_Aggregation
01	  S	  0.0	  0.2	0.114	0.000	0.000
02	  E	  0.1	  0.2	0.114	0.000	0.000
03	  T	  0.7	  0.3	1.200	0.000	0.000
04	  D	  0.7	  0.5	1.668	0.000	0.000
05	  S	  0.8	  0.4	1.791	0.000	0.000
06	  R	  0.4	  0.5	1.791	0.000	0.000
07	  K	  0.3	  0.9	1.791	0.000	0.000
08	  E	  0.2	  1.2	1.677	0.000	0.000
09	  G	  0.0	  1.1	1.296	0.000	0.000
10	  R	  0.2	  1.1	0.712	0.000	0.000
11	  M	  0.2	  0.7	0.166	0.000	0.000
12	  G	  0.3	  0.3	0.000	0.000	0.000
13	  Q	  0.2	  0.5	0.000	0.000	0.000
14	  K	  0.2	  0.3	0.000	0.000	0.000
15	  N	  0.3	  0.3	0.174	0.000	0.000
16	  A	  1.1	  0.2	0.174	0.000	0.000
17	  V	  4.3	  0.0	0.174	0.000	0.000
18	  I	  6.3	  0.0	0.174	0.000	0.000
19	  R	  6.8	  0.0	0.174	0.000	0.000
20	  Q	  4.9	  0.0	0.174	0.000	0.000
21	  W	  4.7	  0.0	0.000	0.000	0.000
22	  C	  3.7	  0.7	0.000	0.000	0.000
23	  E	  2.4	  0.8	0.000	0.000	0.000
24	  N	  0.7	  0.8	0.000	0.000	0.000
25	  D	  0.3	  1.3	0.000	0.000	0.000
26	  C	  0.9	  0.6	0.000	0.000	0.000
27	  N	  1.2	  0.5	0.000	0.000	0.000
28	  Y	  1.1	  0.5	0.000	0.000	0.000
29	  A	  0.5	  0.0	0.000	0.000	0.000
30	  P	  0.2	  0.0	0.000	0.000	0.000
31	  K	  0.0	  0.0	0.000	0.000	0.000
