res	aa	Beta	Turn	Helix	Aggregation	Conc-Stab_Aggregation
01	  G	  0.0	  0.0	0.000	0.000	0.000
02	  F	  0.9	  0.1	0.000	0.000	0.000
03	  L	  1.2	  0.3	0.000	0.000	0.000
04	  D	  1.7	  0.3	0.000	0.000	0.000
05	  S	  2.3	  0.3	0.000	0.000	0.000
06	  F	  2.6	  0.5	0.000	0.000	0.000
07	  K	  2.1	  0.3	0.000	0.000	0.000
08	  N	  0.6	  0.3	0.000	0.000	0.000
09	  A	  0.4	  0.3	0.000	0.282	0.282
10	  M	  0.5	  0.0	0.000	0.643	0.643
11	  I	  0.6	  0.0	0.000	0.643	0.643
12	  G	  0.6	  0.0	0.147	0.643	0.643
13	  V	  1.1	  0.0	0.147	0.643	0.643
14	  A	  1.1	  0.1	0.147	0.490	0.490
15	  K	  1.3	  0.1	0.147	0.000	0.000
16	  S	  0.9	  0.4	0.147	0.000	0.000
17	  V	  0.9	  0.8	0.147	0.000	0.000
18	  G	  0.4	  0.8	0.267	0.000	0.000
19	  K	  0.5	  0.8	0.120	0.000	0.000
20	  T	  0.8	  0.5	0.120	0.000	0.000
21	  A	  1.0	  0.1	0.120	0.000	0.000
22	  L	  0.8	  0.1	0.120	0.000	0.000
23	  S	  0.6	  0.1	0.524	0.000	0.000
24	  T	  0.7	  0.1	0.860	0.000	0.000
25	  L	  0.9	  0.1	0.860	0.000	0.000
26	  A	  0.8	  0.0	0.860	0.000	0.000
27	  C	  1.0	  0.0	0.860	0.000	0.000
28	  K	  1.9	  0.0	0.860	0.000	0.000
29	  I	  2.0	  0.0	0.569	0.000	0.000
30	  D	  1.5	  2.7	0.569	0.000	0.000
31	  K	  0.7	  2.7	0.148	0.000	0.000
32	  S	  0.4	  2.7	0.148	0.000	0.000
33	  C	  0.4	  2.7	0.000	0.000	0.000
