res	aa	Beta	Turn	Helix	Aggregation	Conc-Stab_Aggregation
01	  S	  7.5	  0.0	0.000	0.000	0.000
02	  C	  7.9	  0.1	0.000	0.000	0.000
03	  T	  9.8	  0.1	0.000	0.000	0.000
04	  T	  4.3	  0.1	0.000	0.000	0.000
05	  C	  4.5	  0.1	0.000	0.000	0.000
06	  V	  3.1	  0.0	0.000	0.000	0.000
07	  C	  4.2	  0.0	0.000	0.000	0.000
08	  T	 12.8	  0.0	0.000	0.000	0.000
09	  C	 15.6	  0.1	0.000	0.000	0.000
10	  S	 22.1	  0.1	0.000	0.000	0.000
11	  C	 15.4	  0.1	0.000	0.000	0.000
12	  C	 12.2	  0.1	0.000	0.000	0.000
13	  T	  2.6	  0.0	0.000	0.000	0.000
14	  T	  0.5	  0.0	0.000	0.000	0.000
