res	aa	Beta	Turn	Helix	Aggregation	Conc-Stab_Aggregation
01	  D	  0.0	  0.0	0.000	0.000	0.000
02	  C	  0.0	  1.2	0.000	0.000	0.000
03	  P	  0.0	  1.5	0.000	0.000	0.000
04	  S	  0.0	  1.5	0.000	0.000	0.000
05	  D	  0.4	  2.1	0.000	0.000	0.000
06	  W	  0.6	  1.2	0.000	0.000	0.000
07	  S	  0.6	  0.9	0.000	0.000	0.000
08	  N	  0.3	  0.9	0.000	0.000	0.000
09	  H	  0.2	  1.6	0.000	0.000	0.000
10	  E	  0.2	  1.5	0.000	0.000	0.000
11	  G	  0.1	  1.4	0.000	0.000	0.000
12	  H	  1.4	  1.4	0.000	0.000	0.000
13	  C	  4.3	  0.1	0.000	0.000	0.000
14	  Y	  8.0	  0.0	0.000	0.000	0.000
15	  R	  9.1	  0.0	0.000	0.000	0.000
16	  V	  9.8	  0.0	0.000	0.000	0.000
17	  F	  6.3	  0.0	0.000	0.000	0.000
18	  N	  3.8	  0.0	0.000	0.000	0.000
19	  E	  0.4	  0.0	0.000	0.000	0.000
20	  W	  0.8	  0.1	0.000	0.000	0.000
21	  M	  2.6	  0.1	0.000	0.000	0.000
22	  N	  2.6	  0.1	0.000	0.000	0.000
23	  W	  2.1	  0.1	0.000	0.000	0.000
24	  A	  0.3	  0.0	0.000	0.000	0.000
25	  D	  0.2	  0.0	0.000	0.000	0.000
