res	aa	Beta	Turn	Helix	Aggregation	Conc-Stab_Aggregation
01	  Q	  0.4	  0.0	0.000	0.000	0.000
02	  K	  3.5	  0.0	0.000	0.000	0.000
03	  C	  6.1	  0.2	0.000	0.000	0.000
04	  C	  6.1	  0.5	0.000	0.000	0.000
05	  T	  3.0	  0.6	0.000	0.000	0.000
06	  G	  0.4	  0.7	0.000	0.000	0.000
07	  K	  0.1	  1.0	0.000	0.000	0.000
08	  K	  0.0	  0.8	0.000	0.000	0.000
09	  G	  0.1	  0.8	0.000	0.000	0.000
10	  S	 20.3	  1.2	0.000	0.000	0.000
11	  C	 20.5	  1.4	0.000	0.000	0.000
12	  S	 20.6	  1.4	0.000	0.000	0.000
13	  G	  0.5	  1.4	0.145	0.000	0.000
14	  R	  0.1	  0.8	0.145	0.000	0.000
15	  A	  0.1	  0.3	0.145	0.000	0.000
16	  C	  0.3	  0.4	0.145	0.000	0.000
17	  K	  0.3	  0.4	0.145	0.000	0.000
18	  N	  0.7	  0.4	0.145	0.000	0.000
19	  L	  3.1	  0.4	0.000	0.000	0.000
20	  R	  3.5	  0.0	0.000	0.000	0.000
21	  C	 24.0	  0.0	0.000	0.000	0.000
22	  C	 21.4	  0.0	0.000	0.000	0.000
23	  A	 21.0	  0.0	0.000	0.000	0.000
