res	aa	Beta	Turn	Helix	Aggregation	Conc-Stab_Aggregation
01	  Q	  0.5	  0.0	0.000	0.000	0.000
02	  K	  0.5	  0.1	0.000	0.000	0.000
03	  E	  0.6	  0.1	0.000	0.000	0.000
04	  L	  0.3	  0.1	0.000	0.000	0.000
05	  V	  0.2	  0.3	0.000	0.000	0.000
06	  P	  0.1	  0.3	0.000	0.000	0.000
07	  S	  0.6	  0.3	0.000	0.000	0.000
08	  K	  1.3	  0.4	0.000	0.000	0.000
09	  T	  2.8	  0.2	0.000	0.000	0.000
10	  T	  4.2	  0.1	0.000	0.000	0.000
11	  T	 13.7	  0.1	0.000	0.000	0.000
12	  C	 15.1	  0.2	0.000	0.000	0.000
13	  C	 13.2	  0.2	0.000	0.000	0.000
14	  G	  3.1	  0.2	0.000	0.000	0.000
15	  Y	  0.5	  0.2	0.000	0.000	0.000
16	  S	  0.4	  1.6	0.000	0.000	0.000
17	  P	  0.3	  1.7	0.000	0.000	0.000
18	  G	  0.0	  1.7	0.000	0.000	0.000
19	  T	  2.1	  1.7	0.000	0.000	0.000
20	  M	  2.2	  0.2	0.000	0.000	0.000
21	  C	  2.2	  1.4	0.000	0.000	0.000
22	  P	  0.1	  1.4	0.000	0.000	0.000
23	  S	  1.2	  1.4	0.000	0.000	0.000
24	  C	  2.6	  1.4	0.000	0.000	0.000
25	  M	  2.8	  0.0	0.000	0.000	0.000
26	  C	  2.6	  0.1	0.000	0.000	0.000
27	  T	  1.8	  0.1	0.000	0.000	0.000
28	  N	  2.6	  0.1	0.000	0.000	0.000
29	  T	  1.6	  0.1	0.000	0.000	0.000
30	  C	  1.1	  0.0	0.000	0.000	0.000
31	  P	  0.0	  0.3	0.000	0.000	0.000
32	  P	  0.0	  0.3	0.000	0.000	0.000
33	  Q	  0.0	  0.3	0.000	0.000	0.000
34	  K	  0.0	  0.3	0.000	0.000	0.000
