res	aa	Beta	Turn	Helix	Aggregation	Conc-Stab_Aggregation
01	  L	  0.9	  0.0	0.000	0.000	0.000
02	  I	  2.2	  0.0	0.000	0.000	0.000
03	  C	  5.3	  0.0	0.000	0.000	0.000
04	  F	  4.8	  0.1	0.000	0.000	0.000
05	  N	  3.6	  0.1	0.000	0.000	0.000
06	  D	  1.5	  0.1	0.000	0.000	0.000
07	  F	  1.5	  0.1	0.000	0.000	0.000
08	  S	  1.4	  0.5	0.706	0.000	0.000
09	  P	  0.4	  0.5	0.706	0.000	0.000
10	  T	  0.8	  0.5	0.946	0.000	0.000
11	  A	  0.8	  0.5	0.946	0.000	0.000
12	  R	  1.1	  0.1	0.946	0.000	0.000
13	  T	  1.3	  0.1	0.946	0.000	0.000
14	  L	  2.0	  0.1	0.946	0.000	0.000
15	  E	  2.3	  0.0	0.818	0.000	0.000
16	  Y	  3.3	  0.0	0.458	0.000	0.000
17	  C	  3.9	  0.0	0.000	0.000	0.000
18	  Q	  3.3	  0.0	0.000	0.000	0.000
19	  I	  1.6	  0.2	0.000	1.297	1.297
20	  G	  0.6	  0.2	0.143	1.297	1.297
21	  I	  3.6	  0.2	0.143	1.297	1.297
22	  T	  6.6	  0.2	0.143	1.297	1.297
23	  T	 19.5	  0.0	0.143	1.297	1.297
24	  Y	 16.7	  0.0	0.143	1.029	1.029
25	  N	 13.5	  0.0	0.143	0.000	0.000
26	  P	  0.2	  0.0	0.000	0.000	0.000
27	  S	  0.0	  0.0	0.000	0.000	0.000
