res	aa	Beta	Turn	Helix	Aggregation	Conc-Stab_Aggregation
01	  S	  0.3	  0.0	0.000	0.000	0.000
02	  L	  0.6	  0.0	0.000	0.177	0.177
03	  V	  3.8	  0.0	0.330	0.177	0.177
04	  Q	 10.1	  0.0	0.483	0.177	0.177
05	  F	 11.6	  0.1	0.483	0.177	0.177
06	  E	  8.6	  0.1	0.613	0.177	0.177
07	  K	  2.5	  0.1	0.613	0.177	0.177
08	  M	  1.0	  0.1	0.613	0.177	0.177
09	  I	  1.6	  0.0	0.734	0.177	0.177
10	  K	  1.6	  0.0	0.734	0.000	0.000
11	  E	  2.7	  0.0	0.734	0.000	0.000
12	  V	  2.6	  0.3	0.628	0.000	0.000
13	  A	  2.1	  0.5	0.628	0.000	0.000
14	  G	  0.6	  1.5	0.628	0.000	0.000
15	  K	  0.1	  6.8	0.628	0.000	0.000
16	  N	  0.0	  6.6	0.000	0.000	0.000
17	  G	  0.0	  6.4	0.000	0.000	0.000
18	  V	  0.0	  5.5	0.000	0.000	0.000
19	  P	  0.0	  0.2	0.000	0.000	0.000
20	  W	  0.0	  0.2	0.000	0.000	0.000
21	  Y	  0.0	  0.2	0.000	0.000	0.000
