res	aa	Beta	Turn	Helix	Aggregation	Conc-Stab_Aggregation
01	  K	  0.2	  0.0	0.000	0.000	0.000
02	  V	  0.2	  0.1	0.000	0.000	0.000
03	  P	  0.2	  0.2	0.000	0.000	0.000
04	  A	  0.3	  0.2	0.000	0.000	0.000
05	  Y	  1.4	  0.2	0.000	0.000	0.000
06	  C	  2.5	  0.1	0.000	0.000	0.000
07	  K	  2.2	  0.0	0.000	0.000	0.000
08	  L	  1.1	  0.0	0.000	0.000	0.000
09	  P	  0.0	  1.2	0.000	0.000	0.000
10	  P	  0.0	  1.5	0.000	0.000	0.000
11	  D	  0.0	  1.5	0.000	0.000	0.000
12	  S	  0.0	  1.6	0.000	0.000	0.000
13	  G	  0.0	  0.6	0.000	0.000	0.000
14	  P	  0.0	  0.3	0.000	0.000	0.000
15	  C	  0.1	  1.5	0.000	0.000	0.000
16	  K	  0.1	  1.5	0.000	0.000	0.000
17	  G	  0.2	  1.3	0.000	0.000	0.000
18	  H	  0.4	  1.3	0.000	0.000	0.000
19	  F	  0.4	  0.2	0.000	0.000	0.000
20	  P	  0.3	  0.1	0.000	0.000	0.000
21	  A	  0.3	  0.1	0.000	0.000	0.000
22	  F	  1.7	  0.1	0.000	0.000	0.000
23	  Y	  4.6	  0.0	0.000	0.000	0.000
24	  Y	  4.5	  0.0	0.000	0.000	0.000
25	  D	  3.2	  0.0	0.109	0.000	0.000
26	  P	  0.2	  0.0	0.109	0.000	0.000
27	  V	  1.2	  0.2	0.109	0.000	0.000
28	  S	  1.5	  0.3	0.109	0.000	0.000
29	  S	  4.3	  0.3	0.109	0.000	0.000
30	  Y	  5.0	  0.3	0.109	0.000	0.000
31	  C	  6.1	  0.2	0.000	0.000	0.000
32	  Q	  3.9	  0.1	0.000	0.000	0.000
33	  K	  2.9	  0.1	0.000	0.000	0.000
34	  F	  1.5	  0.1	0.000	0.000	0.000
35	  I	  0.9	  0.0	0.000	0.000	0.000
