res	aa	Beta	Turn	Helix	Aggregation	Conc-Stab_Aggregation
01	  D	  0.0	  0.1	0.000	0.000	0.000
02	  E	  0.4	  0.1	0.000	0.000	0.000
03	  C	  7.0	  0.1	0.000	0.000	0.000
04	  F	  7.3	  0.1	0.000	0.000	0.000
05	  S	  6.9	  1.4	0.000	0.000	0.000
06	  P	  0.3	  1.5	0.000	0.000	0.000
07	  G	  0.1	  1.5	0.000	0.000	0.000
08	  T	  9.2	  1.5	0.000	0.000	0.000
09	  F	 10.6	  0.1	0.000	0.000	0.000
10	  C	 10.6	  0.1	0.000	0.000	0.000
11	  G	  1.6	  0.1	0.000	0.000	0.000
12	  T	  0.2	  0.1	0.000	0.000	0.000
13	  K	  0.2	  0.6	0.000	0.000	0.000
14	  P	  0.2	  0.5	0.000	0.000	0.000
15	  G	  0.0	  0.5	0.000	0.000	0.000
16	  L	  4.6	  0.5	0.000	0.000	0.000
17	  C	 13.1	  0.0	0.170	0.000	0.000
18	  C	 16.5	  0.0	0.170	0.000	0.000
19	  S	 12.6	  0.2	0.170	0.000	0.000
20	  A	  4.6	  0.2	0.170	0.000	0.000
21	  R	  2.7	  0.2	0.170	0.000	0.000
22	  C	  5.2	  0.2	0.170	14.184	14.184
23	  F	 10.6	  0.0	0.084	53.893	53.893
24	  S	  9.6	  0.0	0.000	56.343	56.343
25	  F	 10.5	  0.0	0.000	59.391	59.391
26	  F	  8.0	  0.0	0.000	59.556	59.556
27	  C	  9.4	  0.0	0.000	58.521	58.521
28	  I	  8.8	  0.0	0.000	57.161	57.161
29	  S	  6.6	  0.0	0.000	39.412	39.412
30	  L	  4.8	  0.0	0.000	27.979	27.979
31	  E	  1.5	  0.0	0.000	0.000	0.000
32	  F	  0.5	  0.0	0.000	0.000	0.000
