res	aa	Beta	Turn	Helix	Aggregation	Conc-Stab_Aggregation
01	  D	  0.0	  0.1	0.000	0.000	0.000
02	  E	  0.4	  0.1	0.000	0.000	0.000
03	  C	  7.0	  0.1	0.000	0.000	0.000
04	  F	  7.3	  0.1	0.000	0.000	0.000
05	  S	  6.9	  1.4	0.124	0.000	0.000
06	  P	  0.3	  1.5	0.124	0.000	0.000
07	  G	  0.1	  1.5	0.124	0.000	0.000
08	  T	  9.1	  1.5	0.124	0.000	0.000
09	  F	 10.5	  0.5	0.124	0.000	0.000
10	  C	 10.7	  0.4	0.124	0.000	0.000
11	  G	  2.0	  0.4	0.124	0.000	0.000
12	  I	  0.8	  0.4	0.000	0.000	0.000
13	  K	  0.5	  0.6	0.000	0.000	0.000
14	  P	  0.4	  0.5	0.000	0.000	0.000
15	  G	  0.0	  0.5	0.000	0.000	0.000
16	  L	  4.6	  0.5	0.000	0.000	0.000
17	  C	 13.2	  0.0	0.091	0.000	0.000
18	  C	 16.7	  0.0	0.091	0.000	0.000
19	  S	 12.8	  0.2	0.538	0.000	0.000
20	  A	  4.8	  0.2	0.538	0.000	0.000
21	  R	  1.7	  0.2	0.538	0.000	0.000
22	  C	  2.4	  0.3	0.538	8.970	8.970
23	  L	  4.2	  0.1	0.447	34.084	34.084
24	  S	  4.3	  0.1	0.447	37.567	37.567
25	  F	  7.2	  0.1	0.280	41.903	41.903
26	  F	  8.4	  0.0	0.000	42.138	42.138
27	  C	  9.9	  0.0	0.000	41.484	41.484
28	  I	  9.1	  0.0	0.000	40.624	40.624
29	  S	  6.7	  0.0	0.000	27.759	27.759
30	  L	  4.8	  0.0	0.000	19.728	19.728
31	  E	  1.5	  0.0	0.000	0.000	0.000
32	  F	  0.5	  0.0	0.000	0.000	0.000
