res	aa	Beta	Turn	Helix	Aggregation	Conc-Stab_Aggregation
01	  L	  1.5	  0.0	0.000	0.000	0.000
02	  N	  1.8	  0.0	0.757	0.000	0.000
03	  L	  2.2	  0.0	0.757	0.000	0.000
04	  T	  1.8	  0.0	0.874	0.000	0.000
05	  K	  1.7	  0.0	0.874	0.000	0.000
06	  W	  1.3	  0.2	0.874	0.000	0.000
07	  L	  0.2	  0.3	0.874	0.000	0.000
08	  G	  0.1	  0.4	0.874	0.000	0.000
09	  K	  0.1	  0.4	0.375	0.000	0.000
10	  L	  0.2	  0.3	0.000	11.064	11.064
11	  G	  0.2	  0.2	0.000	11.279	11.279
12	  V	  7.5	  0.0	0.000	11.491	11.491
13	  I	  8.7	  0.0	0.000	11.491	11.491
14	  L	  9.3	  0.1	0.000	11.491	11.491
15	  S	  2.2	  0.1	0.000	1.663	1.663
16	  H	  1.6	  0.3	0.000	0.212	0.212
17	  L	  1.2	  0.3	0.000	0.212	0.212
18	  N	  1.0	  0.2	0.000	0.000	0.000
19	  K	  0.3	  0.2	0.000	0.000	0.000
