res	aa	Beta	Turn	Helix	Aggregation	Conc-Stab_Aggregation
01	  G	  0.0	  0.0	0.112	0.000	0.000
02	  F	  1.0	  0.0	0.112	0.615	0.615
03	  L	  1.6	  0.0	0.251	0.615	0.615
04	  S	  1.7	  0.0	2.740	0.615	0.615
05	  A	  0.9	  0.0	2.740	0.615	0.615
06	  L	  0.4	  0.1	2.740	0.615	0.615
07	  K	  0.3	  0.1	2.740	0.000	0.000
08	  K	  0.6	  0.1	2.628	0.000	0.000
09	  Y	  0.6	  0.1	2.489	0.000	0.000
10	  L	  0.6	  0.0	0.724	0.000	0.000
11	  P	  0.2	  0.0	0.000	0.000	0.000
12	  I	  8.5	  0.0	0.000	0.000	0.000
13	  V	  9.6	  0.0	0.000	0.000	0.000
14	  L	  9.8	  0.0	0.000	0.000	0.000
15	  K	  1.6	  0.0	0.000	0.000	0.000
16	  H	  0.5	  0.0	0.000	0.000	0.000
17	  V	  0.2	  0.0	0.000	0.000	0.000
