res	aa	Beta	Turn	Helix	Aggregation	Conc-Stab_Aggregation
01	  L	  1.4	  0.0	0.000	0.000	0.000
02	  K	  2.4	  0.0	1.034	0.000	0.000
03	  L	  2.5	  0.2	1.034	0.000	0.000
04	  K	  1.4	  0.2	1.034	0.000	0.000
05	  D	  0.4	  0.2	1.034	0.000	0.000
06	  I	  1.3	  0.2	1.034	0.000	0.000
07	  L	  1.1	  0.0	1.034	0.000	0.000
08	  G	  1.1	  0.0	1.277	0.000	0.000
09	  K	  2.3	  0.0	0.765	0.000	0.000
10	  I	  9.2	  0.0	0.243	0.000	0.000
11	  K	 11.2	  0.0	0.243	0.000	0.000
12	  V	 15.6	  0.0	0.243	0.000	0.000
13	  I	  9.9	  0.0	0.243	0.000	0.000
14	  L	  8.3	  0.1	0.243	0.000	0.000
15	  S	  2.0	  0.1	0.243	0.000	0.000
16	  H	  1.5	  0.3	0.102	0.000	0.000
17	  L	  1.2	  0.3	0.000	0.000	0.000
18	  N	  1.0	  0.2	0.000	0.000	0.000
19	  K	  0.3	  0.2	0.000	0.000	0.000
