res	aa	Beta	Turn	Helix	Aggregation	Conc-Stab_Aggregation
01	  K	  0.2	  0.1	0.000	0.000	0.000
02	  E	  1.3	  0.1	0.000	0.000	0.000
03	  C	  4.0	  0.1	0.000	0.000	0.000
04	  C	  7.7	  0.1	0.000	0.000	0.000
05	  T	  6.7	  0.0	0.000	0.000	0.000
06	  H	  4.2	  0.3	0.000	0.000	0.000
07	  P	  0.2	  0.3	0.000	0.000	0.000
08	  A	  0.2	  0.3	0.000	0.000	0.000
09	  C	  2.5	  0.3	0.000	0.000	0.000
10	  H	  4.1	  0.0	0.000	0.000	0.000
11	  V	  7.6	  0.0	0.000	0.000	0.000
12	  S	  5.4	  0.0	0.000	0.000	0.000
13	  H	  3.8	  0.4	0.000	0.000	0.000
14	  P	  0.1	  0.5	0.000	0.000	0.000
15	  E	  0.2	  0.6	0.000	0.000	0.000
16	  L	  0.3	  0.6	0.000	0.000	0.000
17	  C	  0.3	  0.1	0.000	0.000	0.000
18	  G	  0.2	  0.0	0.000	0.000	0.000
