res	aa	Beta	Turn	Helix	Aggregation	Conc-Stab_Aggregation
01	  G	  0.0	  0.0	0.000	0.000	0.000
02	  L	  0.2	  0.6	0.000	0.000	0.000
03	  K	  0.2	  0.6	0.000	0.000	0.000
04	  D	  0.8	  0.6	0.000	0.000	0.000
05	  W	  1.4	  0.6	0.000	0.000	0.000
06	  W	  1.7	  0.0	0.000	0.000	0.000
07	  N	  1.1	  0.2	0.000	0.000	0.000
08	  K	  0.6	  0.2	0.000	0.000	0.000
09	  H	  0.5	  0.8	0.000	0.000	0.000
10	  K	  0.5	  0.8	0.000	0.000	0.000
11	  D	  0.3	  0.7	0.363	0.000	0.000
12	  K	  1.5	  0.6	0.363	0.000	0.000
13	  I	  4.5	  0.0	0.363	80.592	80.592
14	  I	  7.9	  0.0	0.493	80.592	80.592
15	  A	  6.8	  0.0	0.493	80.592	80.592
16	  V	  4.5	  0.0	0.493	80.592	80.592
17	  A	  1.1	  0.1	0.493	80.592	80.592
18	  K	  0.8	  0.1	0.375	0.084	0.084
19	  E	  0.1	  0.2	0.235	0.084	0.084
20	  M	  0.1	  0.3	0.235	0.029	0.029
21	  G	  0.1	  0.3	0.405	0.000	0.000
22	  K	  0.2	  0.5	0.170	0.000	0.000
23	  A	  0.1	  0.4	0.170	0.000	0.000
24	  G	  0.1	  0.3	0.170	0.000	0.000
25	  L	  0.4	  0.2	0.170	0.000	0.000
26	  Q	  0.4	  0.0	0.170	0.000	0.000
27	  A	  0.4	  0.0	0.000	0.000	0.000
28	  A	  0.0	  0.0	0.000	0.000	0.000
