res	aa	Beta	Turn	Helix	Aggregation	Conc-Stab_Aggregation
01	  G	  0.0	  0.3	0.000	0.000	0.000
02	  R	  0.0	  0.3	0.000	0.000	0.000
03	  D	  0.1	  0.3	0.000	0.000	0.000
04	  A	  0.4	  0.3	0.000	0.000	0.000
05	  Y	  1.9	  0.0	0.000	0.000	0.000
06	  I	  1.9	  0.2	0.000	0.000	0.000
07	  A	  1.6	  0.2	0.000	0.000	0.000
08	  D	  0.2	  0.4	0.000	0.000	0.000
09	  S	  0.1	  3.1	0.000	0.000	0.000
10	  E	  0.1	  3.0	0.000	0.000	0.000
11	  N	  0.8	  2.9	0.000	0.000	0.000
12	  C	  3.4	  2.7	0.000	0.000	0.000
13	  T	 15.9	  0.0	0.000	0.000	0.000
14	  Y	 15.2	  0.0	0.000	0.000	0.000
15	  T	 12.7	  0.0	0.000	0.000	0.000
