res	aa	Beta	Turn	Helix	Aggregation	Conc-Stab_Aggregation
01	  D	  0.0	  0.2	0.232	0.000	0.000
02	  E	  0.1	  0.3	0.232	0.000	0.000
03	  Q	  0.1	  0.4	0.232	0.000	0.000
04	  T	  0.2	  0.8	0.232	0.000	0.000
05	  G	  0.2	  0.9	0.232	0.000	0.000
06	  S	  0.2	  0.8	0.232	0.000	0.000
07	  K	  0.1	  0.7	0.000	0.000	0.000
08	  G	  0.1	  1.4	0.000	0.000	0.000
09	  P	  0.0	  1.1	0.000	0.000	0.000
10	  N	  0.0	  2.4	0.000	0.000	0.000
11	  E	  0.0	  2.3	0.000	0.000	0.000
12	  N	  0.1	  1.3	0.000	0.000	0.000
13	  L	  0.1	  1.6	0.000	0.000	0.000
14	  P	  0.0	  0.4	0.000	0.000	0.000
15	  S	  0.2	  0.5	1.397	0.000	0.000
16	  Q	  0.3	  0.7	1.397	0.000	0.000
17	  K	  0.3	  0.4	1.567	0.000	0.000
18	  D	  0.2	  0.3	2.580	0.000	0.000
19	  L	  0.1	  0.2	2.580	0.000	0.000
20	  A	  0.2	  0.0	2.580	0.000	0.000
21	  A	  0.2	  0.0	2.580	0.000	0.000
22	  K	  0.3	  0.2	2.317	0.000	0.000
23	  A	  0.3	  0.2	1.518	0.000	0.000
24	  S	  0.4	  0.2	1.050	0.000	0.000
25	  A	  0.4	  0.2	0.308	0.000	0.000
26	  L	  0.3	  0.0	0.154	0.000	0.000
27	  T	  0.4	  0.0	0.000	0.000	0.000
28	  E	  0.2	  0.0	0.000	0.000	0.000
29	  V	  0.2	  0.0	0.000	0.000	0.000
