res	aa	Beta	Turn	Helix	Aggregation	Conc-Stab_Aggregation
01	  L	  0.0	  0.0	0.000	0.000	0.000
02	  P	  0.0	  0.2	0.000	0.000	0.000
03	  P	  0.0	  0.2	0.000	0.000	0.000
04	  C	  4.5	  0.2	0.000	0.000	0.000
05	  C	  4.5	  0.2	0.000	0.000	0.000
06	  T	  4.5	  0.0	0.000	0.000	0.000
07	  P	  0.0	  0.2	0.000	0.000	0.000
08	  P	  0.0	  0.3	0.000	0.000	0.000
09	  K	  0.1	  0.4	0.000	0.000	0.000
10	  K	  0.4	  0.4	0.000	0.000	0.000
11	  H	  0.5	  0.2	0.000	0.000	0.000
12	  C	  0.5	  0.1	0.000	0.000	0.000
13	  P	  0.2	  0.0	0.000	0.000	0.000
14	  A	  0.1	  0.2	0.000	0.000	0.000
15	  P	  0.0	  0.2	0.000	0.000	0.000
16	  A	  0.1	  0.2	0.000	0.000	0.000
17	  C	  0.3	  0.2	0.000	0.000	0.000
18	  K	  2.3	  0.0	0.000	0.000	0.000
19	  Y	  2.4	  0.0	0.000	0.000	0.000
20	  K	  2.2	  0.2	0.000	0.000	0.000
21	  P	  0.2	  0.2	0.000	0.000	0.000
22	  C	  8.2	  0.2	0.000	0.000	0.000
23	  C	  8.5	  0.2	0.000	0.000	0.000
24	  K	  8.5	  0.0	0.000	0.000	0.000
25	  S	  0.5	  0.0	0.000	0.000	0.000
