res	aa	Beta	Turn	Helix	Aggregation	Conc-Stab_Aggregation
01	  F	  0.1	  1.7	0.000	0.000	0.000
02	  G	  0.2	  1.7	0.000	0.000	0.000
03	  S	  1.7	  1.7	0.000	0.000	0.000
04	  F	  1.7	  1.7	0.000	0.000	0.000
05	  I	  1.7	  0.0	0.000	0.000	0.000
06	  P	  0.2	  0.0	0.000	0.000	0.000
07	  C	  0.6	  0.2	0.000	0.000	0.000
08	  A	  0.8	  0.2	0.000	0.000	0.000
09	  H	  0.8	  1.2	0.000	0.000	0.000
10	  K	  0.3	  1.2	0.000	0.000	0.000
11	  G	  0.2	  1.0	0.000	0.000	0.000
12	  E	  0.1	  1.0	0.000	0.000	0.000
13	  P	  0.0	  0.0	0.000	0.000	0.000
14	  C	  2.9	  0.0	0.000	0.000	0.000
15	  T	  5.0	  0.0	0.000	0.000	0.000
16	  I	  7.7	  0.0	0.000	0.000	0.000
17	  C	 20.2	  0.0	0.000	0.000	0.000
18	  C	 18.4	  0.0	0.000	0.000	0.000
19	  R	 15.6	  0.1	0.000	0.000	0.000
20	  P	  0.2	  0.1	0.000	0.000	0.000
21	  L	  2.7	  0.1	0.000	0.000	0.000
22	  R	  3.9	  0.1	0.000	0.000	0.000
23	  C	  4.8	  0.0	0.000	0.000	0.000
24	  H	  2.3	  0.2	0.000	0.000	0.000
25	  E	  1.2	  0.2	0.000	0.000	0.000
26	  E	  0.7	  0.2	0.000	0.000	0.000
27	  K	  0.7	  0.2	0.000	0.000	0.000
28	  T	  0.6	  0.5	0.000	0.000	0.000
29	  P	  0.1	  0.5	0.000	0.000	0.000
30	  T	  4.1	  0.5	0.000	0.000	0.000
31	  C	  4.1	  0.5	0.000	0.000	0.000
32	  V	  4.1	  0.0	0.000	0.000	0.000
