res	aa	Beta	Turn	Helix	Aggregation	Conc-Stab_Aggregation
01	  L	  0.4	  0.0	0.000	0.000	0.000
02	  C	  1.2	  0.1	0.000	0.000	0.000
03	  S	  1.3	  0.3	0.000	0.000	0.000
04	  R	  0.9	  0.7	0.000	0.000	0.000
05	  E	  0.1	  1.0	0.000	0.000	0.000
06	  G	  0.0	  0.9	0.518	0.000	0.000
07	  E	  0.6	  0.6	0.653	0.000	0.000
08	  F	  3.8	  0.2	0.653	0.000	0.000
09	  C	  7.4	  0.0	1.067	0.000	0.000
10	  Y	  7.9	  0.0	1.067	0.000	0.000
11	  K	  5.3	  0.0	1.067	0.000	0.000
12	  L	  1.9	  0.1	1.067	0.000	0.000
13	  R	  0.7	  0.1	1.067	0.000	0.000
14	  K	  2.8	  0.1	0.969	0.000	0.000
15	  C	 22.6	  0.1	0.223	0.000	0.000
16	  C	 22.7	  0.6	0.000	0.000	0.000
17	  A	 20.3	  0.6	0.000	0.000	0.000
18	  G	  0.3	  0.6	0.095	0.000	0.000
19	  F	  3.8	  0.6	0.095	0.000	0.000
20	  Y	  4.9	  0.0	0.095	0.000	0.000
21	  C	  5.8	  0.1	0.095	0.000	0.000
22	  K	  2.2	  0.1	0.095	0.000	0.000
23	  A	  1.3	  0.1	0.095	2.409	2.409
24	  F	  1.9	  0.1	0.095	5.220	5.220
25	  V	  4.1	  0.0	0.000	5.711	5.711
26	  L	  5.5	  0.0	0.000	5.711	5.711
27	  H	  5.4	  0.0	0.000	5.711	5.711
28	  C	  6.2	  0.0	0.000	5.711	5.711
29	  Y	  5.8	  0.0	0.000	5.591	5.591
30	  R	  4.4	  0.0	0.000	0.000	0.000
31	  N	  1.4	  0.0	0.000	0.000	0.000
