res	aa	Beta	Turn	Helix	Aggregation	Conc-Stab_Aggregation
01	  C	  7.4	  0.1	0.000	0.000	0.000
02	  C	  8.2	  0.1	0.000	0.000	0.000
03	  N	  8.3	  0.1	0.000	0.000	0.000
04	  W	  1.1	  0.2	0.000	0.000	0.000
05	  P	  0.1	  0.1	0.000	0.000	0.000
06	  C	  1.3	  0.3	0.000	0.000	0.000
07	  S	  2.0	  0.8	0.000	0.000	0.000
08	  F	  2.5	  1.5	0.000	0.000	0.000
09	  G	  1.3	  1.5	0.000	0.000	0.000
10	  C	  1.0	  1.3	0.000	0.000	0.000
11	  I	  0.5	  0.8	0.000	0.000	0.000
12	  P	  0.4	  0.0	0.000	0.000	0.000
13	  C	  6.0	  0.0	0.000	0.000	0.000
14	  C	  6.0	  0.0	0.000	0.000	0.000
15	  Y	  6.0	  0.0	0.000	0.000	0.000
