res	aa	Beta	Turn	Helix	Aggregation	Conc-Stab_Aggregation
01	  T	  2.2	  0.0	0.000	0.000	0.000
02	  C	  4.4	  0.0	0.000	0.000	0.000
03	  L	  4.4	  0.0	0.000	0.000	0.000
04	  A	  2.3	  0.2	0.000	0.000	0.000
05	  R	  0.1	  0.2	0.000	0.000	0.000
06	  D	  0.0	  0.4	0.000	0.000	0.000
07	  E	  0.2	  0.5	0.000	0.000	0.000
08	  L	  0.3	  0.3	0.000	0.000	0.000
09	  C	  0.7	  0.4	0.000	0.000	0.000
10	  G	  0.5	  0.5	0.000	0.000	0.000
11	  A	  1.0	  0.4	0.000	0.172	0.172
12	  S	  1.1	  0.4	0.000	0.381	0.381
13	  F	  2.1	  0.3	0.000	2.576	2.576
14	  L	  1.5	  0.6	0.000	2.704	2.704
15	  S	  1.0	  0.6	0.000	2.704	2.704
16	  N	  0.1	  0.6	0.000	2.704	2.704
17	  F	  2.0	  0.5	0.000	2.704	2.704
18	  L	  6.8	  0.0	0.000	2.408	2.408
19	  C	 12.3	  0.5	0.000	0.238	0.238
20	  C	 10.6	  0.7	0.000	0.000	0.000
21	  D	  5.6	  0.8	0.000	0.000	0.000
22	  G	  0.1	  0.8	0.158	1.226	1.226
23	  L	  1.1	  0.3	0.158	13.772	13.772
24	  C	  2.2	  0.0	0.158	16.134	16.134
25	  L	  3.0	  0.0	0.158	16.134	16.134
26	  L	  2.9	  0.0	0.158	16.134	16.134
27	  I	  4.0	  0.0	0.158	16.011	16.011
28	  C	  3.1	  0.0	0.158	8.624	8.624
29	  V	  2.2	  0.0	0.000	0.000	0.000
