res	aa	Beta	Turn	Helix	Aggregation	Conc-Stab_Aggregation
01	  E	  1.1	  0.0	0.000	0.000	0.000
02	  C	  1.3	  0.0	0.000	0.000	0.000
03	  K	  1.5	  0.0	0.000	0.000	0.000
04	  W	  0.9	  0.0	0.000	0.334	0.334
05	  Y	  1.0	  0.0	0.000	0.334	0.334
06	  L	  0.8	  0.1	0.000	0.334	0.334
07	  G	  0.4	  0.1	0.000	0.334	0.334
08	  T	 10.2	  0.1	0.000	0.334	0.334
09	  C	 11.8	  0.2	0.000	0.000	0.000
10	  S	 12.2	  5.1	0.000	0.000	0.000
11	  K	  2.3	  5.3	0.000	0.000	0.000
12	  D	  0.4	  5.8	0.000	0.000	0.000
13	  G	  0.0	  5.7	0.216	0.000	0.000
14	  D	  1.1	  0.8	0.216	0.000	0.000
15	  C	  8.6	  0.6	0.216	0.000	0.000
16	  C	  8.8	  0.2	0.216	0.000	0.000
17	  K	  7.8	  0.1	0.216	0.000	0.000
18	  H	  0.9	  0.1	0.216	0.000	0.000
19	  L	  2.1	  0.2	0.000	0.000	0.000
20	  Q	  2.6	  0.0	0.000	0.000	0.000
21	  C	  2.6	  0.1	0.000	0.000	0.000
22	  H	  1.1	  0.7	0.000	0.000	0.000
23	  S	  0.5	  0.7	0.000	0.000	0.000
24	  N	  1.2	  0.7	0.000	0.000	0.000
25	  Y	  1.2	  0.6	0.000	0.000	0.000
26	  E	  1.1	  0.0	0.000	0.000	0.000
