res	aa	Beta	Turn	Helix	Aggregation	Conc-Stab_Aggregation
01	  D	  1.5	  0.0	0.000	0.000	0.000
02	  C	  1.9	  0.0	0.000	0.000	0.000
03	  I	  1.9	  0.5	0.000	0.000	0.000
04	  P	  0.4	  0.8	0.000	0.000	0.000
05	  G	  0.0	  0.9	0.000	0.000	0.000
06	  G	  0.0	  1.5	0.000	0.000	0.000
07	  E	  0.1	  1.0	0.000	0.000	0.000
08	  N	  0.4	  1.1	0.000	0.000	0.000
09	  C	  1.8	  0.9	0.000	0.000	0.000
10	  D	  4.0	  0.3	0.000	0.000	0.000
11	  V	  7.9	  0.3	0.000	0.000	0.000
12	  F	  6.8	  0.0	0.000	0.000	0.000
13	  R	  4.6	  0.1	0.000	0.000	0.000
14	  P	  0.3	  0.1	0.000	0.000	0.000
15	  Y	  7.1	  0.2	0.000	0.000	0.000
16	  R	  7.5	  0.2	0.000	0.000	0.000
17	  C	 15.6	  0.2	0.000	0.250	0.250
18	  C	  8.8	  0.6	0.000	0.987	0.987
19	  S	  8.3	  0.5	0.000	1.477	1.477
20	  G	  0.4	  0.5	0.000	5.605	5.605
21	  Y	  3.3	  0.4	0.000	50.974	50.974
22	  C	  5.9	  0.0	0.127	60.644	60.644
23	  I	  8.7	  0.0	0.127	73.691	73.691
24	  L	  6.4	  0.0	0.127	73.691	73.691
25	  L	  4.8	  0.0	0.127	73.562	73.562
26	  L	  2.4	  0.0	0.127	64.521	64.521
27	  C	  1.5	  0.0	0.127	36.689	36.689
28	  A	  0.4	  0.0	0.000	0.000	0.000
