res	aa	Beta	Turn	Helix	Aggregation	Conc-Stab_Aggregation
01	  F	  0.1	  0.0	0.000	0.000	0.000
02	  L	  0.2	  0.1	0.000	0.000	0.000
03	  P	  0.2	  0.1	0.000	0.000	0.000
04	  K	  0.5	  0.1	0.000	0.000	0.000
05	  M	  0.7	  0.2	0.000	0.000	0.000
06	  S	  1.0	  0.1	0.134	0.000	0.000
07	  T	  1.3	  0.1	0.134	0.000	0.000
08	  K	  1.8	  0.1	0.134	0.000	0.000
09	  L	  4.8	  0.1	0.134	0.000	0.000
10	  R	  4.2	  0.0	0.134	0.000	0.000
11	  V	  3.5	  0.0	0.134	0.000	0.000
12	  P	  0.2	  0.0	0.000	0.000	0.000
13	  Y	  1.9	  0.1	0.000	0.000	0.000
14	  R	  2.0	  0.2	0.000	0.000	0.000
15	  R	  2.0	  0.3	0.000	0.000	0.000
16	  G	  0.2	  0.3	0.000	0.000	0.000
17	  T	  0.5	  0.5	0.000	0.000	0.000
18	  K	  0.5	  0.4	0.000	0.000	0.000
19	  D	  0.7	  0.4	0.000	0.000	0.000
20	  Y	  0.3	  0.4	0.000	0.000	0.000
21	  H	  0.2	  0.0	0.000	0.000	0.000
