res	aa	Beta	Turn	Helix	Aggregation	Conc-Stab_Aggregation
01	  Y	  0.1	  3.5	0.000	0.000	0.000
02	  G	  0.1	  3.5	0.000	0.000	0.000
03	  N	  0.1	  3.5	0.000	0.000	0.000
04	  F	  0.1	  3.9	0.000	0.000	0.000
05	  P	  0.1	  0.4	0.000	0.000	0.000
06	  T	 10.4	  0.4	0.000	0.000	0.000
07	  C	 10.6	  0.5	0.000	0.000	0.000
08	  S	 10.7	  0.5	0.000	0.000	0.000
09	  E	  0.3	  0.6	0.000	0.000	0.000
10	  T	  0.1	  0.7	0.000	0.000	0.000
11	  G	  0.0	  1.4	0.000	0.000	0.000
12	  E	  0.1	  0.9	0.000	0.000	0.000
13	  D	  0.4	  1.4	0.000	0.000	0.000
14	  C	  4.2	  1.2	0.000	0.000	0.000
15	  S	  4.2	  0.5	0.000	0.000	0.000
16	  A	  4.2	  0.5	0.000	0.000	0.000
17	  M	  2.3	  0.1	0.000	0.000	0.000
18	  H	  5.5	  0.0	0.000	0.000	0.000
19	  C	 13.2	  0.0	0.000	0.000	0.000
20	  C	 12.2	  0.1	0.000	0.000	0.000
21	  R	  9.3	  0.1	0.000	0.000	0.000
22	  S	  3.0	  0.1	0.000	0.000	0.000
23	  M	  7.1	  0.1	0.000	0.000	0.000
24	  T	 10.7	  0.0	0.000	0.000	0.000
25	  C	  9.6	  0.4	0.000	0.000	0.000
26	  R	  4.7	  0.5	0.000	0.000	0.000
27	  N	  0.7	  0.5	0.000	0.000	0.000
28	  N	  0.9	  0.5	0.000	0.000	0.000
29	  I	  1.5	  0.0	0.000	0.000	0.000
30	  C	  1.7	  0.0	0.000	0.000	0.000
31	  A	  1.0	  0.0	0.000	0.000	0.000
32	  D	  0.4	  0.0	0.000	0.000	0.000
