res	aa	Beta	Turn	Helix	Aggregation	Conc-Stab_Aggregation
01	  A	  0.1	  0.0	0.000	0.000	0.000
02	  R	  1.7	  0.0	0.000	0.000	0.000
03	  C	  3.2	  0.3	0.000	0.000	0.000
04	  E	  3.1	  0.3	0.000	0.000	0.000
05	  Q	  1.6	  0.2	0.000	0.000	0.000
06	  C	  0.2	  1.0	0.000	0.000	0.000
07	  P	  0.0	  0.7	0.000	0.000	0.000
08	  S	  2.4	  0.7	0.000	0.000	0.000
09	  Y	 18.9	  0.7	0.000	0.000	0.000
10	  C	 30.5	  0.0	0.000	0.000	0.000
11	  C	 28.9	  0.2	0.000	0.000	0.000
12	  Q	 13.0	  0.3	0.000	0.000	0.000
13	  S	  0.7	  0.3	0.000	0.000	0.000
14	  D	  0.1	  0.3	0.000	0.000	0.000
15	  S	  0.1	  0.1	0.000	0.000	0.000
16	  P	  0.0	  0.4	0.000	0.000	0.000
17	  P	  0.0	  0.5	0.000	0.000	0.000
18	  E	  0.7	  0.6	0.000	0.000	0.000
19	  C	  0.8	  1.6	0.000	0.000	0.000
20	  D	  0.8	  1.4	0.000	0.000	0.000
21	  G	  0.1	  1.4	0.000	0.000	0.000
22	  C	  0.0	  1.2	0.000	0.000	0.000
23	  E	  0.0	  0.2	0.000	0.000	0.000
