res	aa	Beta	Turn	Helix	Aggregation	Conc-Stab_Aggregation
01	  A	  0.0	  0.0	0.000	0.000	0.000
02	  L	  0.1	  0.0	0.000	0.000	0.000
03	  P	  0.1	  0.0	0.000	0.000	0.000
04	  C	  0.1	  1.1	0.000	0.000	0.000
05	  P	  0.0	  1.3	0.000	0.000	0.000
06	  Y	  0.8	  1.3	0.000	0.000	0.000
07	  G	  0.8	  1.3	0.000	0.000	0.000
08	  C	  0.8	  0.5	0.000	0.000	0.000
09	  P	  0.0	  0.3	0.000	0.000	0.000
10	  L	  2.9	  0.3	0.000	0.000	0.000
11	  R	  3.3	  0.3	0.000	0.000	0.000
12	  C	 12.8	  0.0	0.000	0.000	0.000
13	  C	 11.3	  0.0	0.000	0.000	0.000
14	  H	 11.4	  0.1	0.000	0.000	0.000
15	  M	  2.4	  0.3	0.000	0.000	0.000
16	  T	  0.9	  0.5	0.120	0.000	0.000
17	  D	  0.3	  0.5	0.120	0.000	0.000
18	  G	  0.0	  0.4	0.661	0.000	0.000
19	  V	  1.8	  0.2	0.661	0.000	0.000
20	  C	  3.4	  0.0	0.857	0.000	0.000
21	  L	  3.5	  0.2	0.857	0.000	0.000
22	  R	  1.9	  0.2	0.857	0.000	0.000
23	  N	  0.3	  0.6	0.737	0.000	0.000
24	  K	  0.1	  1.0	0.376	0.000	0.000
25	  Q	  0.1	  0.9	0.196	0.000	0.000
26	  G	  0.0	  0.9	0.000	0.000	0.000
27	  C	  0.0	  0.4	0.000	0.000	0.000
