res	aa	Beta	Turn	Helix	Aggregation	Conc-Stab_Aggregation
01	  N	  0.0	  0.0	0.000	0.000	0.000
02	  E	  1.5	  0.0	0.000	0.000	0.000
03	  V	  1.5	  0.0	0.000	0.000	0.000
04	  C	  1.4	  0.0	0.000	0.000	0.000
05	  P	  0.0	  1.9	0.000	0.000	0.000
06	  P	  0.0	  2.0	0.000	0.000	0.000
07	  G	  0.0	  2.0	0.093	0.000	0.000
08	  E	  0.4	  2.0	0.093	0.000	0.000
09	  C	  1.5	  0.2	0.093	0.000	0.000
10	  Q	  2.4	  0.1	0.093	0.000	0.000
11	  Q	  3.8	  0.1	0.093	0.000	0.000
12	  Y	 19.6	  0.1	0.093	0.000	0.000
13	  C	 23.4	  0.1	0.344	0.000	0.000
14	  C	 22.2	  0.2	0.489	0.000	0.000
15	  D	  5.7	  0.2	0.846	0.000	0.000
16	  L	  0.9	  0.2	0.846	0.000	0.000
17	  R	  0.5	  0.1	0.846	0.000	0.000
18	  K	  1.0	  0.1	0.846	0.000	0.000
19	  C	  1.4	  0.1	0.634	0.000	0.000
20	  K	  2.6	  0.1	0.357	0.000	0.000
21	  C	  5.4	  0.1	0.130	0.150	0.150
22	  I	  8.7	  0.1	0.000	1.125	1.125
23	  N	  7.7	  0.2	0.000	1.125	1.125
24	  L	  6.2	  0.2	0.000	3.396	3.396
25	  S	  3.3	  0.2	0.000	3.714	3.714
26	  F	  3.8	  0.4	0.000	4.979	4.979
27	  Y	  2.0	  0.3	0.000	4.859	4.859
28	  G	  1.0	  0.3	0.000	4.254	4.254
29	  L	  4.8	  0.4	0.000	4.049	4.049
30	  T	  6.9	  0.4	0.000	2.452	2.452
31	  C	  8.1	  0.1	0.000	0.543	0.543
32	  N	  4.0	  0.8	0.000	0.000	0.000
33	  C	  2.1	  0.8	0.000	0.000	0.000
34	  D	  0.8	  0.7	0.000	0.000	0.000
35	  S	  0.4	  0.7	0.000	0.000	0.000
