res	aa	Beta	Turn	Helix	Aggregation	Conc-Stab_Aggregation
01	  N	  0.0	  0.0	0.000	0.000	0.000
02	  E	  1.4	  0.0	0.000	0.000	0.000
03	  V	  1.5	  0.0	0.000	0.000	0.000
04	  C	  1.4	  0.0	0.000	0.000	0.000
05	  P	  0.0	  2.4	0.000	0.000	0.000
06	  P	  0.0	  2.5	0.000	0.000	0.000
07	  G	  0.0	  2.5	0.000	0.000	0.000
08	  R	  3.2	  2.5	0.000	0.000	0.000
09	  C	  3.5	  0.1	0.000	0.000	0.000
10	  E	  3.5	  0.1	0.000	0.000	0.000
11	  P	  0.4	  0.1	0.000	0.000	0.000
12	  Y	 16.7	  0.1	0.000	0.000	0.000
13	  C	 25.7	  0.1	0.000	0.000	0.000
14	  C	 25.7	  0.0	0.000	0.000	0.000
15	  D	  9.8	  0.5	0.654	0.000	0.000
16	  P	  0.1	  0.5	0.654	0.000	0.000
17	  R	  0.0	  0.5	0.654	0.000	0.000
18	  K	  0.8	  0.5	0.654	0.000	0.000
19	  C	  1.5	  0.2	0.654	0.000	0.000
20	  K	  1.8	  0.1	0.654	0.000	0.000
21	  C	  2.5	  0.1	0.304	0.000	0.000
22	  L	  3.3	  0.1	0.107	0.000	0.000
23	  S	  5.8	  0.4	0.000	0.000	0.000
24	  I	  7.3	  0.4	0.000	0.000	0.000
25	  D	  6.7	  0.4	0.000	0.000	0.000
26	  F	  4.8	  0.5	0.000	10.397	10.397
27	  Y	  2.0	  0.2	0.000	10.596	10.596
28	  G	  1.0	  0.2	0.000	10.596	10.596
29	  L	  1.4	  0.2	0.000	10.596	10.596
30	  V	  2.0	  0.1	0.000	10.596	10.596
31	  C	  3.3	  0.0	0.000	2.789	2.789
32	  N	  2.5	  0.8	0.000	0.000	0.000
33	  C	  2.1	  0.8	0.000	0.000	0.000
34	  D	  0.8	  0.8	0.000	0.000	0.000
35	  S	  0.4	  0.7	0.000	0.000	0.000
