res	aa	Beta	Turn	Helix	Aggregation	Conc-Stab_Aggregation
01	  G	  0.0	  0.1	0.000	0.000	0.000
02	  E	  1.2	  0.1	0.000	0.000	0.000
03	  C	  3.8	  0.1	0.000	0.000	0.000
04	  C	  4.6	  0.4	0.000	0.000	0.000
05	  T	  3.8	  0.3	0.000	0.000	0.000
06	  D	  1.2	  0.3	0.000	0.000	0.000
07	  C	  1.3	  0.4	0.134	0.000	0.000
08	  A	  1.0	  0.2	0.134	0.000	0.000
09	  Q	  1.0	  0.2	0.134	0.000	0.000
10	  T	  0.4	  0.2	0.483	0.000	0.000
11	  A	  0.4	  0.1	0.483	0.000	0.000
12	  A	  0.3	  0.4	0.483	0.000	0.000
13	  A	  0.1	  0.4	0.483	0.000	0.000
14	  N	  1.0	  0.4	0.483	0.000	0.000
15	  Y	  1.0	  0.4	0.349	0.000	0.000
16	  C	  0.9	  0.0	0.000	0.000	0.000
