res	aa	Beta	Turn	Helix	Aggregation	Conc-Stab_Aggregation
01	  F	  3.2	  0.0	0.000	0.000	0.000
02	  D	  3.3	  0.0	0.277	0.000	0.000
03	  I	  5.7	  0.0	0.277	2.860	2.860
04	  M	  2.7	  0.0	0.277	2.860	2.860
05	  G	  2.6	  0.0	0.695	2.860	2.860
06	  L	  0.6	  0.0	0.695	2.860	2.860
07	  I	  0.8	  0.0	0.695	2.860	2.860
08	  K	  0.9	  0.0	0.695	0.000	0.000
09	  K	  2.7	  0.0	0.695	0.000	0.000
10	  V	  2.9	  0.2	0.418	0.000	0.000
11	  A	  2.7	  0.3	0.418	0.000	0.000
12	  G	  0.6	  0.3	0.283	0.000	0.000
13	  A	  0.0	  0.3	0.166	0.000	0.000
14	  L	  0.0	  0.2	0.000	0.000	0.000
