res	aa	Beta	Turn	Helix	Aggregation	Conc-Stab_Aggregation
01	  G	  0.0	  0.0	0.000	0.000	0.000
02	  F	  0.5	  0.3	0.000	0.000	0.000
03	  K	  0.5	  0.3	0.000	0.000	0.000
04	  D	  0.8	  0.3	0.000	0.000	0.000
05	  W	  1.1	  0.3	0.000	0.000	0.000
06	  I	  2.1	  0.4	0.000	0.000	0.000
07	  K	  1.8	  0.4	0.000	0.000	0.000
08	  G	  1.1	  0.4	0.000	0.000	0.000
09	  A	  0.1	  0.4	0.000	0.000	0.000
10	  A	  0.2	  0.1	0.000	0.000	0.000
11	  K	  0.2	  0.1	0.000	0.000	0.000
12	  K	  0.6	  0.1	0.000	0.000	0.000
13	  L	  0.9	  0.1	0.000	0.000	0.000
14	  I	  2.3	  0.1	0.000	0.000	0.000
15	  K	  2.5	  0.0	0.000	0.000	0.000
16	  T	  6.1	  0.0	0.000	0.000	0.000
17	  V	  6.8	  0.0	0.000	0.000	0.000
18	  A	  6.2	  0.1	0.000	0.000	0.000
19	  S	  2.5	  0.1	0.000	0.000	0.000
20	  S	  0.6	  0.1	0.000	0.000	0.000
21	  I	  0.6	  0.2	0.000	0.000	0.000
22	  A	  0.4	  0.1	0.000	0.000	0.000
23	  N	  0.1	  0.1	0.000	0.000	0.000
24	  E	  0.0	  0.1	0.000	0.000	0.000
