res	aa	Beta	Turn	Helix	Aggregation	Conc-Stab_Aggregation
01	  G	  0.0	  0.0	0.000	0.000	0.000
02	  F	  0.8	  0.4	0.000	0.000	0.000
03	  R	  1.0	  0.5	0.000	0.000	0.000
04	  D	  1.0	  0.5	0.000	0.000	0.000
05	  V	  1.4	  0.5	0.000	0.000	0.000
06	  L	  1.3	  0.4	0.000	0.000	0.000
07	  K	  1.2	  0.4	0.000	0.000	0.000
08	  G	  0.1	  0.4	0.145	0.000	0.000
09	  A	  0.1	  0.4	0.145	0.000	0.000
10	  A	  0.2	  0.1	0.145	0.000	0.000
11	  K	  0.4	  0.1	0.145	0.000	0.000
12	  Q	  1.7	  0.1	0.145	0.000	0.000
13	  F	  3.6	  0.1	0.145	0.000	0.000
14	  V	  4.8	  0.0	0.000	0.000	0.000
15	  K	  4.2	  0.0	0.000	0.000	0.000
16	  T	  5.8	  0.0	0.000	0.000	0.000
17	  V	  5.0	  0.3	0.000	0.000	0.000
18	  A	  4.2	  0.3	0.000	0.000	0.000
19	  G	  0.7	  0.3	0.000	0.000	0.000
20	  H	  4.6	  0.3	0.000	0.000	0.000
21	  I	  4.6	  0.2	0.000	0.000	0.000
22	  A	  4.7	  0.1	0.000	0.000	0.000
23	  N	  0.2	  0.1	0.000	0.000	0.000
24	  I	  0.1	  0.1	0.000	0.000	0.000
