res	aa	Beta	Turn	Helix	Aggregation	Conc-Stab_Aggregation
01	  L	  1.5	  0.0	0.000	0.000	0.000
02	  N	  1.8	  0.2	0.512	0.000	0.000
03	  L	  1.8	  0.4	0.512	0.000	0.000
04	  K	  0.4	  0.4	0.512	0.000	0.000
05	  G	  0.1	  0.4	0.512	0.000	0.000
06	  L	  0.2	  0.3	0.512	0.000	0.000
07	  F	  0.6	  0.1	0.512	0.000	0.000
08	  K	  0.8	  0.1	0.146	0.000	0.000
09	  K	  2.7	  0.1	0.146	0.000	0.000
10	  V	  4.5	  0.1	0.000	6.042	6.042
11	  A	  4.8	  0.0	0.000	6.042	6.042
12	  S	  2.9	  0.0	0.000	6.042	6.042
13	  L	  0.8	  0.0	0.000	6.042	6.042
14	  L	  0.4	  0.0	0.000	6.042	6.042
15	  T	  0.2	  0.0	0.000	0.000	0.000
