res	aa	Beta	Turn	Helix	Aggregation	Conc-Stab_Aggregation
01	  F	  3.6	  0.0	0.000	0.000	0.000
02	  D	  3.7	  0.0	0.229	0.000	0.000
03	  V	  4.8	  0.0	0.229	5.843	5.843
04	  M	  1.6	  0.0	0.229	5.843	5.843
05	  G	  1.6	  0.0	0.512	5.843	5.843
06	  I	  2.3	  0.0	0.512	5.843	5.843
07	  I	  2.3	  0.0	0.512	5.843	5.843
08	  K	  2.3	  0.0	0.512	0.000	0.000
09	  K	  1.9	  0.0	0.512	0.000	0.000
10	  I	  2.7	  0.2	0.283	0.000	0.000
11	  A	  2.5	  0.3	0.283	0.000	0.000
12	  G	  1.2	  0.3	0.283	0.000	0.000
13	  A	  0.0	  0.3	0.151	0.000	0.000
14	  L	  0.0	  0.2	0.000	0.000	0.000
