res	aa	Beta	Turn	Helix	Aggregation	Conc-Stab_Aggregation
01	  G	  0.0	  0.0	0.000	0.000	0.000
02	  F	  0.5	  0.7	0.000	0.000	0.000
03	  K	  0.5	  0.7	0.000	0.000	0.000
04	  D	  0.5	  0.7	0.000	0.000	0.000
05	  L	  0.3	  0.7	0.000	0.000	0.000
06	  L	  0.3	  0.4	0.000	0.000	0.000
07	  K	  0.3	  0.4	0.000	0.000	0.000
08	  G	  0.1	  0.4	0.249	0.000	0.000
09	  A	  0.1	  0.4	0.249	0.000	0.000
10	  A	  0.2	  0.1	0.249	0.000	0.000
11	  K	  0.2	  0.0	0.249	0.000	0.000
12	  A	  0.4	  0.0	0.249	0.212	0.212
13	  L	  0.9	  0.0	0.249	0.459	0.459
14	  V	  2.2	  0.0	0.108	0.459	0.459
15	  K	  2.7	  0.0	0.108	0.459	0.459
16	  T	  5.9	  0.0	0.000	0.459	0.459
17	  V	  6.7	  0.0	0.000	0.459	0.459
18	  L	  5.9	  0.0	0.000	0.459	0.459
19	  F	  2.3	  0.0	0.000	0.459	0.459
