res	aa	Beta	Turn	Helix	Aggregation	Conc-Stab_Aggregation
01	  R	  0.1	  0.0	0.000	0.000	0.000
02	  R	  2.5	  0.0	0.000	0.000	0.000
03	  C	  3.9	  0.0	0.000	0.000	0.000
04	  F	  5.1	  0.0	0.000	0.000	0.000
05	  I	  3.4	  0.0	0.000	0.000	0.000
06	  T	  2.0	  0.7	0.000	0.000	0.000
07	  P	  0.7	  0.7	0.000	0.000	0.000
08	  N	  3.1	  0.7	0.114	0.000	0.000
09	  V	  5.2	  0.8	0.114	0.000	0.000
10	  R	  5.3	  0.1	0.114	0.000	0.000
11	  S	  2.3	  0.2	0.114	0.000	0.000
12	  E	  0.6	  0.2	0.114	0.000	0.000
13	  R	  0.5	  0.2	0.114	0.000	0.000
14	  C	  0.4	  0.2	0.114	0.000	0.000
15	  P	  0.0	  2.8	0.000	0.000	0.000
16	  P	  0.0	  2.9	0.000	0.000	0.000
17	  G	  0.0	  2.9	0.000	0.000	0.000
18	  Q	  0.3	  2.9	0.000	0.000	0.000
19	  E	  1.2	  0.1	0.000	0.000	0.000
20	  V	  2.1	  0.0	0.000	0.000	0.000
21	  C	  2.8	  0.0	0.000	0.000	0.000
22	  F	  6.0	  0.0	0.000	0.000	0.000
23	  T	  6.5	  0.1	0.000	0.000	0.000
24	  K	  5.8	  0.1	0.000	0.000	0.000
25	  T	  2.0	  1.4	0.000	0.000	0.000
26	  A	  0.6	  1.4	0.000	0.000	0.000
27	  D	  0.2	  1.3	0.000	0.000	0.000
28	  G	  0.0	  1.3	0.000	0.000	0.000
