res	aa	Beta	Turn	Helix	Aggregation	Conc-Stab_Aggregation
01	  M	  0.1	  0.2	0.000	0.000	0.000
02	  S	  0.1	  0.2	0.690	0.000	0.000
03	  D	  1.0	  0.9	1.154	0.000	0.000
04	  I	  1.9	  0.9	1.154	0.000	0.000
05	  N	  1.9	  0.7	1.154	0.000	0.000
06	  A	  1.1	  0.7	1.154	0.000	0.000
07	  A	  0.5	  0.0	1.154	0.000	0.000
08	  R	  0.6	  0.0	0.912	0.000	0.000
09	  L	  0.5	  1.0	0.264	0.000	0.000
10	  P	  0.1	  1.0	0.000	0.000	0.000
11	  S	  1.1	  1.0	0.000	0.000	0.000
12	  F	  3.4	  1.0	0.000	0.000	0.000
13	  F	  3.5	  0.0	0.000	0.000	0.000
14	  F	  2.4	  0.0	0.000	0.000	0.000
15	  P	  0.2	  0.0	0.000	0.000	0.000
16	  I	  0.1	  0.0	0.000	0.000	0.000
17	  P	  0.0	  0.0	0.000	0.000	0.000
18	  C	  2.7	  0.0	0.000	0.000	0.000
19	  I	  2.8	  0.2	0.000	0.000	0.000
20	  S	  2.8	  1.2	0.000	0.000	0.000
21	  D	  0.1	  1.2	0.206	0.000	0.000
22	  D	  1.6	  1.2	0.778	0.000	0.000
23	  I	  4.3	  1.0	0.778	0.000	0.000
24	  E	  4.3	  0.0	0.778	0.000	0.000
25	  M	  5.1	  0.0	0.778	0.000	0.000
26	  V	  3.9	  0.0	0.778	0.000	0.000
27	  L	  4.0	  0.0	0.778	0.000	0.000
28	  T	  1.8	  0.2	0.670	0.000	0.000
29	  R	  0.3	  0.3	0.670	0.000	0.000
30	  G	  0.1	  0.5	0.181	0.000	0.000
31	  E	  0.1	  0.5	0.000	0.000	0.000
32	  S	  0.8	  0.3	0.000	0.000	0.000
33	  L	  0.8	  0.2	0.000	0.000	0.000
34	  C	  0.8	  0.0	0.000	0.000	0.000
