res	aa	Beta	Turn	Helix	Aggregation	Conc-Stab_Aggregation
01	  G	  0.0	  0.0	0.000	0.000	0.000
02	  F	 25.4	  0.0	0.000	0.000	0.000
03	  C	 26.2	  0.0	0.000	0.000	0.000
04	  C	 26.1	  2.1	0.000	0.000	0.000
05	  P	  0.9	  2.3	0.000	0.000	0.000
06	  S	  0.0	  2.3	0.000	0.000	0.000
07	  G	  0.1	  2.3	0.000	0.000	0.000
08	  W	  0.9	  0.4	0.000	0.000	0.000
09	  S	  1.1	  0.1	0.000	0.000	0.000
10	  S	  8.6	  0.6	0.000	0.000	0.000
11	  Y	  8.8	  0.6	0.000	0.000	0.000
12	  D	  8.6	  0.5	0.000	0.000	0.000
13	  R	  1.2	  0.5	0.000	0.000	0.000
