res	aa	Beta	Turn	Helix	Aggregation	Conc-Stab_Aggregation
01	  G	  0.0	  0.0	0.000	0.000	0.000
02	  L	  1.2	  0.0	0.000	0.000	0.000
03	  Y	 17.0	  0.0	0.000	0.000	0.000
04	  C	 38.6	  0.0	0.000	0.000	0.000
05	  C	 37.7	  0.0	0.000	0.000	0.000
06	  Q	 23.6	  0.0	0.000	0.000	0.000
07	  P	  0.2	  0.0	0.000	0.000	0.000
08	  K	  0.0	  1.6	0.000	0.000	0.000
09	  P	  0.0	  2.8	0.000	0.000	0.000
10	  N	  0.0	  2.9	0.000	0.000	0.000
11	  G	  0.0	  2.9	0.343	0.000	0.000
12	  Q	  0.7	  1.3	0.343	0.000	0.000
13	  M	  2.2	  0.0	0.343	0.000	0.000
14	  M	  2.6	  0.0	0.343	0.000	0.000
15	  C	  2.1	  0.0	0.343	0.000	0.000
16	  N	  0.6	  0.0	0.794	0.000	0.000
17	  R	  0.3	  0.0	0.638	0.000	0.000
18	  W	  2.0	  0.0	0.451	0.000	0.000
19	  C	  5.2	  0.0	0.451	0.000	0.000
20	  E	  8.6	  0.0	0.451	0.000	0.000
21	  I	  7.8	  0.0	0.451	0.000	0.000
22	  N	  4.9	  0.2	0.451	0.000	0.000
23	  S	  1.6	  0.3	0.136	0.000	0.000
24	  R	  1.0	  0.3	0.000	0.000	0.000
25	  C	  4.1	  0.5	0.000	0.000	0.000
26	  C	  3.9	  0.5	0.000	0.000	0.000
27	  G	  3.5	  0.4	0.000	0.000	0.000
28	  R	  0.2	  0.4	0.000	0.000	0.000
29	  R	  0.0	  0.1	0.000	0.000	0.000
