res	aa	Beta	Turn	Helix	Aggregation	Conc-Stab_Aggregation
01	  S	  0.2	  0.0	1.230	0.000	0.000
02	  L	  0.3	  0.0	1.230	0.468	0.468
03	  L	  0.9	  0.1	1.360	0.468	0.468
04	  E	  0.7	  0.1	2.216	0.468	0.468
05	  L	  0.7	  0.3	2.216	0.468	0.468
06	  G	  0.0	  0.3	2.747	0.468	0.468
07	  K	  0.6	  0.2	2.321	0.468	0.468
08	  M	  2.1	  0.2	1.768	0.468	0.468
09	  I	  3.5	  0.0	1.635	0.468	0.468
10	  L	  3.0	  0.0	1.635	0.468	0.468
11	  Q	  1.5	  0.2	1.513	0.000	0.000
12	  E	  0.1	  0.3	0.451	0.000	0.000
13	  T	  0.1	  0.6	0.000	0.000	0.000
14	  G	  0.1	  0.5	0.000	0.000	0.000
15	  K	  0.2	  0.3	0.000	0.000	0.000
16	  M	  0.1	  0.6	0.000	0.000	0.000
17	  P	  0.1	  0.5	0.000	0.000	0.000
18	  S	  2.3	  1.5	0.000	0.000	0.000
19	  K	  2.7	  1.6	0.000	0.000	0.000
20	  S	  3.4	  1.3	0.000	0.000	0.000
21	  Y	  1.3	  2.0	0.000	0.000	0.000
22	  G	  0.9	  1.3	0.000	0.000	0.000
23	  A	  0.3	  1.3	0.000	0.000	0.000
24	  Y	  0.6	  2.8	0.000	0.000	0.000
25	  G	  0.7	  2.3	0.000	0.000	0.000
26	  C	  1.8	  2.1	0.000	0.000	0.000
27	  N	  1.4	  1.9	0.000	0.000	0.000
28	  C	  1.5	  0.2	0.000	0.000	0.000
29	  G	  0.2	  0.1	0.000	0.000	0.000
30	  V	  0.8	  0.0	0.000	0.000	0.000
31	  L	  0.6	  0.0	0.000	0.000	0.000
32	  G	  0.6	  0.0	0.000	0.000	0.000
33	  R	  0.0	  0.0	0.000	0.000	0.000
