res	aa	Beta	Turn	Helix	Aggregation	Conc-Stab_Aggregation
01	  A	  0.0	  0.2	0.000	0.000	0.000
02	  D	  0.0	  0.3	0.000	0.000	0.000
03	  D	  0.0	  0.3	0.000	0.000	0.000
04	  R	  0.0	  0.3	0.000	0.000	0.000
05	  N	  0.0	  0.4	1.776	0.000	0.000
06	  P	  0.0	  0.3	1.776	0.000	0.000
07	  L	  0.0	  0.4	1.776	0.000	0.000
08	  E	  0.0	  0.4	1.776	0.000	0.000
09	  E	  0.5	  0.1	1.776	0.000	0.000
10	  C	  3.6	  0.1	1.776	0.000	0.000
11	  F	  4.1	  0.1	1.065	0.000	0.000
12	  R	  3.7	  0.1	0.696	0.000	0.000
13	  E	  0.6	  0.2	0.362	0.000	0.000
14	  T	  0.5	  0.2	0.214	0.000	0.000
15	  D	  1.8	  0.1	3.734	0.000	0.000
16	  Y	  2.3	  0.1	3.955	0.000	0.000
17	  E	  2.0	  0.1	4.383	0.000	0.000
18	  E	  0.7	  0.1	4.711	0.000	0.000
19	  F	  0.7	  0.1	5.550	0.000	0.000
20	  L	  1.9	  0.0	6.889	0.000	0.000
21	  E	  2.5	  0.0	6.889	0.000	0.000
22	  I	  2.3	  0.0	6.889	0.000	0.000
23	  A	  1.2	  0.7	6.889	0.000	0.000
24	  K	  0.5	  2.5	6.753	0.000	0.000
25	  N	  0.1	  2.6	6.052	0.000	0.000
26	  G	  0.0	  2.6	1.888	0.000	0.000
27	  L	  0.2	  1.9	0.156	0.000	0.000
28	  S	  1.2	  0.1	0.000	0.000	0.000
29	  T	  1.2	  0.0	0.000	0.000	0.000
30	  T	  1.0	  0.0	0.000	0.000	0.000
