res	aa	Beta	Turn	Helix	Aggregation	Conc-Stab_Aggregation
01	  A	  0.0	  0.2	0.000	0.000	0.000
02	  D	  0.0	  0.3	0.000	0.000	0.000
03	  D	  0.0	  0.3	0.000	0.000	0.000
04	  R	  0.0	  0.3	0.000	0.000	0.000
05	  N	  0.0	  0.4	4.323	0.000	0.000
06	  P	  0.0	  0.3	4.323	0.000	0.000
07	  L	  0.0	  0.4	4.434	0.000	0.000
08	  E	  0.1	  0.4	4.722	0.000	0.000
09	  E	  0.7	  0.1	4.722	0.000	0.000
10	  F	  1.2	  0.2	4.722	0.000	0.000
11	  R	  1.3	  0.4	3.243	0.000	0.000
12	  E	  0.7	  0.4	2.817	0.000	0.000
13	  N	  0.3	  0.4	2.584	0.000	0.000
14	  N	  2.7	  0.3	1.812	0.000	0.000
15	  Y	  3.3	  0.1	0.576	0.000	0.000
16	  E	  3.2	  0.1	0.000	0.000	0.000
17	  E	  0.8	  0.1	0.000	0.000	0.000
18	  F	  0.2	  0.1	0.000	0.000	0.000
19	  L	  0.1	  0.0	0.000	0.000	0.000
