res	aa	Beta	Turn	Helix	Aggregation	Conc-Stab_Aggregation
01	  A	  0.1	  0.0	0.000	0.000	0.000
02	  D	  1.8	  0.0	0.000	0.000	0.000
03	  V	  3.3	  0.0	0.000	0.000	0.000
04	  R	  3.3	  0.0	0.000	0.000	0.000
05	  N	  1.5	  0.3	1.751	0.000	0.000
06	  P	  0.0	  0.3	1.751	0.000	0.000
07	  L	  0.0	  0.4	1.751	0.000	0.000
08	  E	  0.1	  0.4	1.751	0.000	0.000
09	  E	  0.7	  0.1	1.751	0.000	0.000
10	  F	  1.3	  0.2	1.751	0.000	0.000
11	  R	  1.2	  0.1	0.510	0.000	0.000
12	  E	  0.7	  0.2	0.153	0.000	0.000
13	  T	  0.5	  0.2	0.000	0.000	0.000
14	  D	  1.8	  0.1	0.000	0.000	0.000
15	  Y	 10.2	  0.0	0.000	0.000	0.000
16	  E	 10.3	  0.0	0.000	0.000	0.000
17	  V	  9.0	  0.0	0.000	0.000	0.000
18	  L	  0.5	  0.0	0.000	0.000	0.000
