res	aa	Beta	Turn	Helix	Aggregation	Conc-Stab_Aggregation
01	  N	  0.0	  0.0	0.000	0.000	0.000
02	  L	  0.2	  0.0	0.000	0.000	0.000
03	  L	  1.8	  0.0	0.000	0.000	0.000
04	  Q	  3.7	  0.0	0.000	0.000	0.000
05	  F	  4.2	  0.0	0.000	0.000	0.000
06	  N	  2.6	  0.0	0.498	0.000	0.000
07	  K	  1.2	  0.0	0.498	0.000	0.000
08	  M	  1.0	  0.0	0.498	0.000	0.000
09	  I	  6.0	  0.0	0.498	0.000	0.000
10	  K	  6.0	  0.0	0.498	0.000	0.000
11	  I	  7.5	  0.0	0.498	0.000	0.000
12	  M	  3.0	  0.0	0.498	0.000	0.000
13	  T	  3.3	  0.1	0.276	0.000	0.000
14	  K	  1.5	  0.3	0.276	0.000	0.000
15	  K	  1.0	  0.3	0.139	0.000	0.000
16	  N	  0.3	  0.3	0.000	0.000	0.000
17	  A	  0.3	  0.2	0.000	0.000	0.000
18	  I	  0.3	  0.1	0.000	0.000	0.000
19	  P	  0.1	  0.1	0.000	0.000	0.000
20	  F	  2.3	  0.2	0.000	0.000	0.000
21	  Y	  4.7	  0.2	0.000	0.000	0.000
22	  S	  4.7	  0.0	0.000	0.000	0.000
23	  S	  2.4	  0.0	0.000	0.000	0.000
