res	aa	Beta	Turn	Helix	Aggregation	Conc-Stab_Aggregation
01	  K	  0.1	  0.0	0.000	0.000	0.000
02	  D	  0.6	  0.0	0.000	0.000	0.000
03	  F	  2.6	  0.0	0.000	0.000	0.000
04	  C	  5.3	  0.0	0.000	0.000	0.000
05	  H	  4.8	  0.0	0.000	0.000	0.000
06	  L	  2.9	  0.0	0.000	0.000	0.000
07	  P	  0.0	  0.0	0.000	0.000	0.000
08	  P	  0.0	  0.0	0.000	0.000	0.000
09	  K	  0.0	  0.0	0.000	0.000	0.000
10	  P	  0.0	  0.0	0.000	0.000	0.000
11	  G	  0.0	  0.2	0.000	0.000	0.000
12	  P	  0.0	  0.2	0.000	0.000	0.000
13	  C	  2.4	  0.3	0.000	0.000	0.000
14	  R	  2.5	  0.2	0.000	0.000	0.000
15	  A	  2.7	  0.0	0.000	0.000	0.000
16	  A	  0.2	  0.0	0.000	0.000	0.000
17	  I	  0.2	  0.0	0.000	0.000	0.000
