res	aa	Beta	Turn	Helix	Aggregation	Conc-Stab_Aggregation
01	  L	  0.9	  0.0	0.000	0.188	0.188
02	  I	  2.1	  0.0	0.000	64.961	64.961
03	  C	  3.4	  0.0	0.000	67.048	67.048
04	  F	  3.9	  0.0	0.000	67.048	67.048
05	  I	  3.9	  0.0	0.000	67.048	67.048
06	  C	  8.9	  0.0	0.000	67.048	67.048
07	  F	  7.9	  0.0	0.000	62.425	62.425
08	  S	  6.7	  0.4	0.000	0.094	0.094
09	  P	  0.4	  0.5	0.000	0.046	0.046
10	  T	  0.6	  0.5	0.000	0.000	0.000
11	  A	  0.6	  0.5	0.000	0.000	0.000
12	  H	  0.6	  0.0	0.000	0.000	0.000
