res	aa	Beta	Turn	Helix	Aggregation	Conc-Stab_Aggregation
01	  A	  0.0	  0.0	0.000	0.000	0.000
02	  A	  0.2	  0.0	0.000	0.307	0.307
03	  A	  0.5	  0.0	0.000	0.452	0.452
04	  I	  6.1	  0.0	0.000	0.452	0.452
05	  S	  7.4	  0.0	0.000	0.452	0.452
06	  C	  7.4	  0.4	0.000	0.452	0.452
07	  V	  1.9	  0.8	0.000	0.452	0.452
08	  G	  0.5	  0.8	0.000	0.000	0.000
09	  S	  0.6	  1.0	0.000	0.000	0.000
10	  K	  0.7	  0.7	0.000	0.000	0.000
11	  E	  0.9	  0.3	0.000	0.000	0.000
12	  C	  0.6	  0.2	0.000	0.000	0.000
13	  L	  0.4	  0.3	0.000	0.000	0.000
14	  P	  0.2	  0.3	0.244	0.000	0.000
15	  K	  0.8	  0.3	0.244	0.000	0.000
16	  C	  1.8	  0.3	0.244	0.000	0.000
17	  K	  1.9	  0.3	0.244	0.000	0.000
18	  A	  1.2	  0.8	0.244	0.000	0.000
19	  Q	  0.1	  0.9	0.244	0.000	0.000
20	  G	  0.0	  0.9	0.000	0.000	0.000
21	  C	  0.4	  1.4	0.000	0.000	0.000
22	  K	  0.5	  1.3	0.000	0.000	0.000
23	  S	  0.5	  1.3	0.000	0.000	0.000
24	  G	  0.1	  1.3	0.000	0.000	0.000
25	  K	  0.5	  0.5	0.000	0.000	0.000
26	  C	  2.5	  0.5	0.000	0.000	0.000
27	  M	  2.6	  0.3	0.000	0.000	0.000
28	  N	  2.1	  0.5	0.000	0.000	0.000
29	  K	  0.3	  0.5	0.000	0.000	0.000
30	  K	  0.9	  0.2	0.000	0.000	0.000
31	  C	  1.6	  0.3	0.000	0.000	0.000
32	  K	  2.1	  0.1	0.000	0.000	0.000
33	  C	  4.5	  0.1	0.000	0.000	0.000
34	  Y	  3.8	  0.1	0.000	0.000	0.000
35	  C	  3.2	  0.0	0.000	0.000	0.000
