res	aa	Beta	Turn	Helix	Aggregation	Conc-Stab_Aggregation
01	  H	  0.5	  0.0	0.000	0.000	0.000
02	  L	  0.7	  0.0	0.000	0.000	0.000
03	  L	  2.3	  0.0	0.000	0.000	0.000
04	  Q	  3.7	  0.0	0.000	0.000	0.000
05	  F	  4.2	  0.0	0.000	0.000	0.000
06	  N	  2.6	  0.0	0.414	0.000	0.000
07	  K	  1.2	  0.0	0.414	0.000	0.000
08	  M	  1.0	  0.0	0.414	0.000	0.000
09	  I	  4.0	  0.0	0.414	0.000	0.000
10	  K	  6.8	  0.0	0.414	0.000	0.000
11	  F	  6.8	  0.1	0.414	0.000	0.000
12	  E	  4.0	  0.1	0.145	0.000	0.000
13	  T	  1.5	  0.1	0.000	0.000	0.000
14	  R	  1.6	  0.4	0.000	0.000	0.000
15	  K	  1.6	  0.3	0.000	0.000	0.000
16	  N	  0.8	  0.3	0.000	0.000	0.000
17	  A	  0.3	  0.2	0.000	0.000	0.000
18	  I	  0.3	  0.1	0.000	0.000	0.000
19	  P	  0.1	  0.1	0.000	0.000	0.000
20	  F	  1.7	  0.1	0.000	0.000	0.000
21	  Y	  2.5	  0.1	0.000	0.000	0.000
22	  A	  2.5	  0.0	0.000	0.000	0.000
23	  F	  0.9	  0.0	0.000	0.000	0.000
