res	aa	Beta	Turn	Helix	Aggregation	Conc-Stab_Aggregation
01	  D	  0.0	  0.0	0.000	0.000	0.000
02	  D	  0.4	  0.0	0.000	0.000	0.000
03	  C	  0.8	  0.1	0.000	0.000	0.000
04	  T	  4.0	  0.1	0.000	0.000	0.000
05	  T	 12.5	  0.0	0.000	0.202	0.202
06	  Y	 15.0	  0.0	0.000	0.545	0.545
07	  C	 12.4	  0.1	0.090	0.545	0.545
08	  Y	  3.9	  0.2	0.090	0.545	0.545
09	  G	  0.8	  0.2	0.090	0.545	0.545
10	  V	  3.8	  0.2	0.090	0.545	0.545
11	  H	  9.3	  0.0	0.090	0.000	0.000
12	  C	  9.3	  0.0	0.090	0.000	0.000
13	  C	  6.0	  0.0	0.090	0.000	0.000
14	  P	  0.0	  0.1	0.000	0.000	0.000
15	  P	  0.0	  0.1	0.000	0.000	0.000
16	  A	  0.3	  0.1	0.000	0.000	0.000
17	  F	  4.5	  0.2	0.000	0.000	0.000
18	  K	  5.2	  0.0	0.000	0.000	0.000
19	  C	  6.4	  0.0	0.000	0.000	0.000
20	  A	  2.4	  0.0	0.000	0.000	0.000
21	  A	  1.6	  0.0	0.000	0.000	0.000
22	  S	  0.2	  4.8	0.000	0.000	0.000
23	  P	  0.1	  4.9	0.000	0.000	0.000
24	  S	  1.3	  4.9	0.000	0.000	0.000
25	  C	  1.8	  5.0	0.000	0.000	0.000
26	  K	  2.2	  0.1	0.000	0.000	0.000
27	  Q	  1.0	  0.1	0.000	0.000	0.000
28	  T	  0.5	  0.1	0.000	0.000	0.000
