res	aa	Beta	Turn	Helix	Aggregation	Conc-Stab_Aggregation
01	  N	  0.2	  0.0	0.000	0.000	0.000
02	  L	  0.5	  0.0	0.000	13.126	13.126
03	  V	  3.6	  0.0	1.178	14.037	14.037
04	  Q	  9.7	  0.0	1.939	14.140	14.140
05	  F	 11.3	  0.1	2.302	17.977	17.977
06	  E	  8.4	  0.1	3.469	18.168	18.168
07	  L	  2.7	  0.1	3.845	18.168	18.168
08	  L	  1.9	  0.1	3.845	18.168	18.168
09	  I	  2.7	  0.0	3.845	18.168	18.168
10	  M	  3.9	  0.0	3.845	18.168	18.168
11	  K	  4.7	  0.0	3.621	18.168	18.168
12	  V	  4.6	  0.0	3.102	15.892	15.892
13	  A	  2.7	  0.0	3.102	3.948	3.948
14	  K	  1.0	  0.3	2.218	0.000	0.000
15	  R	  0.4	  0.4	1.063	0.000	0.000
16	  S	  0.3	  0.4	0.000	0.000	0.000
17	  G	  0.1	  0.4	0.000	0.209	0.209
18	  L	  0.4	  0.2	0.000	0.340	0.340
19	  L	  2.4	  0.2	0.000	0.340	0.340
20	  S	 23.1	  0.3	0.000	0.340	0.340
21	  Y	 25.0	  0.3	0.000	0.340	0.340
22	  S	 23.3	  0.2	0.000	0.131	0.131
23	  A	  2.9	  0.2	0.000	0.000	0.000
