res	aa	Beta	Turn	Helix	Aggregation	Conc-Stab_Aggregation
01	  N	  0.0	  0.0	0.000	0.000	0.000
02	  L	  0.2	  0.0	0.000	0.262	0.262
03	  M	  2.1	  0.0	0.000	0.262	0.262
04	  Q	  8.5	  0.0	0.000	0.262	0.262
05	  F	  8.8	  0.2	0.000	1.274	1.274
06	  E	  7.0	  0.2	0.115	1.274	1.274
07	  T	  0.9	  0.2	2.662	1.274	1.274
08	  L	  1.7	  0.2	2.662	1.274	1.274
09	  I	  2.5	  0.0	2.662	1.274	1.274
10	  M	  4.0	  0.0	2.662	1.274	1.274
11	  K	  4.8	  0.0	2.662	1.274	1.274
12	  V	  4.5	  0.2	2.662	1.274	1.274
13	  A	  2.6	  0.5	2.662	0.265	0.265
14	  G	  0.6	  0.8	1.631	0.000	0.000
15	  R	  0.1	  1.0	1.099	0.000	0.000
16	  S	  0.1	  0.8	0.000	3.902	3.902
17	  G	  0.2	  0.6	0.000	34.508	34.508
18	  V	  1.5	  0.2	0.000	45.695	45.695
19	  W	  2.3	  0.0	0.000	45.695	45.695
20	  Y	  3.2	  0.1	0.000	45.695	45.695
21	  Y	  1.9	  0.1	0.000	45.623	45.623
22	  G	  1.1	  0.1	0.000	17.514	17.514
23	  S	  0.1	  0.1	0.000	0.000	0.000
