res	aa	Beta	Turn	Helix	Aggregation	Conc-Stab_Aggregation
01	  Y	  1.0	  0.0	0.000	0.000	0.000
02	  I	  3.7	  0.0	0.000	0.000	0.000
03	  E	  3.7	  0.0	0.000	0.000	0.000
04	  L	  3.0	  0.0	0.000	6.375	6.375
05	  A	  1.1	  0.0	0.000	6.375	6.375
06	  V	  5.3	  0.0	0.000	6.375	6.375
07	  V	  5.6	  0.2	0.000	6.375	6.375
08	  A	  4.9	  0.3	0.000	6.375	6.375
09	  D	  0.7	  0.6	0.000	0.000	0.000
10	  H	  0.2	  0.8	0.000	0.000	0.000
11	  G	  0.3	  0.6	0.353	0.000	0.000
12	  I	  1.7	  0.4	0.353	0.000	0.000
13	  F	  5.5	  0.1	0.353	0.000	0.000
14	  T	  6.6	  0.0	0.353	0.000	0.000
15	  K	  6.0	  0.0	0.353	0.000	0.000
16	  Y	  3.3	  0.1	0.353	0.000	0.000
17	  N	  2.0	  1.0	0.114	0.000	0.000
18	  S	  1.3	  1.0	0.000	0.000	0.000
19	  N	  0.3	  1.7	0.000	0.000	0.000
20	  L	  0.6	  1.7	0.000	0.000	0.000
21	  N	  1.8	  0.7	0.000	0.000	0.000
22	  T	  6.9	  0.7	0.000	0.000	0.000
23	  I	  6.6	  0.0	0.000	0.000	0.000
24	  R	  5.4	  0.0	0.000	0.000	0.000
