res	aa	Beta	Turn	Helix	Aggregation	Conc-Stab_Aggregation
01	  N	  0.0	  0.0	0.000	0.000	0.000
02	  L	  0.2	  0.0	0.000	3.107	3.107
03	  M	  2.0	  0.0	0.852	3.259	3.259
04	  Q	  8.5	  0.0	1.548	3.532	3.532
05	  F	 10.3	  0.1	1.646	13.021	13.021
06	  E	  8.6	  0.1	2.463	13.694	13.694
07	  L	  2.8	  0.1	2.664	13.694	13.694
08	  L	  1.9	  0.1	2.664	13.694	13.694
09	  I	  2.7	  0.0	2.664	13.694	13.694
10	  M	  4.0	  0.0	2.664	13.694	13.694
11	  K	  4.8	  0.0	2.407	13.694	13.694
12	  V	  4.5	  0.2	1.845	12.974	12.974
13	  A	  2.5	  0.5	1.845	3.315	3.315
14	  G	  0.6	  0.8	1.234	0.193	0.193
15	  R	  0.1	  1.0	0.878	0.000	0.000
16	  S	  0.2	  0.8	0.000	2.981	2.981
17	  G	  0.2	  0.5	0.000	25.886	25.886
18	  I	  4.2	  0.2	0.000	36.737	36.737
19	  V	  5.6	  0.0	0.000	36.737	36.737
20	  W	  6.8	  0.0	0.000	36.737	36.737
21	  Y	  4.2	  0.0	0.000	36.620	36.620
22	  S	  2.8	  0.0	0.000	16.995	16.995
23	  D	  1.5	  0.0	0.000	0.000	0.000
