res	aa	Beta	Turn	Helix	Aggregation	Conc-Stab_Aggregation
01	  S	  1.1	  0.0	0.463	0.000	0.000
02	  V	  4.3	  0.0	0.463	2.134	2.134
03	  I	  6.9	  0.1	0.463	2.134	2.134
04	  E	  5.8	  0.1	1.044	2.134	2.134
05	  L	  2.7	  0.2	1.044	2.134	2.134
06	  G	  0.0	  0.2	1.553	2.134	2.134
07	  K	  0.6	  0.1	1.366	2.134	2.134
08	  M	  2.1	  0.1	1.090	2.134	2.134
09	  I	  3.5	  0.0	1.090	2.134	2.134
10	  L	  3.0	  0.0	1.090	1.994	1.994
11	  Q	  1.5	  0.2	1.211	0.000	0.000
12	  E	  0.1	  0.3	0.508	0.000	0.000
13	  T	  0.1	  0.6	0.121	0.000	0.000
14	  G	  0.1	  0.6	0.121	0.000	0.000
15	  K	  0.1	  0.4	0.121	0.000	0.000
16	  N	  0.0	  0.2	0.239	0.000	0.000
17	  P	  0.0	  0.0	0.118	0.000	0.000
18	  V	  4.6	  0.0	0.118	0.000	0.000
19	  T	  7.6	  0.0	0.118	0.000	0.000
20	  H	  8.3	  0.3	0.118	0.000	0.000
21	  Y	  4.0	  0.3	0.118	0.000	0.000
22	  G	  0.9	  0.2	0.000	0.000	0.000
23	  A	  0.2	  0.2	0.000	0.000	0.000
