res	aa	Beta	Turn	Helix	Aggregation	Conc-Stab_Aggregation
01	  G	  0.0	  0.0	0.000	0.000	0.000
02	  V	  3.3	  0.0	0.000	28.338	28.338
03	  I	  6.0	  0.0	0.237	29.217	29.217
04	  E	  6.5	  0.0	0.512	29.217	29.217
05	  L	  3.7	  0.0	0.512	29.217	29.217
06	  T	  1.9	  0.0	0.645	29.217	29.217
07	  K	  1.8	  0.0	0.645	29.217	29.217
08	  M	  3.1	  0.0	0.645	29.217	29.217
09	  I	  5.6	  0.0	0.645	29.217	29.217
10	  V	  5.6	  0.0	0.645	28.622	28.622
11	  Q	  4.0	  0.0	0.787	1.109	1.109
12	  E	  0.7	  0.1	0.251	0.000	0.000
13	  M	  0.1	  0.3	0.251	0.000	0.000
14	  G	  0.1	  0.7	0.251	0.000	0.000
15	  K	  0.1	  0.7	0.251	0.000	0.000
16	  N	  0.1	  0.5	0.586	0.000	0.000
17	  A	  0.2	  0.4	0.335	0.215	0.215
18	  L	  0.5	  0.1	0.335	0.215	0.215
19	  T	  1.9	  0.1	0.335	0.215	0.215
20	  S	 22.6	  0.2	0.335	0.215	0.215
21	  Y	 24.2	  0.2	0.335	0.215	0.215
22	  S	 22.9	  0.2	0.000	0.000	0.000
23	  L	  2.5	  0.2	0.000	0.000	0.000
