res	aa	Beta	Turn	Helix	Aggregation	Conc-Stab_Aggregation
01	  G	  0.0	  0.0	0.111	0.000	0.000
02	  C	  1.0	  0.0	0.111	27.282	27.282
03	  W	  1.9	  0.0	0.111	27.282	27.282
04	  I	  2.9	  0.0	0.111	27.282	27.282
05	  C	  2.5	  0.0	0.111	27.282	27.282
06	  W	  1.6	  0.1	0.111	27.282	27.282
07	  G	  0.6	  1.2	0.111	0.000	0.000
08	  P	  0.0	  1.3	0.000	0.000	0.000
09	  N	  0.0	  1.4	0.150	0.000	0.000
10	  A	  0.3	  1.3	0.150	0.000	0.000
11	  C	  9.2	  0.2	0.150	0.000	0.000
12	  C	  9.5	  0.6	0.150	0.000	0.000
13	  R	  9.2	  0.5	0.150	0.000	0.000
14	  G	  0.4	  0.5	0.150	0.000	0.000
15	  S	  0.8	  0.5	0.000	0.000	0.000
16	  V	  1.8	  0.0	0.000	0.000	0.000
17	  C	  2.5	  0.1	0.000	0.000	0.000
18	  H	  2.1	  0.3	0.000	0.000	0.000
19	  D	  1.8	  0.3	0.000	0.000	0.000
20	  Y	  1.3	  0.3	0.000	0.000	0.000
21	  C	  1.0	  0.1	0.000	0.000	0.000
22	  P	  0.3	  0.0	0.000	0.000	0.000
23	  S	  0.0	  0.0	0.000	0.000	0.000
