res	aa	Beta	Turn	Helix	Aggregation	Conc-Stab_Aggregation
01	  M	  0.7	  0.0	0.000	0.000	0.000
02	  E	  1.2	  0.0	0.000	0.000	0.000
03	  W	  1.3	  0.0	0.000	0.000	0.000
04	  Y	  0.6	  0.2	1.507	0.000	0.000
05	  P	  0.1	  0.3	3.652	0.000	0.000
06	  E	  0.1	  0.3	3.901	0.000	0.000
07	  A	  0.1	  0.3	3.901	0.000	0.000
08	  A	  0.1	  0.4	3.901	0.000	0.000
09	  A	  0.1	  0.3	3.901	0.000	0.000
10	  N	  0.1	  0.5	3.901	0.000	0.000
11	  A	  0.1	  0.6	2.664	0.015	0.015
12	  E	  0.3	  0.2	2.146	0.033	0.033
13	  R	  1.9	  0.2	1.303	0.033	0.033
14	  Y	  5.5	  0.1	0.494	82.072	82.072
15	  T	  6.0	  0.0	0.000	83.875	83.875
16	  Q	  5.8	  0.0	0.000	90.910	90.910
17	  I	  6.1	  0.0	0.000	91.025	91.025
18	  V	  6.7	  0.0	0.000	91.025	91.025
19	  W	  6.0	  0.0	0.000	90.841	90.841
20	  Y	  2.0	  0.0	0.000	86.918	86.918
21	  K	  0.7	  0.0	0.000	0.168	0.168
