res	aa	Beta	Turn	Helix	Aggregation	Conc-Stab_Aggregation
01	  S	  0.6	  0.0	0.000	0.000	0.000
02	  L	  0.9	  0.0	0.000	0.000	0.000
03	  C	  1.5	  0.0	0.000	0.000	0.000
04	  D	  0.9	  0.0	0.000	0.000	0.000
05	  K	  0.7	  0.2	0.000	0.000	0.000
06	  P	  0.0	  0.2	0.000	0.000	0.000
07	  H	  0.4	  0.4	0.000	0.000	0.000
08	  H	  0.8	  0.4	0.000	0.000	0.000
09	  N	  2.3	  0.2	0.000	0.000	0.000
10	  C	  5.0	  0.5	0.000	0.000	0.000
11	  I	  5.2	  1.3	0.000	0.000	0.000
12	  D	  3.7	  1.4	0.222	0.000	0.000
13	  G	  0.6	  1.5	0.222	0.000	0.000
14	  Q	  0.3	  1.2	0.222	0.000	0.000
15	  T	  4.1	  0.2	0.222	0.000	0.000
16	  C	  5.9	  0.1	0.222	0.000	0.000
17	  Y	  6.2	  0.0	0.222	0.000	0.000
18	  H	  3.9	  0.0	0.000	0.000	0.000
19	  T	 11.1	  0.0	0.000	0.000	0.000
20	  C	 22.9	  0.0	0.000	0.000	0.000
21	  C	 22.0	  0.9	0.000	0.000	0.000
22	  Q	 13.3	  1.4	0.000	0.000	0.000
23	  N	  0.7	  1.4	0.000	0.000	0.000
24	  G	  0.0	  1.4	0.130	0.000	0.000
25	  L	  2.0	  0.6	0.130	0.000	0.000
26	  K	  2.7	  0.0	0.130	0.000	0.000
27	  C	  4.3	  0.0	0.130	0.000	0.000
28	  V	  5.8	  0.0	0.130	0.000	0.000
29	  R	  5.2	  0.0	0.130	0.000	0.000
30	  Y	  3.6	  0.0	0.130	0.000	0.000
31	  P	  0.1	  0.0	0.000	0.000	0.000
