res	aa	Beta	Turn	Helix	Aggregation	Conc-Stab_Aggregation
01	  E	  1.1	  0.0	0.000	0.000	0.000
02	  C	 10.8	  0.0	0.000	0.000	0.000
03	  C	 12.0	  0.0	0.000	0.000	0.000
04	  H	 11.4	  0.1	0.000	0.000	0.000
05	  R	  2.4	  0.1	0.000	0.000	0.000
06	  Q	  1.5	  0.1	0.000	0.000	0.000
07	  L	  2.1	  0.1	0.000	1.031	1.031
08	  L	  6.1	  0.0	0.000	1.383	1.383
09	  C	 14.1	  0.0	0.000	1.383	1.383
10	  C	 14.5	  0.0	0.000	1.383	1.383
11	  L	 11.1	  0.0	0.000	1.383	1.383
12	  R	  4.0	  0.0	0.000	1.139	1.139
13	  F	  2.4	  0.0	0.000	1.139	1.139
14	  V	  1.2	  0.0	0.000	1.139	1.139
