res	aa	Beta	Turn	Helix	Aggregation	Conc-Stab_Aggregation
01	  D	  0.0	  0.1	0.000	0.000	0.000
02	  D	  0.0	  0.3	0.000	0.000	0.000
03	  E	  0.2	  0.3	0.000	0.000	0.000
04	  T	  5.9	  0.3	0.000	0.000	0.000
05	  T	  6.7	  0.2	0.000	0.000	0.000
06	  F	  6.6	  0.2	0.000	0.000	0.000
07	  P	  0.9	  0.2	0.000	0.000	0.000
08	  C	  0.5	  0.4	0.000	0.000	0.000
09	  N	  0.5	  1.1	0.000	0.000	0.000
10	  S	  0.6	  1.2	0.000	0.000	0.000
11	  G	  0.1	  1.2	0.000	0.000	0.000
12	  R	  0.6	  1.0	0.000	0.000	0.000
13	  C	  1.0	  0.3	0.000	0.000	0.000
14	  A	  1.5	  0.0	0.000	0.000	0.000
15	  C	  1.3	  0.0	0.000	0.000	0.000
16	  L	  0.7	  0.2	0.000	0.000	0.000
17	  P	  0.2	  0.6	0.000	0.000	0.000
18	  E	  0.0	  0.6	0.000	0.000	0.000
19	  D	  0.1	  0.8	0.000	0.000	0.000
20	  S	  1.1	  0.7	0.000	0.000	0.000
21	  H	  1.3	  0.4	0.000	0.000	0.000
22	  S	  7.9	  0.3	0.000	0.000	0.000
23	  Y	 23.4	  0.2	0.000	0.000	0.000
24	  T	 27.7	  0.0	0.000	0.000	0.000
25	  C	 22.5	  0.0	0.000	0.000	0.000
26	  Q	  6.4	  0.0	0.000	0.000	0.000
27	  S	  0.9	  0.0	0.000	0.000	0.000
28	  P	  0.0	  0.0	0.000	0.000	0.000
