res	aa	Beta	Turn	Helix	Aggregation	Conc-Stab_Aggregation
01	  T	  1.0	  0.0	0.000	0.000	0.000
02	  N	  1.1	  0.0	0.000	0.000	0.000
03	  T	  1.1	  0.3	0.140	0.000	0.000
04	  P	  0.1	  0.8	0.140	0.000	0.000
05	  E	  0.0	  0.9	0.140	0.000	0.000
06	  D	  0.0	  1.0	0.961	0.000	0.000
07	  D	  0.1	  0.7	1.531	0.000	0.000
08	  R	  0.6	  0.2	1.531	0.000	0.000
09	  Y	  1.4	  0.1	1.531	0.000	0.000
10	  L	  1.5	  0.4	1.391	0.000	0.000
11	  Q	  1.4	  0.4	1.391	0.000	0.000
12	  D	  0.9	  0.4	1.176	0.000	0.000
13	  Y	  2.4	  0.4	0.715	0.000	0.000
14	  V	  7.2	  0.0	0.325	0.000	0.000
15	  Y	  6.8	  0.0	0.325	0.000	0.000
16	  I	  5.2	  0.0	0.000	0.000	0.000
