res	aa	Beta	Turn	Helix	Aggregation	Conc-Stab_Aggregation
01	  S	  0.2	  0.0	0.000	0.000	0.000
02	  L	  0.3	  0.0	0.000	0.000	0.000
03	  L	  1.8	  0.0	0.272	0.000	0.000
04	  Q	  8.2	  0.0	0.406	0.000	0.000
05	  F	 10.2	  0.0	0.406	0.000	0.000
06	  E	  8.8	  0.0	0.963	0.000	0.000
07	  M	  3.3	  0.0	0.963	0.000	0.000
08	  M	  2.5	  0.0	1.431	0.000	0.000
09	  I	  3.2	  0.0	2.074	0.000	0.000
10	  M	  4.1	  0.0	2.736	0.000	0.000
11	  E	  4.2	  0.0	2.969	0.000	0.000
12	  V	  4.2	  0.0	2.969	0.000	0.000
13	  A	  2.3	  0.0	2.969	0.000	0.000
14	  K	  1.0	  0.3	2.969	0.000	0.000
15	  R	  0.4	  0.4	2.598	0.000	0.000
16	  S	  0.3	  0.6	1.306	1.939	1.939
17	  G	  0.2	  0.5	0.000	40.367	40.367
18	  I	  0.9	  0.3	0.000	58.810	58.810
19	  F	  1.8	  0.2	0.000	58.810	58.810
20	  W	  3.0	  0.0	0.000	58.810	58.810
21	  Y	  5.1	  0.0	0.000	58.810	58.810
22	  S	  4.1	  0.0	0.000	28.079	28.079
23	  A	  2.8	  0.0	0.000	0.000	0.000
