res	aa	Beta	Turn	Helix	Aggregation	Conc-Stab_Aggregation
01	  V	  1.1	  0.0	0.000	0.000	0.000
02	  A	  1.3	  0.0	0.000	0.000	0.000
03	  T	  1.6	  0.0	0.000	0.000	0.000
04	  S	  0.6	  0.0	0.000	0.000	0.000
05	  E	  0.4	  0.5	0.000	0.000	0.000
06	  P	  0.0	  0.5	0.000	0.000	0.000
07	  N	  0.1	  0.5	0.000	0.000	0.000
08	  R	  1.4	  0.5	0.000	0.000	0.000
09	  Y	  4.3	  0.0	0.000	0.000	0.000
10	  F	  4.3	  0.0	0.000	0.000	0.000
11	  N	  3.1	  0.3	0.000	0.000	0.000
12	  P	  0.2	  0.3	0.000	0.000	0.000
13	  Y	  5.9	  0.3	0.000	0.000	0.000
14	  S	  6.8	  0.3	0.130	0.000	0.000
15	  Y	  8.5	  0.0	0.130	0.000	0.000
16	  V	  5.9	  0.0	0.130	0.000	0.000
17	  E	  5.1	  0.0	0.130	0.000	0.000
18	  L	  4.4	  0.0	0.130	39.465	39.465
19	  I	  4.7	  0.0	0.130	39.465	39.465
20	  I	 21.1	  0.0	0.130	39.465	39.465
21	  T	 23.8	  0.0	0.130	39.465	39.465
22	  V	 21.0	  0.1	0.130	39.465	39.465
23	  D	  4.8	  0.1	0.130	0.000	0.000
24	  H	  0.7	  0.1	0.000	0.000	0.000
25	  S	  0.0	  0.0	0.000	0.000	0.000
