res	aa	Beta	Turn	Helix	Aggregation	Conc-Stab_Aggregation
01	  R	  0.0	  0.2	0.000	0.000	0.000
02	  P	  0.0	  0.2	0.000	0.000	0.000
03	  K	  2.3	  0.2	0.000	0.000	0.000
04	  C	 27.7	  0.2	0.000	0.000	0.000
05	  C	 34.7	  0.0	0.000	0.000	0.000
06	  C	 33.1	  0.0	0.000	0.516	0.516
07	  V	  8.9	  0.2	0.000	2.081	2.081
08	  C	  1.0	  0.2	0.000	2.081	2.081
09	  G	  0.4	  0.2	0.000	2.081	2.081
10	  V	  1.2	  0.2	0.000	2.081	2.081
11	  V	  1.1	  0.2	0.000	2.081	2.081
12	  G	  1.1	  0.3	0.000	0.000	0.000
13	  R	  0.1	  0.3	0.000	0.000	0.000
14	  K	  2.8	  0.3	0.000	0.000	0.000
15	  C	 11.1	  0.1	0.000	0.000	0.000
16	  C	 11.2	  0.2	0.000	0.000	0.000
17	  S	  9.0	  0.1	0.130	0.000	0.000
18	  T	  5.4	  0.1	0.225	0.000	0.000
19	  W	  5.4	  0.2	0.225	0.000	0.000
20	  D	  4.9	  0.1	0.225	0.000	0.000
21	  K	  1.7	  0.1	0.225	0.000	0.000
22	  C	  1.6	  0.1	0.225	0.000	0.000
23	  H	  1.5	  0.1	0.225	0.000	0.000
24	  P	  0.2	  0.0	0.000	0.000	0.000
25	  V	  8.8	  0.0	0.000	0.000	0.000
26	  H	  8.9	  0.0	0.000	0.000	0.000
27	  L	  9.0	  0.0	0.000	0.000	0.000
28	  P	  0.2	  0.0	0.000	0.000	0.000
29	  C	  0.0	  0.8	0.000	0.000	0.000
30	  P	  0.0	  0.8	0.000	0.000	0.000
31	  S	  0.0	  0.8	0.000	0.000	0.000
32	  S	  0.0	  0.8	0.000	0.000	0.000
