res	aa	Beta	Turn	Helix	Aggregation	Conc-Stab_Aggregation
01	  G	  0.0	  0.0	0.000	0.000	0.000
02	  D	  0.0	  0.2	0.000	0.000	0.000
03	  A	  0.2	  0.2	0.000	0.123	0.123
04	  C	  1.6	  0.3	0.000	0.123	0.123
05	  S	  1.7	  0.2	0.000	0.123	0.123
06	  L	  2.0	  0.4	0.000	0.123	0.123
07	  L	  0.7	  1.0	0.000	0.123	0.123
08	  N	  0.5	  2.3	0.000	0.000	0.000
09	  G	  0.1	  2.7	0.000	0.000	0.000
10	  D	  0.0	  2.6	0.000	0.000	0.000
11	  D	  0.0	  1.9	0.000	0.000	0.000
12	  C	  0.0	  0.8	0.000	0.000	0.000
13	  G	  0.0	  2.3	0.000	0.000	0.000
14	  P	  0.0	  2.2	0.000	0.000	0.000
15	  G	  0.0	  2.3	0.000	0.000	0.000
16	  E	  0.2	  2.2	0.000	0.000	0.000
17	  L	  5.0	  0.2	0.000	0.000	0.000
18	  C	  9.0	  0.1	0.000	0.000	0.000
19	  C	  9.1	  0.0	0.000	0.000	0.000
20	  T	  4.4	  1.4	0.000	0.000	0.000
21	  P	  0.3	  1.7	0.000	0.000	0.000
22	  S	  0.1	  4.7	0.000	0.000	0.000
23	  G	  0.0	  4.7	0.000	0.000	0.000
24	  D	  0.1	  3.5	0.000	0.000	0.000
25	  H	  0.1	  3.6	0.000	0.000	0.000
26	  Q	  0.1	  0.6	0.000	0.000	0.000
27	  G	  0.1	  0.6	0.000	0.000	0.000
28	  T	  4.3	  0.4	0.000	0.000	0.000
29	  C	  4.5	  0.2	0.000	0.000	0.000
30	  E	  4.5	  0.2	0.000	0.000	0.000
31	  T	  2.3	  0.2	0.000	0.000	0.000
32	  S	  4.2	  0.2	0.000	0.000	0.000
33	  C	  4.1	  0.0	0.000	0.000	0.000
34	  W	  2.1	  0.0	0.000	0.000	0.000
