res	aa	Beta	Turn	Helix	Aggregation	Conc-Stab_Aggregation
01	  N	  0.5	  0.0	0.000	0.000	0.000
02	  L	  0.7	  0.0	0.000	1.077	1.077
03	  F	  6.3	  0.0	0.238	1.077	1.077
04	  Q	  6.3	  0.0	0.333	1.077	1.077
05	  F	  6.5	  0.1	0.333	1.077	1.077
06	  A	  1.1	  0.1	0.333	1.077	1.077
07	  R	  1.3	  0.1	0.333	0.000	0.000
08	  M	  1.4	  0.3	0.333	0.000	0.000
09	  I	  2.0	 10.3	0.333	0.000	0.000
10	  N	  1.5	 10.4	0.333	0.000	0.000
11	  G	  0.9	 10.5	0.333	0.000	0.000
12	  K	  0.1	 10.4	0.215	0.000	0.000
13	  L	  0.1	  0.6	0.000	0.226	0.226
14	  G	  0.1	  0.5	0.000	0.226	0.226
15	  A	  0.5	  0.4	0.000	0.226	0.226
16	  F	  4.8	  0.4	0.000	0.226	0.226
17	  S	  4.7	  0.0	0.000	0.226	0.226
18	  V	  4.3	  0.0	0.000	0.000	0.000
