res	aa	Beta	Turn	Helix	Aggregation	Conc-Stab_Aggregation
01	  Y	  1.1	  0.0	0.000	0.000	0.000
02	  Y	  2.5	  0.0	0.000	0.000	0.000
03	  I	  3.1	  0.0	0.000	0.000	0.000
04	  C	  2.8	  0.4	0.000	0.000	0.000
05	  E	  1.6	  0.4	0.000	0.000	0.000
06	  S	  2.8	  0.4	0.000	0.000	0.000
07	  C	  2.6	  0.4	0.000	0.000	0.000
08	  W	 12.9	  0.0	0.000	0.000	0.000
09	  T	 14.9	  0.0	0.000	0.000	0.000
10	  C	 15.1	  0.4	0.000	0.000	0.000
11	  E	  5.2	  0.4	0.000	0.000	0.000
12	  S	  1.8	  0.4	0.000	0.000	0.000
13	  C	  1.2	  1.4	0.000	0.000	0.000
14	  A	  1.0	  2.0	0.000	0.000	0.000
15	  G	  0.2	  2.0	0.000	0.000	0.000
16	  S	  0.2	  2.1	0.000	0.000	0.000
17	  T	  0.5	  1.2	0.000	0.000	0.000
18	  E	  0.5	  0.4	0.000	0.000	0.000
19	  S	  1.0	  0.3	0.000	0.000	0.000
20	  S	  2.2	  0.3	0.000	0.000	0.000
21	  C	  3.7	  0.2	0.000	0.000	0.000
22	  V	  5.0	  0.1	0.000	0.000	0.000
23	  S	  3.8	  0.1	0.144	0.000	0.000
24	  A	  2.3	  0.1	0.144	0.000	0.000
25	  C	  1.5	  0.1	0.144	0.000	0.000
26	  N	  1.2	  0.2	0.715	0.000	0.000
27	  A	  1.2	  0.2	0.715	0.000	0.000
28	  C	  0.6	  0.2	0.715	0.000	0.000
29	  D	  0.7	  0.2	0.571	0.000	0.000
30	  L	  0.7	  0.1	0.571	0.000	0.000
31	  C	  0.2	  2.0	0.571	0.000	0.000
32	  P	  0.1	  1.9	0.000	0.000	0.000
33	  N	  0.0	  1.9	0.000	0.000	0.000
34	  K	  0.0	  1.9	0.000	0.000	0.000
