res	aa	Beta	Turn	Helix	Aggregation	Conc-Stab_Aggregation
01	  S	  0.5	  0.0	0.236	0.000	0.000
02	  V	  2.0	  0.0	0.236	0.000	0.000
03	  L	  3.3	  0.0	0.236	0.000	0.000
04	  E	  2.8	  0.0	0.362	0.000	0.000
05	  I	  1.6	  0.1	0.362	0.505	0.505
06	  G	  0.3	  0.1	0.362	0.505	0.505
07	  L	  1.2	  0.1	0.238	0.505	0.505
08	  M	  1.2	  0.1	0.370	0.505	0.505
09	  L	  1.2	  0.0	0.590	0.505	0.505
10	  Q	  0.3	  0.1	0.850	0.000	0.000
11	  E	  0.1	  0.1	1.113	0.000	0.000
12	  E	  0.1	  0.1	1.113	0.000	0.000
13	  T	  0.3	  0.2	1.113	0.000	0.000
14	  E	  0.7	  0.1	1.113	0.000	0.000
15	  K	  0.7	  0.1	1.113	0.000	0.000
16	  N	  0.4	  0.3	1.312	0.000	0.000
17	  P	  0.0	  0.3	0.199	0.000	0.000
18	  K	  0.1	  0.3	0.199	0.000	0.000
19	  T	  1.5	  0.3	0.199	0.000	0.000
20	  S	 22.4	  0.2	0.199	0.000	0.000
21	  Y	 25.3	  0.2	0.199	0.000	0.000
22	  S	 24.1	  0.1	0.000	0.000	0.000
23	  I	  4.0	  0.1	0.000	0.000	0.000
