res	aa	Beta	Turn	Helix	Aggregation	Conc-Stab_Aggregation
01	  V	  1.0	  0.0	0.000	0.000	0.000
02	  I	  1.1	  0.3	0.000	0.000	0.000
03	  G	  1.1	  0.7	0.000	0.000	0.000
04	  G	  0.1	  0.7	0.000	0.000	0.000
05	  D	  0.4	  0.7	0.000	0.000	0.000
06	  I	  0.5	  0.4	0.000	0.000	0.000
07	  C	  2.2	  0.0	0.000	0.000	0.000
08	  N	  3.4	  0.4	0.000	0.000	0.000
09	  I	  3.4	  0.4	0.000	0.000	0.000
10	  N	  1.9	  0.6	0.000	0.000	0.000
11	  E	  0.6	  0.6	0.000	0.000	0.000
12	  H	  0.8	  0.3	0.000	0.000	0.000
13	  N	  0.9	  0.2	0.132	1.569	1.569
14	  F	  1.5	  0.0	0.132	85.507	85.507
15	  L	  1.9	  0.0	0.132	89.423	89.423
16	  V	  5.3	  0.0	0.132	89.423	89.423
17	  A	  4.4	  0.0	0.132	89.423	89.423
18	  L	  3.6	  0.0	0.132	89.291	89.291
19	  Y	  0.3	  0.0	0.132	81.206	81.206
20	  E	  0.1	  0.0	0.000	0.000	0.000
