res	aa	Beta	Turn	Helix	Aggregation	Conc-Stab_Aggregation
01	  N	  0.5	  0.0	0.000	0.000	0.000
02	  L	  0.7	  0.0	0.000	11.185	11.185
03	  F	  6.4	  0.0	0.000	11.185	11.185
04	  Q	  6.3	  0.0	0.110	11.185	11.185
05	  F	  6.4	  0.2	0.110	11.596	11.596
06	  A	  0.8	  0.2	0.204	11.596	11.596
07	  E	  0.4	  0.2	0.204	2.065	2.065
08	  M	  1.7	  0.2	0.204	2.065	2.065
09	  I	  4.3	  0.0	0.204	2.065	2.065
10	  V	 11.8	  0.0	0.204	2.065	2.065
11	  K	 12.1	  0.0	0.204	2.065	2.065
12	  M	  9.7	  0.1	0.000	1.227	1.227
13	  T	  2.6	  0.2	0.000	0.188	0.188
14	  G	  0.2	  0.3	0.000	0.000	0.000
15	  K	  0.2	  0.3	0.000	0.000	0.000
16	  E	  0.2	  0.2	0.000	0.000	0.000
17	  A	  1.0	  0.1	0.000	0.000	0.000
18	  V	  0.9	  0.0	0.000	0.000	0.000
19	  H	  0.9	  0.0	0.000	0.000	0.000
