res	aa	Beta	Turn	Helix	Aggregation	Conc-Stab_Aggregation
01	  L	  0.0	  0.1	0.000	0.000	0.000
02	  G	  0.0	  1.1	0.000	0.000	0.000
03	  P	  0.0	  1.1	0.000	0.000	0.000
04	  D	  1.1	  1.1	0.000	0.000	0.000
05	  I	  6.6	  1.0	0.000	0.000	0.000
06	  V	  6.6	  0.0	0.000	0.000	0.000
07	  S	  5.5	  0.0	0.000	0.000	0.000
08	  P	  0.0	  0.0	0.000	0.000	0.000
09	  P	  0.0	  0.0	0.000	0.000	0.000
10	  V	  0.4	  0.0	0.000	0.000	0.000
11	  C	  0.4	  0.6	0.000	0.000	0.000
12	  G	  0.4	  0.6	0.000	0.000	0.000
13	  N	  0.1	  0.6	0.000	0.000	0.000
14	  E	  0.0	  0.6	0.000	0.000	0.000
15	  L	  0.1	  0.1	0.000	0.000	0.000
16	  L	  1.8	  0.1	0.000	0.000	0.000
17	  E	  1.9	  0.0	0.000	0.000	0.000
18	  V	  1.9	  0.1	0.000	0.000	0.000
19	  G	  0.2	  0.3	0.000	0.000	0.000
20	  E	  0.1	  0.3	0.000	0.000	0.000
21	  E	  0.8	  0.4	0.000	0.000	0.000
22	  C	  1.6	  0.4	0.000	0.000	0.000
23	  D	  1.6	  0.3	0.000	0.000	0.000
24	  C	  1.0	  0.2	0.000	0.000	0.000
25	  G	  0.1	  0.2	0.000	0.000	0.000
26	  T	  0.1	  0.3	0.000	0.000	0.000
27	  P	  0.0	  0.9	0.000	0.000	0.000
28	  E	  0.1	  0.9	0.000	0.000	0.000
29	  N	  0.6	  0.9	0.000	0.000	0.000
30	  C	  1.3	  0.9	0.000	0.000	0.000
31	  Q	  1.5	  0.3	0.000	0.000	0.000
32	  N	  1.0	  0.3	0.000	0.000	0.000
33	  E	  0.3	  0.3	0.000	0.000	0.000
