res	aa	Beta	Turn	Helix	Aggregation	Conc-Stab_Aggregation
01	  D	  1.2	  0.0	0.000	0.000	0.000
02	  C	  6.7	  0.0	0.000	0.000	0.000
03	  C	  7.4	  0.3	0.000	0.000	0.000
04	  Y	  6.4	  0.6	0.000	0.000	0.000
05	  G	  0.9	  0.6	0.000	0.000	0.000
06	  R	  6.2	  0.7	0.000	0.000	0.000
07	  V	  6.4	  1.4	0.000	0.000	0.000
08	  N	  6.4	  1.6	0.000	0.000	0.000
09	  G	  0.4	  1.6	0.000	0.000	0.000
10	  C	  0.2	  1.5	0.000	0.000	0.000
11	  N	  0.2	  0.7	0.289	0.000	0.000
12	  P	  0.1	  0.2	0.289	0.000	0.000
13	  K	  0.4	  0.2	0.289	0.000	0.000
14	  M	  0.4	  0.5	0.289	0.000	0.000
15	  A	  0.4	  0.4	0.289	0.000	0.000
16	  D	  0.1	  2.1	0.289	0.000	0.000
17	  K	  0.1	  2.1	0.169	0.000	0.000
18	  N	  1.3	  1.8	0.000	0.000	0.000
19	  Y	  1.2	  1.7	0.000	0.000	0.000
20	  E	  1.1	  0.0	0.000	0.000	0.000
