res	aa	Beta	Turn	Helix	Aggregation	Conc-Stab_Aggregation
01	  K	  0.0	  0.8	0.000	0.000	0.000
02	  D	  0.0	  0.8	0.000	0.000	0.000
03	  G	  0.0	  0.8	0.000	0.348	0.348
04	  Y	  1.0	  0.8	0.000	0.348	0.348
05	  L	  1.2	  0.2	0.000	0.348	0.348
06	  V	  1.3	  0.9	0.000	0.348	0.348
07	  G	  0.3	  2.1	0.000	0.348	0.348
08	  S	  0.1	  2.7	0.090	0.000	0.000
09	  D	  0.0	  2.8	0.090	0.000	0.000
10	  G	  0.0	  2.1	0.090	0.000	0.000
11	  C	  0.2	  0.8	0.090	0.000	0.000
12	  K	  0.8	  0.2	0.090	0.000	0.000
13	  Y	 19.7	  0.1	0.090	0.000	0.000
14	  S	 20.4	  0.1	0.090	0.000	0.000
15	  C	 20.2	  0.1	0.000	0.000	0.000
16	  L	  1.7	  0.1	0.000	0.000	0.000
17	  T	  0.7	  0.0	0.000	0.000	0.000
18	  R	  0.4	  0.0	0.000	0.000	0.000
19	  P	  0.1	  0.0	0.000	0.000	0.000
20	  G	  0.0	  0.0	0.000	0.000	0.000
