res	aa	Beta	Turn	Helix	Aggregation	Conc-Stab_Aggregation
01	  C	  0.2	  0.5	0.000	0.000	0.000
02	  A	  0.3	  0.6	0.000	0.000	0.000
03	  G	  0.3	  0.8	0.000	0.000	0.000
04	  I	  0.1	  3.2	0.000	0.000	0.000
05	  G	  0.1	  2.7	0.000	0.000	0.000
06	  S	  2.9	  2.6	0.000	0.000	0.000
07	  F	  4.4	  2.6	0.000	0.000	0.000
08	  C	  4.7	  0.2	0.000	0.000	0.000
09	  G	  1.9	  0.2	0.000	0.000	0.000
10	  L	  0.3	  0.8	0.000	0.000	0.000
11	  P	  0.0	  0.6	0.000	0.000	0.000
12	  G	  0.0	  0.6	0.000	0.000	0.000
13	  L	  0.5	  0.6	0.000	0.000	0.000
14	  V	  2.9	  0.0	0.000	0.000	0.000
15	  D	  4.0	  0.0	0.000	0.000	0.000
16	  C	 12.0	  0.0	0.000	0.000	0.000
17	  C	  9.8	  0.5	0.000	0.000	0.000
18	  S	  8.6	  0.6	0.000	0.000	0.000
19	  D	  0.1	  0.6	0.000	0.000	0.000
20	  R	  2.1	  0.6	0.000	0.000	0.000
21	  C	  3.5	  0.1	0.000	11.080	11.080
22	  F	  5.0	  0.0	0.000	17.523	17.523
23	  I	  5.5	  0.0	0.000	17.523	17.523
24	  V	  7.5	  0.0	0.000	17.523	17.523
25	  C	  6.1	  0.0	0.000	17.523	17.523
26	  L	  3.7	  0.0	0.000	7.367	7.367
27	  P	  0.2	  0.0	0.000	0.000	0.000
