res	aa	Beta	Turn	Helix	Aggregation	Conc-Stab_Aggregation
01	  N	  1.2	  0.2	0.000	0.000	0.000
02	  V	  3.0	  0.2	0.000	0.000	0.000
03	  D	  3.4	  0.7	0.000	0.000	0.000
04	  F	  3.4	  0.7	0.000	0.000	0.000
05	  N	  1.7	  0.6	0.354	0.000	0.000
06	  S	  1.4	  1.2	9.048	0.000	0.000
07	  E	  0.3	  0.8	9.048	0.000	0.000
08	  S	  0.8	  0.8	10.664	0.000	0.000
09	  T	  1.5	  0.8	11.027	0.000	0.000
10	  R	  1.5	  0.1	11.027	0.000	0.000
11	  R	  1.0	  0.1	11.027	0.000	0.000
12	  K	  0.3	  0.2	8.440	0.000	0.000
13	  K	  0.2	  0.2	4.984	0.000	0.000
14	  K	  0.2	  0.3	2.571	0.000	0.000
15	  Q	  0.2	  0.2	1.035	0.000	0.000
16	  N	  0.2	  0.2	0.254	0.000	0.000
17	  E	  0.4	  0.1	0.095	0.000	0.000
18	  I	  1.3	  0.0	0.000	0.000	0.000
19	  V	  3.5	  0.0	0.000	0.000	0.000
20	  D	  3.3	  0.0	0.000	0.000	0.000
21	  L	  2.6	  0.1	0.000	0.000	0.000
22	  H	  0.4	  0.1	0.000	0.000	0.000
23	  N	  0.4	  0.2	0.000	0.000	0.000
24	  S	  2.0	  0.2	0.000	0.000	0.000
25	  L	  2.0	  0.2	0.000	0.000	0.000
26	  R	  2.2	  0.2	0.000	0.000	0.000
27	  R	  1.1	  0.1	0.000	0.000	0.000
28	  T	  5.3	  0.1	0.000	0.000	0.000
29	  V	  5.0	  0.0	0.000	0.000	0.000
30	  N	  4.3	  0.0	0.000	0.000	0.000
