res	aa	Beta	Turn	Helix	Aggregation	Conc-Stab_Aggregation
01	  S	  0.0	  0.5	0.000	0.000	0.000
02	  G	  0.2	  0.5	0.000	0.000	0.000
03	  C	  9.2	  0.5	0.000	0.000	0.000
04	  C	  9.3	  0.5	0.000	0.000	0.000
05	  S	  9.2	  0.0	0.000	0.000	0.000
06	  N	  0.2	  0.3	0.131	0.000	0.000
07	  P	  0.0	  0.3	0.131	0.000	0.000
08	  A	  0.1	  0.3	0.131	0.000	0.000
09	  C	  2.4	  0.3	0.131	0.000	0.000
10	  R	  8.7	  0.0	0.131	0.000	0.000
11	  V	  9.4	  0.0	0.131	0.000	0.000
12	  N	  7.3	  0.0	0.131	0.000	0.000
13	  N	  0.9	  2.7	0.000	0.000	0.000
14	  P	  0.0	  2.7	0.000	0.000	0.000
15	  N	  1.7	  2.7	0.000	0.000	0.000
16	  I	  1.7	  2.7	0.000	0.000	0.000
17	  C	  1.7	  0.0	0.000	0.000	0.000
