res	aa	Beta	Turn	Helix	Aggregation	Conc-Stab_Aggregation
01	  F	  0.9	  0.2	0.000	0.000	0.000
02	  F	  1.1	  3.1	0.000	0.757	0.757
03	  G	  1.1	  3.1	0.000	0.757	0.757
04	  S	  0.3	  3.1	0.138	0.944	0.944
05	  L	  0.6	  2.9	0.138	0.944	0.944
06	  L	  2.3	  0.2	0.138	0.944	0.944
07	  S	  2.2	  0.3	0.465	0.505	0.505
08	  L	  1.8	  0.6	0.465	0.505	0.505
09	  G	  0.2	  0.7	0.465	0.000	0.000
10	  S	  0.2	  0.7	0.327	0.000	0.000
11	  K	  0.7	  0.4	0.327	0.000	0.000
12	  L	  0.8	  0.1	0.327	0.000	0.000
13	  L	  0.6	  0.4	0.327	0.000	0.000
14	  P	  0.1	  0.3	0.000	0.000	0.000
15	  S	  0.9	  0.3	0.126	0.000	0.000
16	  V	  2.0	  0.3	0.126	0.000	0.000
17	  F	  3.3	  0.0	0.126	0.000	0.000
18	  K	  2.7	  0.0	0.126	0.000	0.000
19	  L	  1.8	  0.0	0.126	0.000	0.000
20	  F	  2.5	  0.1	0.126	0.000	0.000
21	  Q	  2.6	  0.1	0.000	0.000	0.000
22	  R	  2.4	  0.1	0.000	0.000	0.000
23	  K	  0.6	  0.1	0.000	0.000	0.000
24	  K	  0.3	  0.1	0.000	0.000	0.000
25	  E	  0.2	  0.0	0.000	0.000	0.000
