res	aa	Beta	Turn	Helix	Aggregation	Conc-Stab_Aggregation
01	  K	  0.8	  0.0	0.000	0.000	0.000
02	  Y	  3.9	  0.0	0.000	0.000	0.000
03	  C	  6.8	  0.1	0.000	0.000	0.000
04	  Y	  6.4	  0.2	0.000	0.000	0.000
05	  N	  3.3	  2.3	0.000	0.000	0.000
06	  D	  0.4	  6.1	0.000	0.000	0.000
07	  D	  0.0	  6.0	0.324	0.000	0.000
08	  D	  0.2	  5.9	0.324	0.000	0.000
09	  C	  0.5	  4.0	0.324	0.000	0.000
10	  K	  0.8	  0.3	0.324	0.000	0.000
11	  S	  0.6	  0.3	0.424	0.000	0.000
12	  E	  0.4	  0.3	0.424	0.000	0.000
13	  C	  1.9	  0.1	0.535	0.000	0.000
14	  M	  3.9	  0.1	0.535	0.000	0.000
15	  V	  6.4	  0.0	0.535	0.000	0.000
16	  V	  7.6	  0.0	0.535	0.000	0.000
17	  K	  6.3	  0.0	0.535	0.000	0.000
18	  Y	  5.6	  0.0	0.435	0.000	0.000
19	  C	  3.9	  0.3	0.312	0.000	0.000
20	  Q	  3.1	  0.4	0.200	0.000	0.000
21	  Q	  1.3	  0.5	0.095	0.000	0.000
22	  G	  0.1	  0.5	0.000	0.000	0.000
23	  T	  4.4	  0.2	0.000	0.000	0.000
24	  C	  7.5	  0.1	0.000	0.000	0.000
25	  Y	  8.5	  0.0	0.000	0.000	0.000
26	  C	  4.3	  0.4	0.000	0.000	0.000
27	  K	  1.2	  0.4	0.000	0.000	0.000
28	  G	  0.1	  0.4	0.000	0.000	0.000
29	  N	  0.0	  0.4	0.000	0.000	0.000
