res	aa	Beta	Turn	Helix	Aggregation	Conc-Stab_Aggregation
01	  D	  0.0	  0.0	0.000	0.000	0.000
02	  C	  0.3	  0.2	0.000	7.679	7.679
03	  L	  0.4	  0.3	0.000	7.679	7.679
04	  G	  0.4	  0.3	0.000	7.679	7.679
05	  W	  0.7	  0.3	0.000	7.679	7.679
06	  F	  1.5	  0.2	0.000	7.679	7.679
07	  K	  2.4	  0.2	0.000	0.000	0.000
08	  S	 14.0	  0.2	0.000	0.000	0.000
09	  C	 13.2	  0.2	0.000	0.000	0.000
10	  D	 12.3	  0.6	0.154	0.000	0.000
11	  P	  0.1	  0.9	0.154	0.000	0.000
12	  K	  0.0	  1.0	0.154	0.000	0.000
13	  N	  0.0	  1.1	0.154	0.000	0.000
14	  D	  0.1	  0.7	0.230	0.000	0.000
15	  K	  2.9	  0.4	0.230	0.000	0.000
16	  C	  9.1	  0.3	0.076	0.000	0.000
17	  C	  9.2	  0.5	0.076	0.000	0.000
18	  K	  6.4	  0.3	0.076	0.000	0.000
19	  N	  0.9	  0.6	0.076	0.000	0.000
20	  Y	 18.3	  0.7	0.000	0.000	0.000
21	  S	 34.5	  0.5	0.000	0.000	0.000
22	  C	 34.3	  0.5	0.000	0.000	0.000
23	  S	 20.7	  0.3	0.593	0.000	0.000
24	  R	  1.5	  0.5	0.593	0.000	0.000
25	  R	  0.7	  0.4	0.593	0.000	0.000
26	  D	  0.4	  0.4	0.593	0.000	0.000
27	  R	  0.2	  0.4	0.593	0.000	0.000
28	  W	  0.8	  0.1	0.593	0.000	0.000
29	  C	  1.0	  0.3	0.335	0.000	0.000
30	  K	  1.5	  0.2	0.150	0.000	0.000
31	  Y	  2.0	  0.2	0.075	0.000	0.000
32	  D	  1.8	  0.2	0.000	0.000	0.000
33	  L	  1.2	  0.1	0.000	0.000	0.000
