res	aa	Beta	Turn	Helix	Aggregation	Conc-Stab_Aggregation
01	  S	  4.2	  0.4	0.000	0.000	0.000
02	  V	  6.1	  0.4	0.000	0.000	0.000
03	  D	  6.5	  1.0	0.000	0.000	0.000
04	  F	  3.2	  1.0	0.000	0.000	0.000
05	  D	  1.3	  0.8	0.000	0.000	0.000
06	  S	  1.2	  0.8	0.000	0.000	0.000
07	  E	  0.4	  0.2	0.000	0.000	0.000
08	  S	  0.3	  0.5	0.000	0.000	0.000
09	  P	  0.0	  0.3	0.000	0.000	0.000
10	  R	  0.1	  0.3	0.000	0.000	0.000
11	  K	  0.0	  0.3	0.000	0.000	0.000
12	  P	  0.0	  0.0	0.000	0.000	0.000
13	  A	  0.2	  0.0	0.000	0.000	0.000
14	  I	  0.3	  0.1	0.000	0.000	0.000
15	  Q	  0.3	  0.1	0.000	0.000	0.000
16	  N	  0.2	  0.1	0.000	0.000	0.000
17	  E	  0.5	  0.1	0.000	0.000	0.000
18	  I	  1.3	  0.0	0.000	0.000	0.000
19	  V	  3.5	  0.0	0.000	0.000	0.000
20	  D	  3.3	  0.0	0.000	0.000	0.000
21	  L	  2.7	  0.0	0.000	0.000	0.000
22	  H	  0.4	  0.0	0.000	0.000	0.000
23	  N	  0.4	  0.3	0.164	0.000	0.000
24	  P	  0.0	  0.3	0.164	0.000	0.000
25	  L	  0.2	  0.3	0.164	0.000	0.000
26	  R	  0.3	  0.4	0.164	0.000	0.000
27	  R	  0.6	  0.1	0.164	0.000	0.000
28	  A	  0.7	  0.1	0.164	0.000	0.000
29	  V	  0.5	  0.0	0.000	0.000	0.000
30	  N	  0.2	  0.0	0.000	0.000	0.000
