res	aa	Beta	Turn	Helix	Aggregation	Conc-Stab_Aggregation
01	  S	  0.0	  0.0	0.000	0.000	0.000
02	  N	  0.0	  0.2	0.000	0.000	0.000
03	  K	  0.1	  0.4	0.000	0.000	0.000
04	  K	  0.2	  0.4	0.000	0.000	0.000
05	  N	  1.2	  0.4	0.315	0.000	0.000
06	  Y	  3.0	  0.3	0.315	0.000	0.000
07	  Q	  3.3	  0.1	0.315	0.000	0.000
08	  K	  2.7	  0.1	0.315	0.000	0.000
09	  E	  1.1	  0.1	0.315	0.000	0.000
10	  I	  1.6	  0.1	0.315	0.000	0.000
11	  V	  1.4	  0.0	0.315	0.000	0.000
12	  D	  1.1	  0.3	0.852	0.000	0.000
13	  K	  0.3	  0.4	0.852	0.000	0.000
14	  H	  0.2	  0.3	0.691	0.000	0.000
15	  N	  0.2	  0.4	0.840	0.000	0.000
16	  A	  0.4	  0.2	0.840	0.000	0.000
17	  L	  0.4	  0.2	0.840	0.000	0.000
18	  R	  0.7	  0.2	0.622	0.000	0.000
19	  R	  1.2	  0.1	0.413	0.000	0.000
20	  S	  2.2	  0.1	0.303	0.000	0.000
21	  V	  1.9	  0.1	0.000	0.000	0.000
22	  K	  1.1	  0.0	0.000	0.000	0.000
