res	aa	Beta	Turn	Helix	Aggregation	Conc-Stab_Aggregation
01	  D	  0.0	  0.2	0.000	0.000	0.000
02	  E	  1.0	  0.2	0.000	0.000	0.000
03	  C	 23.0	  0.2	0.000	0.000	0.000
04	  C	 24.0	  0.2	0.000	0.000	0.000
05	  A	 23.1	  0.0	0.000	0.000	0.000
06	  I	  2.0	  0.0	0.000	0.000	0.000
07	  P	  0.1	  0.0	0.480	0.000	0.000
08	  F	  2.7	  0.0	0.607	0.000	0.000
09	  C	  3.6	  0.1	0.607	0.000	0.000
10	  A	  3.9	  0.1	0.607	0.000	0.000
11	  K	  1.8	  0.1	0.607	0.000	0.000
12	  I	  1.0	  0.1	0.607	0.000	0.000
13	  F	  0.7	  2.2	0.607	0.000	0.000
14	  P	  0.1	  2.3	0.000	0.000	0.000
15	  G	  0.1	  2.3	0.000	0.000	0.000
16	  R	  0.2	  2.3	0.000	0.000	0.000
17	  C	  0.2	  0.1	0.000	0.000	0.000
18	  P	  0.1	  0.0	0.000	0.000	0.000
