res	aa	Beta	Turn	Helix	Aggregation	Conc-Stab_Aggregation
01	  A	  0.2	  0.0	0.000	0.000	0.000
02	  C	  0.5	  0.3	0.000	0.000	0.000
03	  L	  0.5	  0.4	0.000	0.000	0.000
04	  G	  0.3	  0.4	0.000	0.000	0.000
05	  Q	  1.1	  0.4	0.000	0.000	0.000
06	  W	  1.5	  0.1	0.000	0.000	0.000
07	  D	  1.7	  0.2	0.000	0.000	0.000
08	  S	 12.8	  0.2	0.000	0.000	0.000
09	  C	 12.5	  0.2	0.000	0.000	0.000
10	  D	 12.2	  0.6	1.132	0.000	0.000
11	  P	  0.1	  0.5	1.132	0.000	0.000
12	  K	  0.1	  0.7	1.132	0.000	0.000
13	  A	  0.3	  0.7	1.132	0.000	0.000
14	  S	  0.9	  0.3	1.132	0.000	0.000
15	  K	  5.3	  0.3	1.132	0.000	0.000
16	  C	  6.1	  0.2	0.432	0.000	0.000
17	  C	  5.5	  1.9	0.251	0.000	0.000
18	  P	  1.0	  1.8	0.000	0.000	0.000
19	  N	  0.1	  1.8	1.547	0.000	0.000
20	  Y	  1.4	  1.8	1.662	0.000	0.000
21	  A	  1.5	  0.0	1.863	0.000	0.000
22	  C	  2.5	  0.0	1.863	0.000	0.000
23	  E	  3.3	  0.0	1.863	0.000	0.000
24	  W	  4.4	  0.0	1.863	0.000	0.000
25	  K	  3.4	  0.0	1.863	0.000	0.000
26	  Y	  1.3	  0.2	1.336	0.000	0.000
27	  P	  0.1	  0.2	0.000	0.000	0.000
28	  W	  1.3	  0.2	0.000	0.000	0.000
29	  C	  2.0	  0.2	0.000	0.000	0.000
30	  R	  2.5	  0.0	0.000	0.000	0.000
31	  Y	  2.5	  0.0	0.000	0.000	0.000
32	  K	  2.2	  0.0	0.000	0.000	0.000
33	  L	  1.7	  0.0	0.000	0.000	0.000
34	  F	  0.4	  0.0	0.000	0.000	0.000
