res	aa	Beta	Turn	Helix	Aggregation	Conc-Stab_Aggregation
01	  D	  0.0	  3.4	0.000	0.000	0.000
02	  K	  0.1	  3.4	0.000	0.000	0.000
03	  N	  0.1	  3.4	0.000	0.000	0.000
04	  K	  0.1	  3.4	0.000	0.000	0.000
05	  K	  0.1	  0.0	0.107	0.000	0.000
06	  P	  0.0	  0.0	0.225	0.000	0.000
07	  I	  1.0	  0.0	0.515	0.129	0.129
08	  W	  1.4	  0.0	0.515	0.129	0.129
09	  M	  1.5	  0.9	0.515	0.129	0.129
10	  A	  0.5	  0.9	0.515	0.129	0.129
11	  G	  0.1	  0.9	0.515	0.129	0.129
12	  F	  0.1	  2.6	0.515	0.000	0.000
13	  P	  0.0	  1.8	0.000	0.000	0.000
14	  G	  0.3	  1.8	0.000	0.000	0.000
15	  F	  0.9	  1.8	0.000	0.000	0.000
16	  T	  0.9	  0.0	0.000	0.000	0.000
17	  P	  0.6	  0.0	0.000	0.000	0.000
18	  I	  0.0	  0.0	0.000	0.000	0.000
19	  R	  0.0	  0.0	0.000	0.000	0.000
