res	aa	Beta	Turn	Helix	Aggregation	Conc-Stab_Aggregation
01	  T	  2.1	  0.0	0.000	0.000	0.000
02	  C	  3.2	  0.0	0.000	0.000	0.000
03	  L	  4.5	  0.0	0.000	0.000	0.000
04	  E	  2.4	  0.0	0.000	0.000	0.000
05	  I	  1.4	  0.7	0.000	0.000	0.000
06	  G	  0.1	  0.7	0.000	0.000	0.000
07	  E	  0.7	  0.7	0.000	0.000	0.000
08	  F	  2.3	  1.1	0.000	0.000	0.000
09	  C	  2.7	  0.5	0.000	0.000	0.000
10	  G	  2.1	  0.5	0.000	0.000	0.000
11	  K	  0.5	  0.5	0.000	0.000	0.000
12	  P	  0.0	  0.0	0.000	0.000	0.000
13	  M	  1.2	  0.0	0.000	0.000	0.000
14	  M	  1.4	  0.1	0.000	0.000	0.000
15	  V	  1.5	  0.6	0.000	0.000	0.000
16	  G	  0.3	  0.7	0.000	0.000	0.000
17	  S	  0.6	  0.7	0.000	0.000	0.000
18	  L	  5.0	  0.6	0.000	0.000	0.000
19	  C	 19.2	  0.1	0.000	0.000	0.000
20	  C	 18.9	  0.0	0.000	0.000	0.000
21	  S	 14.6	  2.2	0.000	0.000	0.000
22	  P	  0.2	  2.2	0.000	0.086	0.086
23	  G	  0.0	  2.2	0.000	7.279	7.279
24	  W	  1.9	  2.2	0.000	85.687	85.687
25	  C	  2.8	  0.0	0.000	88.925	88.925
26	  F	  3.8	  0.0	0.000	98.145	98.145
27	  F	  3.4	  0.0	0.000	98.145	98.145
28	  I	  3.8	  0.0	0.000	98.033	98.033
29	  C	  3.3	  0.0	0.000	82.433	82.433
30	  V	  1.9	  0.0	0.000	80.092	80.092
31	  G	  0.6	  0.0	0.000	0.000	0.000
