res	aa	Beta	Turn	Helix	Aggregation	Conc-Stab_Aggregation
01	  K	  0.5	  0.1	0.000	0.000	0.000
02	  L	  0.6	  0.5	0.000	0.000	0.000
03	  S	  0.7	  1.5	0.000	0.000	0.000
04	  G	  0.2	  1.5	0.000	0.000	0.000
05	  C	  0.9	  1.7	0.000	0.000	0.000
06	  F	  1.0	  1.3	0.000	0.000	0.000
07	  G	  1.0	  0.4	0.000	0.000	0.000
08	  F	  1.6	  0.4	0.000	0.000	0.000
09	  K	  2.0	  0.2	0.000	0.000	0.000
10	  L	  2.0	  0.3	0.000	0.000	0.000
11	  D	  0.7	  0.3	0.000	0.000	0.000
12	  R	  0.7	  0.2	0.000	0.000	0.000
13	  I	  0.8	  0.5	0.000	0.000	0.000
14	  G	  0.7	  0.4	0.000	0.000	0.000
15	  T	  6.3	  0.6	0.000	0.000	0.000
16	  M	  6.4	  0.7	0.000	0.000	0.000
17	  S	  6.4	  0.5	0.000	0.000	0.000
18	  G	  0.2	  0.8	0.000	0.000	0.000
19	  L	  0.1	  0.5	0.000	0.000	0.000
20	  G	  0.1	  0.4	0.000	0.000	0.000
21	  C	  0.1	  0.3	0.000	0.000	0.000
