res	aa	Beta	Turn	Helix	Aggregation	Conc-Stab_Aggregation
01	  F	  1.0	  0.1	0.000	0.000	0.000
02	  L	  2.7	  0.2	0.000	0.000	0.000
03	  S	  3.3	  0.2	0.000	0.000	0.000
04	  L	  2.4	  0.2	0.000	0.000	0.000
05	  I	  0.7	  0.8	0.000	0.000	0.000
06	  P	  0.1	  0.8	0.000	0.000	0.000
07	  G	  0.0	  0.8	0.000	1.232	1.232
08	  A	  0.4	  0.8	0.000	15.915	15.915
09	  I	  1.9	  0.1	0.000	32.867	32.867
10	  S	  2.1	  0.0	0.350	34.271	34.271
11	  A	  2.0	  0.0	0.350	45.861	45.861
12	  I	  1.6	  0.0	0.350	59.126	59.126
13	  A	  1.7	  0.0	0.350	58.813	58.813
14	  S	  1.8	  0.0	0.350	58.234	58.234
15	  L	  0.9	  0.0	0.350	58.234	58.234
16	  F	  0.5	  0.0	0.167	56.961	56.961
17	  K	  0.2	  0.0	0.000	0.000	0.000
