res	aa	Beta	Turn	Helix	Aggregation	Conc-Stab_Aggregation
01	  D	  0.7	  0.0	0.000	0.000	0.000
02	  C	  1.4	  0.0	0.000	0.000	0.000
03	  R	  2.0	  0.0	0.000	0.000	0.000
04	  Y	  2.1	  0.0	0.000	0.000	0.000
05	  M	  1.5	  0.2	0.000	0.000	0.000
06	  F	  1.0	  2.1	0.000	0.000	0.000
07	  G	  0.2	  2.1	0.000	0.000	0.000
08	  D	  1.1	  2.1	0.000	0.000	0.000
09	  C	  3.5	  2.1	0.000	0.000	0.000
10	  E	  3.7	  0.3	0.000	0.000	0.000
11	  K	  2.7	  0.3	0.000	0.000	0.000
12	  D	  0.3	  6.2	0.145	0.000	0.000
13	  E	  0.1	  6.1	0.145	0.000	0.000
14	  D	  1.1	  6.0	0.935	0.000	0.000
15	  C	  8.7	  6.0	0.935	0.000	0.000
16	  C	  8.8	  0.1	0.935	0.000	0.000
17	  K	  7.8	  0.1	0.935	0.000	0.000
18	  H	  0.5	  0.5	0.935	0.000	0.000
19	  L	  0.3	  0.7	0.790	0.000	0.000
20	  G	  0.2	  0.6	0.922	0.000	0.000
21	  C	  0.5	  0.7	0.553	0.000	0.000
22	  K	  0.7	  0.3	0.393	0.000	0.000
23	  R	  1.0	  0.1	0.393	0.000	0.000
24	  K	  1.8	  0.1	0.393	0.000	0.000
25	  M	  2.4	  0.0	0.393	0.479	0.479
26	  K	  2.9	  0.0	0.000	1.429	1.429
27	  Y	  4.4	  0.0	0.000	1.429	1.429
28	  C	  3.7	  0.1	0.000	1.429	1.429
29	  A	  3.0	  0.2	0.000	1.429	1.429
30	  W	  1.4	  0.2	0.000	1.429	1.429
31	  D	  1.7	  0.2	0.000	1.429	1.429
32	  F	 13.5	  0.1	0.000	1.429	1.429
33	  T	 24.1	  0.0	0.000	1.429	1.429
34	  F	 23.5	  0.0	0.000	1.429	1.429
35	  T	 12.3	  0.0	0.000	0.000	0.000
