res	aa	Beta	Turn	Helix	Aggregation	Conc-Stab_Aggregation
01	  T	 17.5	  0.0	0.000	0.000	0.000
02	  V	 17.9	  0.0	0.000	0.000	0.000
03	  T	 17.9	  0.2	0.000	0.000	0.000
04	  P	  0.5	  0.3	0.000	0.000	0.000
05	  E	  0.1	  0.4	0.000	0.000	0.000
06	  Q	  0.1	  0.4	0.000	0.000	0.000
07	  D	  0.2	  0.2	0.965	0.000	0.000
08	  R	  0.7	  0.1	0.965	0.000	0.000
09	  Y	  1.4	  0.0	0.965	0.000	0.000
10	  L	  2.1	  0.0	0.965	0.000	0.000
11	  Q	  2.5	  0.0	0.965	0.000	0.000
12	  V	  2.4	  0.1	0.965	0.000	0.000
13	  K	  1.7	  0.1	0.965	0.000	0.000
14	  K	  0.7	  0.1	0.412	0.000	0.000
15	  Y	  0.1	  0.1	0.114	0.000	0.000
