res	aa	Beta	Turn	Helix	Aggregation	Conc-Stab_Aggregation
01	  A	  0.2	  0.1	0.000	0.000	0.000
02	  T	  0.3	  0.1	0.000	0.000	0.000
03	  S	  0.3	  0.3	0.000	0.000	0.000
04	  G	  0.1	  0.8	0.000	0.000	0.000
05	  P	  0.0	  0.9	0.000	0.000	0.000
06	  M	  0.1	  0.9	0.000	0.000	0.000
07	  G	  0.2	  0.6	0.000	0.000	0.000
08	  W	  0.2	  0.2	0.000	0.000	0.000
09	  L	  0.1	  0.0	0.000	0.000	0.000
10	  P	  0.1	  0.0	0.000	0.000	0.000
11	  V	  2.1	  0.0	0.000	0.000	0.000
12	  F	  4.0	  0.0	0.000	0.000	0.000
13	  Y	  6.6	  0.0	0.000	0.000	0.000
14	  R	  4.6	  0.0	0.000	0.000	0.000
15	  F	  2.7	  0.0	0.000	0.000	0.000
