res	aa	Beta	Turn	Helix	Aggregation	Conc-Stab_Aggregation
01	  D	  0.0	  0.0	0.000	0.000	0.000
02	  C	  0.0	  1.2	0.000	0.000	0.000
03	  P	  0.0	  1.5	0.000	0.000	0.000
04	  S	  0.0	  1.5	0.000	0.000	0.000
05	  D	  0.7	  1.5	0.000	0.000	0.000
06	  W	  1.0	  0.4	0.000	0.000	0.000
07	  S	  1.0	  0.2	0.000	0.000	0.000
08	  P	  0.2	  0.2	0.000	0.000	0.000
09	  Y	  0.3	  0.8	0.000	0.000	0.000
10	  E	  0.3	  0.9	0.000	0.000	0.000
11	  G	  0.4	  0.7	0.000	0.000	0.000
12	  H	  1.5	  0.7	0.000	0.000	0.000
13	  C	  5.2	  0.1	0.000	0.000	0.000
14	  Y	  5.2	  0.0	0.000	0.000	0.000
15	  K	  3.7	  0.0	0.000	0.000	0.000
