res	aa	Beta	Turn	Helix	Aggregation	Conc-Stab_Aggregation
01	  Q	  0.5	  0.1	0.000	0.000	0.000
02	  R	  0.6	  0.1	0.000	0.000	0.000
03	  Q	  1.3	  0.1	0.000	0.000	0.000
04	  C	  1.5	  0.4	0.000	0.000	0.000
05	  Q	  1.9	  0.3	0.000	0.000	0.000
06	  N	  2.3	  0.3	0.000	0.000	0.000
07	  V	  2.9	  0.4	0.000	0.000	0.000
08	  Q	  2.6	  0.1	0.000	0.000	0.000
09	  N	  3.7	  0.1	0.000	0.000	0.000
10	  C	  5.9	  0.1	0.000	0.000	0.000
11	  Y	  6.8	  0.0	0.000	0.000	0.000
12	  K	  5.4	  0.0	0.000	0.000	0.000
13	  Y	  4.4	  0.0	0.000	0.000	0.000
14	  C	  6.1	  0.0	0.000	0.000	0.000
15	  M	  5.4	  0.0	0.000	0.000	0.000
16	  S	  3.1	  0.3	0.360	0.000	0.000
17	  P	  0.1	  0.4	0.360	0.000	0.000
18	  K	  0.1	  0.4	0.360	0.000	0.000
19	  K	  4.4	  0.4	0.360	0.000	0.000
20	  C	  5.6	  0.4	0.360	0.000	0.000
21	  E	  5.5	  0.3	0.360	0.000	0.000
22	  Y	  1.4	  0.6	0.236	0.000	0.000
23	  G	  0.1	  0.6	0.000	0.000	0.000
24	  T	  4.1	  0.3	0.000	0.000	0.000
25	  C	  7.1	  0.3	0.000	0.000	0.000
26	  Y	 14.6	  0.0	0.000	0.000	0.000
27	  C	 11.1	  0.0	0.000	0.000	0.000
28	  E	  8.1	  0.0	0.000	0.000	0.000
29	  P	  0.4	  0.0	0.000	0.000	0.000
30	  S	  0.0	  0.0	0.000	0.000	0.000
31	  P	  0.0	  0.0	0.000	0.000	0.000
