res	aa	Beta	Turn	Helix	Aggregation	Conc-Stab_Aggregation
01	  S	  0.3	  0.0	0.454	0.000	0.000
02	  L	  0.4	  0.0	0.454	1.057	1.057
03	  F	  2.6	  0.2	0.594	1.057	1.057
04	  E	  2.4	  0.2	1.521	1.057	1.057
05	  L	  2.2	  0.3	1.521	1.057	1.057
06	  G	  0.0	  0.3	2.047	1.057	1.057
07	  K	  0.6	  0.2	1.907	1.057	1.057
08	  M	  2.1	  0.2	1.593	1.057	1.057
09	  I	  3.5	  0.0	1.593	1.057	1.057
10	  L	  3.0	  0.0	1.593	1.057	1.057
11	  Q	  1.5	  0.2	1.586	0.000	0.000
12	  E	  0.1	  0.3	0.597	0.000	0.000
13	  T	  0.1	  0.6	0.126	0.000	0.000
14	  G	  0.1	  0.6	0.126	0.000	0.000
15	  K	  0.1	  0.4	0.126	0.000	0.000
16	  N	  0.0	  0.4	0.126	0.000	0.000
17	  P	  0.0	  0.2	0.000	0.000	0.000
18	  A	  0.1	  0.3	0.000	0.000	0.000
19	  Q	  1.0	  0.4	0.000	0.000	0.000
20	  S	  1.7	  0.4	0.000	0.000	0.000
21	  Y	  1.8	  1.1	0.000	0.000	0.000
22	  G	  0.9	  1.3	0.000	0.000	0.000
23	  A	  0.3	  1.4	0.000	0.000	0.000
24	  Y	  0.6	  2.8	0.000	0.000	0.000
25	  G	  0.7	  2.3	0.000	0.000	0.000
26	  C	  1.5	  2.0	0.000	0.000	0.000
27	  N	  1.0	  1.8	0.000	0.000	0.000
28	  C	  1.0	  0.2	0.000	0.000	0.000
