res	aa	Beta	Turn	Helix	Aggregation	Conc-Stab_Aggregation
01	  I	  2.0	  0.0	0.000	0.000	0.000
02	  I	  2.1	  0.3	0.000	0.000	0.000
03	  G	  2.1	  1.0	0.000	0.000	0.000
04	  G	  0.1	  1.1	0.000	0.000	0.000
05	  D	  0.0	  1.2	0.213	0.000	0.000
06	  E	  0.9	  0.9	0.213	0.000	0.000
07	  C	  2.5	  0.2	0.213	0.000	0.000
08	  N	  4.1	  0.5	0.213	0.000	0.000
09	  I	  3.4	  0.4	0.213	0.000	0.000
10	  N	  1.9	  0.4	0.213	0.000	0.000
11	  E	  0.2	  0.4	0.000	0.000	0.000
12	  H	  0.0	  0.2	0.000	0.000	0.000
13	  P	  0.0	  0.2	0.000	0.488	0.488
14	  F	  1.0	  0.2	0.000	80.307	80.307
15	  L	  1.9	  0.2	0.000	82.848	82.848
16	  V	  5.2	  0.0	0.000	82.848	82.848
17	  A	  4.4	  0.0	0.000	82.848	82.848
18	  L	  3.9	  0.0	0.000	82.782	82.782
19	  Y	  1.8	  0.0	0.000	52.126	52.126
20	  D	  1.6	  0.0	0.000	0.000	0.000
21	  A	  1.3	  0.0	0.000	0.000	0.000
