res	aa	Beta	Turn	Helix	Aggregation	Conc-Stab_Aggregation
01	  R	  0.0	  0.0	0.000	0.000	0.000
02	  D	  0.3	  0.0	0.222	0.000	0.000
03	  C	  0.7	  0.1	0.222	0.000	0.000
04	  Q	  0.8	  0.1	0.222	0.000	0.000
05	  E	  0.7	  0.1	0.222	0.000	0.000
06	  K	  2.4	  0.1	0.222	0.000	0.000
07	  W	  4.4	  0.0	0.222	0.000	0.000
08	  E	  4.9	  0.0	0.222	0.000	0.000
09	  Y	  6.2	  0.0	0.222	0.000	0.000
10	  C	 11.0	  0.0	0.000	0.000	0.000
11	  I	 10.8	  0.0	0.000	0.000	0.000
12	  V	  7.6	  0.0	0.000	0.000	0.000
13	  P	  0.5	  0.0	0.000	0.912	0.912
14	  I	  1.0	  0.1	0.000	73.857	73.857
15	  L	  1.1	  0.1	0.000	79.121	79.121
16	  G	  1.1	  0.1	0.166	79.352	79.352
17	  F	  1.3	  0.1	0.166	79.352	79.352
18	  V	  4.8	  0.0	0.166	79.352	79.352
19	  Y	 29.2	  0.0	0.166	67.027	67.027
20	  C	 28.7	  0.0	0.166	17.227	17.227
21	  C	 25.9	  1.1	0.166	0.059	0.059
22	  P	  0.8	  1.1	0.000	0.025	0.025
23	  G	  0.0	  1.1	0.000	0.000	0.000
24	  L	  1.0	  1.1	0.000	0.000	0.000
25	  I	  1.8	  0.0	0.000	0.000	0.000
26	  C	  1.8	  0.1	0.000	0.000	0.000
27	  G	  0.9	  0.2	0.000	0.000	0.000
28	  P	  0.0	  0.2	0.000	0.000	0.000
29	  F	  2.2	  0.2	0.000	0.000	0.000
30	  V	  5.8	  0.1	0.000	0.000	0.000
31	  C	  5.8	  0.0	0.000	0.000	0.000
32	  V	  3.8	  0.0	0.000	0.000	0.000
