res	aa	Beta	Turn	Helix	Aggregation	Conc-Stab_Aggregation
01	  E	  0.0	  0.2	0.000	0.000	0.000
02	  A	  0.0	  0.3	0.000	0.000	0.000
03	  G	  0.0	  0.5	0.000	0.000	0.000
04	  E	  0.0	  0.5	0.000	0.000	0.000
05	  E	  0.8	  0.4	0.000	0.000	0.000
06	  C	  1.6	  0.4	0.000	0.000	0.000
07	  D	  1.6	  0.3	0.000	0.000	0.000
08	  C	  1.0	  0.2	0.000	0.000	0.000
09	  G	  0.1	  0.2	0.000	0.000	0.000
10	  T	  0.1	  0.3	0.000	0.000	0.000
11	  P	  0.0	  0.3	0.000	0.000	0.000
12	  E	  0.0	  0.3	0.000	0.000	0.000
13	  N	  0.0	  0.7	0.000	0.000	0.000
14	  P	  0.0	  0.4	0.000	0.000	0.000
15	  C	  6.1	  0.6	0.000	0.000	0.000
16	  C	  6.8	  0.6	0.000	0.000	0.000
17	  D	  6.8	  0.2	0.000	0.000	0.000
18	  A	  0.9	  0.2	0.000	0.000	0.000
19	  A	  0.1	  0.0	0.000	0.000	0.000
20	  T	  0.1	  0.0	0.000	0.000	0.000
