res	aa	Beta	Turn	Helix	Aggregation	Conc-Stab_Aggregation
01	  S	  0.2	  0.0	0.677	0.000	0.000
02	  L	  0.3	  0.0	0.677	0.000	0.000
03	  W	  2.7	  0.0	0.794	0.000	0.000
04	  E	  2.8	  0.0	1.185	0.000	0.000
05	  F	  3.2	  0.2	1.185	0.170	0.170
06	  A	  1.1	  0.2	1.185	0.170	0.170
07	  Q	  1.0	  0.2	1.185	0.170	0.170
08	  M	  2.1	  0.2	1.024	0.170	0.170
09	  I	  2.5	  0.0	0.974	0.170	0.170
10	  L	  2.2	  0.0	1.408	0.170	0.170
11	  E	  0.7	  0.1	1.662	0.000	0.000
12	  E	  0.5	  0.1	1.452	0.000	0.000
13	  T	  1.7	  0.2	0.804	0.000	0.000
14	  K	  2.0	  0.1	0.804	0.000	0.000
15	  R	  1.7	  0.1	0.804	0.000	0.000
16	  L	  0.4	  0.1	0.662	0.000	0.000
17	  P	  0.1	  0.0	0.000	0.000	0.000
18	  F	  0.0	  0.2	0.000	0.000	0.000
19	  P	  0.0	  0.2	0.000	0.000	0.000
20	  Y	  0.9	  0.2	0.000	0.261	0.261
21	  Y	  1.1	  0.9	0.000	0.261	0.261
22	  G	  1.1	  1.0	0.000	0.261	0.261
23	  A	  0.3	  1.2	0.000	0.261	0.261
24	  Y	  0.6	  2.7	0.000	0.261	0.261
25	  G	  0.6	  1.9	0.000	0.000	0.000
26	  C	  3.6	  1.7	0.000	0.000	0.000
27	  Y	  4.7	  1.6	0.000	0.000	0.000
28	  C	  4.7	  0.1	0.000	0.000	0.000
29	  G	  1.6	  0.3	0.000	0.000	0.000
30	  W	  0.1	  1.2	0.000	0.000	0.000
31	  G	  0.0	  1.1	0.000	0.000	0.000
32	  G	  0.0	  1.7	0.000	0.000	0.000
33	  Q	  0.0	  1.5	0.000	0.000	0.000
34	  G	  0.0	  0.7	0.000	0.000	0.000
35	  Q	  0.0	  0.6	0.000	0.000	0.000
