res	aa	Beta	Turn	Helix	Aggregation	Conc-Stab_Aggregation
01	  C	  1.0	  0.0	0.000	0.000	0.000
02	  K	  1.0	  0.0	0.000	0.000	0.000
03	  C	  1.0	  1.3	0.000	0.000	0.000
04	  P	  0.1	  1.4	0.000	0.000	0.000
05	  S	  8.1	  1.9	0.000	0.000	0.000
06	  C	  8.6	  1.9	0.000	0.000	0.000
07	  N	  9.4	  1.0	0.000	0.000	0.000
08	  F	  1.9	  1.1	0.000	0.000	0.000
09	  N	  1.3	  0.6	0.152	0.000	0.000
10	  D	  1.5	  0.6	0.152	0.000	0.000
11	  V	  1.9	  0.1	0.152	0.000	0.000
12	  T	  1.9	  0.4	0.383	0.000	0.000
13	  E	  0.8	  0.5	0.383	0.000	0.000
14	  N	  0.4	  0.5	0.383	0.000	0.000
15	  C	  1.0	  0.5	0.231	0.000	0.000
16	  K	  3.6	  0.1	0.231	0.000	0.000
17	  C	 13.8	  0.1	0.231	0.000	0.000
18	  C	 13.9	  0.1	0.000	0.000	0.000
19	  I	 12.5	  0.0	0.000	0.000	0.000
20	  F	  5.9	  0.0	0.000	0.000	0.000
21	  R	  5.2	  0.0	0.000	0.000	0.000
22	  Q	  4.0	  0.0	0.000	0.000	0.000
23	  P	  0.1	  0.0	0.000	0.000	0.000
