res	aa	Beta	Turn	Helix	Aggregation	Conc-Stab_Aggregation
01	  D	  0.1	  0.0	0.000	0.000	0.000
02	  L	  0.4	  0.0	0.000	3.169	3.169
03	  V	  3.7	  0.0	0.000	3.297	3.297
04	  Q	  3.8	  0.2	0.000	3.297	3.297
05	  F	  3.6	  0.7	0.000	3.297	3.297
06	  G	  0.3	  0.7	0.758	3.297	3.297
07	  Q	  0.4	  0.7	0.758	2.279	2.279
08	  M	  1.8	  0.5	0.758	2.279	2.279
09	  I	  2.5	  0.0	0.758	2.279	2.279
10	  L	  3.9	  0.0	0.758	1.960	1.960
11	  K	  4.4	  0.0	0.758	0.000	0.000
12	  V	  4.2	  0.2	0.424	0.000	0.000
13	  A	  2.6	  0.5	0.424	0.000	0.000
14	  G	  0.6	  0.6	0.309	0.000	0.000
15	  R	  1.0	  0.6	0.201	0.000	0.000
16	  S	  1.1	  0.4	0.000	0.000	0.000
17	  L	  1.1	  0.3	0.000	0.000	0.000
18	  P	  0.1	  0.3	0.000	0.000	0.000
19	  K	  0.4	  0.4	0.000	0.000	0.000
20	  S	  1.1	  0.6	0.000	0.000	0.000
21	  Y	  1.3	  1.2	0.000	0.000	0.000
22	  G	  0.9	  1.3	0.000	0.000	0.000
23	  A	  0.3	  1.3	0.000	0.000	0.000
24	  Y	  0.6	  2.7	0.000	0.000	0.000
25	  G	  0.6	  1.9	0.000	0.000	0.000
26	  C	  3.6	  1.7	0.000	0.000	0.000
27	  Y	  4.7	  1.6	0.000	0.000	0.000
28	  C	  4.7	  0.1	0.000	0.000	0.000
29	  G	  1.6	  0.3	0.000	0.000	0.000
30	  W	  0.1	  1.2	0.000	0.000	0.000
31	  G	  0.0	  1.4	0.000	0.000	0.000
32	  G	  0.0	  1.8	0.000	0.000	0.000
33	  R	  0.0	  1.6	0.000	0.000	0.000
34	  G	  0.0	  0.7	0.000	0.000	0.000
35	  K	  0.0	  0.4	0.000	0.000	0.000
