res	aa	Beta	Turn	Helix	Aggregation	Conc-Stab_Aggregation
01	  D	  0.0	  3.4	0.000	0.000	0.000
02	  K	  0.1	  3.4	0.000	0.000	0.000
03	  N	  0.1	  3.4	0.000	0.000	0.000
04	  K	  0.1	  3.4	0.000	0.000	0.000
05	  K	  0.1	  0.0	0.000	0.000	0.000
06	  P	  0.0	  0.0	0.000	0.000	0.000
07	  I	  6.8	  0.0	0.000	0.000	0.000
08	  R	  7.1	  0.0	0.000	0.000	0.000
09	  V	  7.2	  2.3	0.000	0.000	0.000
10	  G	  0.4	  2.5	0.000	0.000	0.000
11	  G	  0.1	  2.5	0.000	0.000	0.000
12	  R	  0.0	  2.5	0.000	0.000	0.000
13	  R	  0.0	  0.1	0.000	0.000	0.000
14	  P	  0.0	  2.0	0.000	0.000	0.000
15	  P	  0.0	  2.0	0.000	0.000	0.000
16	  G	  0.3	  2.0	0.000	0.000	0.000
17	  F	  0.9	  2.0	0.000	0.000	0.000
18	  T	  0.9	  0.0	0.000	0.000	0.000
19	  P	  0.6	  0.0	0.000	0.000	0.000
20	  F	  0.0	  0.0	0.000	0.000	0.000
21	  R	  0.0	  0.0	0.000	0.000	0.000
