res	aa	Beta	Turn	Helix	Aggregation	Conc-Stab_Aggregation
01	  G	  0.1	  0.0	0.000	0.000	0.000
02	  C	  9.2	  0.0	0.000	0.000	0.000
03	  C	 10.3	  0.0	0.000	0.000	0.000
04	  R	 10.3	  0.0	0.000	0.000	0.000
05	  F	  1.4	  0.0	0.000	0.000	0.000
06	  P	  0.1	  0.0	0.000	0.000	0.000
07	  C	  0.1	  1.8	0.000	0.000	0.000
08	  P	  0.0	  1.9	0.000	0.000	0.000
09	  D	  0.3	  2.0	0.000	0.000	0.000
10	  S	  7.4	  2.0	0.000	0.000	0.000
11	  C	  8.4	  0.4	0.000	0.000	0.000
12	  R	  8.6	  0.3	0.000	0.000	0.000
13	  S	  2.1	  0.2	0.000	0.000	0.000
14	  L	  2.9	  0.2	0.000	0.000	0.000
15	  C	  2.4	  0.1	0.000	0.000	0.000
16	  C	  1.9	  0.0	0.000	0.000	0.000
