res	aa	Beta	Turn	Helix	Aggregation	Conc-Stab_Aggregation
01	  G	  0.0	  0.0	0.000	0.000	0.000
02	  S	  0.0	  0.3	0.000	0.000	0.000
03	  P	  0.0	  0.3	0.000	0.000	0.000
04	  K	  0.8	  0.3	0.000	0.000	0.000
05	  Y	  2.8	  0.3	0.000	0.000	0.000
06	  C	  5.6	  0.0	0.000	0.000	0.000
07	  H	  4.9	  0.0	0.000	0.000	0.000
08	  L	  2.9	  0.0	0.000	0.000	0.000
09	  P	  0.1	  0.0	0.000	0.000	0.000
10	  A	  0.0	  0.0	0.000	0.000	0.000
11	  D	  0.0	  0.0	0.000	0.000	0.000
12	  P	  0.0	  0.0	0.000	0.000	0.000
13	  G	  0.0	  0.0	0.000	0.000	0.000
14	  P	  0.0	  0.0	0.000	0.000	0.000
15	  C	  0.0	  0.0	0.000	0.000	0.000
