res	aa	Beta	Turn	Helix	Aggregation	Conc-Stab_Aggregation
01	  A	  0.0	  1.5	0.000	0.000	0.000
02	  G	  0.0	  1.5	0.000	0.000	0.000
03	  G	  0.1	  1.5	0.402	0.000	0.000
04	  K	  0.5	  1.7	0.402	0.000	0.000
05	  A	  0.7	  0.2	0.402	0.000	0.000
06	  T	 16.0	  0.2	0.402	0.000	0.000
07	  C	 16.5	  0.1	0.402	0.000	0.000
08	  C	 16.2	  0.2	0.402	0.000	0.000
09	  P	  0.9	  0.2	0.000	0.000	0.000
10	  C	  1.4	  0.2	0.000	0.000	0.000
11	  F	  3.3	  0.2	0.000	0.155	0.155
12	  M	  3.7	  0.1	0.000	0.155	0.155
13	  C	  3.5	  0.1	0.279	0.155	0.155
14	  S	  8.8	  0.1	0.718	0.155	0.155
15	  Y	 13.2	  0.1	0.718	0.155	0.155
16	  T	 12.1	  0.7	0.718	0.000	0.000
17	  A	  5.1	  0.7	0.718	0.000	0.000
18	  G	  0.1	  0.7	0.718	0.000	0.000
19	  C	  0.0	  1.5	0.718	0.000	0.000
20	  P	  0.0	  1.2	0.000	0.000	0.000
21	  W	  0.1	  1.2	0.000	0.000	0.000
22	  G	  0.1	  1.2	0.000	0.000	0.000
23	  Q	  0.2	  0.4	0.000	0.000	0.000
24	  C	  0.8	  0.3	0.000	0.000	0.000
25	  A	  1.0	  0.3	0.000	0.000	0.000
26	  H	  1.8	  0.3	0.000	0.000	0.000
27	  H	  1.6	  0.4	0.000	0.000	0.000
28	  C	  1.5	  0.5	0.000	0.000	0.000
29	  G	  0.6	  0.5	0.000	0.000	0.000
30	  C	  0.3	  0.4	0.000	0.000	0.000
31	  D	  0.1	  0.3	0.000	0.000	0.000
