res	aa	Beta	Turn	Helix	Aggregation	Conc-Stab_Aggregation
01	  G	  0.0	  0.0	0.000	0.000	0.000
02	  A	  0.0	  0.1	0.000	0.000	0.000
03	  K	  0.2	  0.1	0.000	0.000	0.000
04	  E	  0.4	  0.3	0.000	0.000	0.000
05	  R	  0.5	  0.3	0.000	0.000	0.000
06	  N	  0.4	  0.3	0.587	0.000	0.000
07	  N	  0.2	  0.4	1.749	0.000	0.000
08	  A	  0.1	  0.3	1.749	0.000	0.000
09	  E	  0.1	  0.2	1.863	0.000	0.000
10	  A	  0.6	  0.2	1.863	0.000	0.000
11	  V	  1.0	  0.0	1.863	0.000	0.000
12	  R	  1.0	  0.1	1.863	0.000	0.000
13	  E	  0.5	  0.1	1.398	0.000	0.000
14	  R	  0.4	  0.1	1.039	0.000	0.000
15	  L	  0.4	  0.1	0.321	0.000	0.000
16	  E	  0.4	  0.1	0.196	0.000	0.000
17	  E	  0.0	  0.0	0.000	0.000	0.000
18	  I	  0.0	  0.0	0.000	0.000	0.000
