res	aa	Beta	Turn	Helix	Aggregation	Conc-Stab_Aggregation
01	  G	  0.0	  0.0	0.000	0.000	0.000
02	  A	  0.3	  0.0	0.000	0.000	0.000
03	  Y	  1.8	  0.1	0.000	0.000	0.000
04	  F	  2.1	  0.4	0.000	0.000	0.000
05	  D	  1.9	  0.4	0.000	0.000	0.000
06	  G	  0.4	  0.4	0.000	0.000	0.000
07	  F	  5.7	  0.3	0.000	0.000	0.000
08	  D	  5.8	  0.0	0.000	0.000	0.000
09	  V	  5.7	  0.0	0.000	0.000	0.000
10	  P	  0.1	  0.0	0.000	0.000	0.000
11	  C	  0.2	  0.0	0.000	0.000	0.000
12	  V	  0.2	  0.0	0.000	0.000	0.000
13	  P	  0.2	  0.1	0.000	0.000	0.000
14	  R	  0.6	  0.6	0.000	0.000	0.000
15	  R	  0.6	  1.2	0.000	0.000	0.000
16	  D	  0.7	  1.2	0.000	0.000	0.000
17	  D	  0.1	  1.1	0.000	0.000	0.000
18	  C	  0.0	  0.6	0.000	0.000	0.000
