res	aa	Beta	Turn	Helix	Aggregation	Conc-Stab_Aggregation
01	  E	  0.3	  0.0	0.000	0.000	0.000
02	  C	  1.0	  0.0	0.000	0.000	0.000
03	  R	  1.6	  0.0	0.000	0.000	0.000
04	  Y	  2.0	  0.0	0.000	0.000	0.000
05	  L	  1.4	  0.0	0.000	0.000	0.000
06	  F	  0.9	  0.4	0.000	0.000	0.000
07	  G	  0.2	  0.6	0.000	0.000	0.000
08	  G	  0.1	  0.6	0.000	0.000	0.000
09	  C	  0.1	  0.7	0.000	0.000	0.000
10	  K	  1.0	  0.3	0.000	0.000	0.000
11	  T	  1.5	  0.1	0.000	0.000	0.000
12	  T	  1.7	  0.8	0.000	0.000	0.000
13	  A	  0.8	  0.7	0.000	0.000	0.000
14	  D	  1.3	  0.7	0.000	0.000	0.000
15	  C	  9.2	  0.7	0.000	0.000	0.000
16	  C	  9.4	  0.2	0.000	0.000	0.000
17	  K	  8.3	  0.1	0.000	0.000	0.000
18	  H	  0.5	  0.6	0.000	0.000	0.000
19	  L	  0.3	  0.8	0.000	0.000	0.000
20	  G	  0.3	  0.7	0.000	0.000	0.000
21	  C	  0.3	  0.8	0.000	0.000	0.000
22	  R	  0.6	  0.5	0.000	0.000	0.000
23	  T	  0.7	  0.3	0.000	0.000	0.000
24	  D	  0.8	  0.3	0.000	0.000	0.000
25	  L	  0.9	  0.2	0.000	5.359	5.359
26	  Y	  5.5	  0.0	0.000	6.242	6.242
27	  Y	  7.9	  0.0	0.000	6.242	6.242
28	  C	  7.6	  0.1	0.000	6.242	6.242
29	  A	  3.1	  0.4	0.000	6.242	6.242
30	  W	  0.5	  0.5	0.000	5.985	5.985
31	  D	  0.2	  0.6	0.000	0.000	0.000
32	  G	  0.1	  0.5	0.000	0.000	0.000
33	  T	  0.0	  0.3	0.000	0.000	0.000
34	  F	  0.0	  0.1	0.000	0.000	0.000
