res	aa	Beta	Turn	Helix	Aggregation	Conc-Stab_Aggregation
01	  D	  0.1	  0.1	0.000	0.000	0.000
02	  Q	  0.6	  0.1	0.000	0.000	0.000
03	  C	  1.9	  0.2	0.000	0.000	0.000
04	  S	  4.6	  0.3	0.000	0.000	0.000
05	  Y	  5.3	  0.6	0.000	0.301	0.301
06	  C	  4.2	  0.6	0.000	0.301	0.301
07	  G	  1.4	  0.5	0.000	0.301	0.301
08	  I	  1.5	  0.4	0.000	0.301	0.301
09	  Y	 26.6	  0.1	0.000	0.301	0.301
10	  C	 26.5	  0.0	0.000	0.000	0.000
11	  C	 25.5	  0.0	0.000	0.000	0.000
12	  P	  0.0	  0.2	0.000	0.000	0.000
13	  P	  0.0	  0.2	0.000	0.000	0.000
14	  K	  0.8	  0.2	0.000	0.000	0.000
15	  F	  2.0	  0.2	0.000	0.000	0.000
16	  C	  3.4	  0.1	0.000	0.000	0.000
17	  T	  3.0	  0.2	0.000	0.000	0.000
18	  S	  1.9	  1.3	0.000	0.000	0.000
19	  A	  0.5	  1.5	0.000	0.000	0.000
20	  G	  0.1	  1.5	0.000	0.000	0.000
21	  C	  2.0	  1.4	0.000	0.000	0.000
22	  R	  2.1	  0.3	0.000	0.000	0.000
23	  S	  2.1	  0.0	0.000	0.000	0.000
24	  P	  0.1	  0.0	0.000	0.000	0.000
