res	aa	Beta	Turn	Helix	Aggregation	Conc-Stab_Aggregation
01	  G	  0.1	  0.0	0.000	0.000	0.000
02	  Y	  0.7	  0.1	0.000	0.000	0.000
03	  E	  0.7	  0.1	0.000	0.000	0.000
04	  E	  0.7	  0.1	0.000	0.000	0.000
05	  R	  0.3	  0.1	0.000	0.000	0.000
06	  E	  1.8	  0.1	0.000	0.000	0.000
07	  V	  2.4	  0.0	0.000	0.000	0.000
08	  A	  2.2	  0.1	0.000	0.000	0.000
09	  E	  0.7	  0.1	0.000	0.000	0.000
10	  T	  7.6	  0.1	0.000	0.000	0.000
11	  V	  8.0	  0.1	0.000	0.000	0.000
12	  R	  8.0	  0.1	0.000	0.000	0.000
13	  E	  1.2	  0.1	0.000	0.000	0.000
14	  L	  0.9	  0.2	0.000	0.000	0.000
15	  D	  0.9	  0.1	0.000	0.000	0.000
16	  A	  0.2	  0.1	0.000	0.000	0.000
17	  A	  0.0	  0.0	0.000	0.000	0.000
