res	aa	Beta	Turn	Helix	Aggregation	Conc-Stab_Aggregation
01	  C	  1.8	  0.0	0.000	0.000	0.000
02	  D	  1.8	  0.0	0.000	0.000	0.000
03	  A	  1.8	  0.3	0.000	0.000	0.000
04	  P	  0.0	  0.3	0.000	0.000	0.000
05	  T	  3.0	  0.3	0.000	0.000	0.000
06	  H	  5.9	  0.3	0.000	0.000	0.000
07	  Y	  7.0	  0.0	0.000	0.000	0.000
08	  C	  4.9	  0.2	0.000	0.000	0.000
09	  T	  2.5	  0.2	0.000	0.000	0.000
10	  N	  2.6	  0.1	0.000	0.000	0.000
11	  Y	  3.2	  0.1	0.000	0.000	0.000
12	  W	  6.7	  0.1	0.000	0.000	0.000
13	  E	  6.5	  0.1	0.000	0.000	0.000
14	  C	 13.2	  0.2	0.000	0.000	0.000
15	  C	  9.6	  0.6	0.000	0.000	0.000
16	  S	  8.4	  0.6	0.000	0.000	0.000
17	  G	  0.4	  0.6	0.000	0.000	0.000
18	  Y	  3.1	  0.4	0.000	0.000	0.000
19	  C	  4.8	  0.2	0.000	0.000	0.000
20	  E	  4.9	  0.2	0.000	0.000	0.000
21	  H	  2.0	  0.4	0.000	0.000	0.000
22	  S	  0.9	  0.4	0.000	0.000	0.000
23	  H	  2.0	  0.3	0.000	0.000	0.000
24	  C	  1.9	  0.2	0.000	0.000	0.000
25	  W	  1.2	  0.0	0.000	0.000	0.000
