res	aa	Beta	Turn	Helix	Aggregation	Conc-Stab_Aggregation
01	  D	  0.0	  0.0	0.000	0.000	0.000
02	  D	  0.1	  0.0	0.000	0.000	0.000
03	  C	  0.4	  0.2	0.000	7.912	7.912
04	  L	  0.5	  0.3	0.000	7.912	7.912
05	  G	  0.5	  0.3	0.000	7.912	7.912
06	  I	  0.5	  0.3	0.000	7.912	7.912
07	  F	  1.2	  0.3	0.000	7.912	7.912
08	  K	  2.0	  0.2	0.000	0.000	0.000
09	  S	 13.0	  0.2	0.000	0.000	0.000
10	  C	 12.3	  0.2	0.000	0.000	0.000
11	  N	 11.5	  9.1	0.000	0.000	0.000
12	  P	  0.1	  9.3	0.000	0.000	0.000
13	  D	  0.0	 10.0	0.000	0.000	0.000
14	  N	  0.0	 10.1	0.000	0.000	0.000
15	  D	  0.0	  1.2	0.330	0.000	0.000
16	  K	  2.6	  1.0	0.330	0.000	0.000
17	  C	 14.0	  0.2	0.330	0.000	0.000
18	  C	 14.7	  0.4	0.330	0.000	0.000
19	  E	 12.4	  0.3	0.330	0.000	0.000
20	  S	  2.3	  0.3	0.330	0.000	0.000
21	  Y	  5.1	  0.3	0.210	0.000	0.000
22	  K	  5.4	  0.0	0.091	0.000	0.000
23	  C	  4.9	  0.1	0.000	0.000	0.000
24	  S	  1.7	  0.2	0.442	0.000	0.000
25	  R	  1.7	  0.6	0.442	0.000	0.000
26	  R	  1.0	  0.6	0.442	0.000	0.000
27	  D	  0.6	  0.7	0.442	0.000	0.000
28	  K	  0.7	  0.6	0.442	0.000	0.000
29	  W	  1.3	  0.2	0.442	0.717	0.717
30	  C	  1.4	  0.2	0.187	0.717	0.717
31	  K	  1.4	  0.0	0.000	0.717	0.717
32	  Y	  2.4	  0.0	0.000	0.717	0.717
33	  V	  2.1	  0.0	0.000	0.717	0.717
34	  L	  1.6	  0.0	0.000	0.717	0.717
