res	aa	Beta	Turn	Helix	Aggregation	Conc-Stab_Aggregation
01	  D	  1.1	  0.0	0.000	0.000	0.000
02	  C	  9.8	  0.0	0.000	0.000	0.000
03	  C	 10.0	  0.0	0.000	0.000	0.000
04	  W	  8.9	  1.7	0.000	0.000	0.000
05	  P	  0.2	  1.7	0.000	0.000	0.000
06	  G	  0.0	  1.7	0.000	0.000	0.000
07	  R	  0.0	  3.5	0.000	0.000	0.000
08	  P	  0.0	  1.8	0.000	0.000	0.000
09	  D	  0.8	  1.8	0.000	0.000	0.000
10	  C	 40.0	  1.8	0.000	0.000	0.000
11	  C	 40.1	  0.0	0.000	0.000	0.000
12	  A	 39.3	  0.0	0.000	0.000	0.000
13	  P	  0.2	  0.0	0.000	0.000	0.000
