res	aa	Beta	Turn	Helix	Aggregation	Conc-Stab_Aggregation
01	  G	  0.0	  0.0	0.000	0.000	0.000
02	  C	  0.1	  1.0	0.000	0.000	0.000
03	  K	  0.1	  1.0	0.000	0.000	0.000
04	  G	  0.1	  1.4	0.000	0.000	0.000
05	  F	  0.2	  1.6	0.000	0.000	0.000
06	  G	  0.2	  0.7	0.262	0.000	0.000
07	  K	  0.3	  0.7	0.262	0.000	0.000
08	  A	  0.3	  0.3	0.262	0.000	0.000
09	  C	  0.4	  0.4	0.262	0.000	0.000
10	  K	  0.5	  0.3	0.262	0.000	0.000
11	  Y	  0.6	  0.8	0.262	0.000	0.000
12	  G	  0.4	  1.2	0.340	0.000	0.000
13	  A	  0.2	  0.9	0.340	0.000	0.000
14	  D	  0.0	  1.1	1.927	0.000	0.000
15	  E	  1.1	  0.6	1.927	0.000	0.000
16	  C	  8.9	  0.2	1.927	0.000	0.000
17	  C	  9.1	  0.6	1.927	0.000	0.000
18	  K	  8.1	  0.4	1.927	0.000	0.000
19	  N	  0.6	  0.4	1.927	0.000	0.000
20	  L	  1.5	  0.4	0.646	0.000	0.000
21	  V	  2.4	  0.0	0.000	0.000	0.000
22	  C	  3.9	  0.1	0.000	0.000	0.000
23	  S	  2.8	  0.2	0.000	0.000	0.000
24	  K	  1.9	  0.3	0.000	0.000	0.000
25	  K	  0.4	  0.3	0.000	0.000	0.000
26	  H	  0.8	  0.3	0.000	0.000	0.000
27	  K	  1.3	  0.2	0.000	0.000	0.000
28	  W	  1.6	  0.1	0.000	0.000	0.000
29	  C	  1.4	  0.1	0.000	0.000	0.000
30	  K	  3.9	  0.0	0.000	0.000	0.000
31	  Y	  7.8	  0.0	0.000	0.000	0.000
32	  T	  7.6	  0.0	0.000	0.000	0.000
33	  L	  4.6	  0.0	0.000	0.000	0.000
