res	aa	Beta	Turn	Helix	Aggregation	Conc-Stab_Aggregation
01	  N	  3.5	  0.0	0.000	0.000	0.000
02	  C	  4.5	  0.0	0.000	0.000	0.000
03	  C	  4.5	  0.0	0.000	0.000	0.000
04	  P	  1.1	  0.0	0.000	0.000	0.000
05	  I	  0.1	  0.0	0.000	0.000	0.000
06	  D	  0.1	  0.2	0.000	0.000	0.000
07	  E	  0.1	  0.3	0.000	0.000	0.000
08	  E	  0.2	  0.3	0.000	0.000	0.000
09	  S	 11.1	  0.3	0.000	0.000	0.000
10	  C	 19.1	  0.1	0.000	0.000	0.000
11	  C	 18.9	  0.0	0.000	0.000	0.000
12	  S	  8.4	  0.0	0.000	0.000	0.000
