res	aa	Beta	Turn	Helix	Aggregation	Conc-Stab_Aggregation
01	  E	  0.3	  0.0	0.000	0.000	0.000
02	  C	  0.9	  0.0	0.000	0.000	0.000
03	  R	  1.8	  0.0	0.000	0.000	0.000
04	  W	  2.0	  0.0	0.000	0.116	0.116
05	  F	  1.8	  0.0	0.000	0.116	0.116
06	  L	  0.9	  0.2	0.000	0.116	0.116
07	  G	  0.4	  0.6	0.000	0.116	0.116
08	  G	  0.0	  0.8	0.000	0.116	0.116
09	  C	  0.4	  1.1	0.000	0.116	0.116
10	  S	  0.4	  1.5	0.000	0.000	0.000
11	  G	  0.3	  1.2	0.000	0.000	0.000
12	  G	  0.0	  1.1	0.000	0.000	0.000
13	  Q	  0.2	  0.8	0.000	0.000	0.000
14	  T	 10.0	  0.2	0.000	0.000	0.000
15	  C	 21.1	  0.1	0.000	0.000	0.000
16	  C	 22.3	  0.1	0.000	0.000	0.000
17	  E	 13.0	  0.1	0.000	0.000	0.000
18	  H	  2.3	  0.1	0.000	0.000	0.000
19	  L	  1.7	  0.1	0.000	0.000	0.000
20	  V	  2.8	  0.0	0.000	0.000	0.000
21	  C	  3.5	  0.0	0.000	0.000	0.000
22	  H	  2.7	  0.1	0.000	0.000	0.000
23	  R	  1.8	  0.2	0.000	0.000	0.000
24	  K	  0.6	  0.2	0.000	0.000	0.000
25	  H	  1.1	  0.1	0.000	0.000	0.000
26	  Q	  2.4	  0.1	0.000	7.637	7.637
27	  W	  3.6	  0.0	0.000	7.637	7.637
28	  C	  3.4	  0.0	0.000	7.637	7.637
29	  V	  4.1	  0.0	0.000	7.637	7.637
30	  W	  3.8	  0.0	0.000	7.637	7.637
31	  D	  3.5	  0.2	0.000	0.000	0.000
32	  W	  3.4	  0.2	0.000	0.000	0.000
33	  S	  2.4	  0.2	0.000	0.000	0.000
34	  F	  2.0	  0.2	0.000	0.000	0.000
