res	aa	Beta	Turn	Helix	Aggregation	Conc-Stab_Aggregation
01	  C	  9.8	  0.0	0.000	0.000	0.000
02	  C	 12.2	  0.0	0.000	0.000	0.000
03	  M	 12.5	  0.0	0.000	0.000	0.000
04	  A	  3.2	  0.0	0.000	0.000	0.000
05	  L	  0.8	  0.0	0.000	0.000	0.000
06	  C	  1.1	  0.1	0.000	0.000	0.000
07	  S	  1.2	  0.1	0.000	0.000	0.000
08	  R	  1.7	  0.1	0.000	0.000	0.000
09	  Y	  5.9	  0.1	0.000	0.000	0.000
10	  H	  7.8	  0.0	0.000	0.000	0.000
11	  C	  7.2	  0.0	0.000	0.000	0.000
12	  L	  2.5	  0.2	0.000	0.000	0.000
13	  P	  0.2	  0.2	0.000	0.000	0.000
14	  C	  0.0	  0.2	0.000	0.000	0.000
15	  C	  0.0	  0.2	0.000	0.000	0.000
