res	aa	Beta	Turn	Helix	Aggregation	Conc-Stab_Aggregation
01	  G	  0.0	  0.1	8.843	0.000	0.000
02	  E	  0.0	  0.1	10.330	0.000	0.000
03	  E	  0.0	  0.1	15.454	0.000	0.000
04	  E	  0.6	  0.1	19.151	0.000	0.000
05	  R	  0.7	  0.1	19.516	0.000	0.000
06	  K	  0.8	  0.1	19.760	0.000	0.000
07	  A	  0.2	  0.0	20.575	0.000	0.000
08	  M	  0.1	  0.0	20.955	0.000	0.000
09	  A	  0.1	  0.0	22.288	0.000	0.000
10	  E	  0.2	  0.0	23.026	0.000	0.000
11	  L	  0.3	  0.0	23.745	0.000	0.000
12	  E	  0.6	  0.0	25.472	0.000	0.000
13	  A	  0.5	  0.1	24.755	0.000	0.000
14	  K	  0.4	  0.1	24.080	0.000	0.000
15	  K	  0.2	  0.1	19.268	0.000	0.000
16	  A	  0.2	  0.1	14.613	0.000	0.000
17	  Q	  0.1	  0.1	13.450	0.000	0.000
18	  E	  0.1	  0.1	9.248	0.000	0.000
19	  A	  0.2	  0.1	7.560	0.000	0.000
20	  L	  0.5	  0.0	5.997	0.000	0.000
21	  K	  0.5	  0.0	3.583	0.000	0.000
22	  A	  0.3	  0.0	0.355	0.000	0.000
