res	aa	Beta	Turn	Helix	Aggregation	Conc-Stab_Aggregation
01	  C	  3.4	  0.0	0.000	0.000	0.000
02	  C	  3.4	  0.1	0.000	0.000	0.000
03	  G	  3.4	  0.5	0.000	0.000	0.000
04	  P	  0.0	  0.5	0.000	0.000	0.000
05	  T	  0.5	  0.5	0.000	0.000	0.000
06	  A	  0.6	  0.4	0.000	0.000	0.000
07	  C	  6.5	  0.0	0.000	0.000	0.000
08	  V	  6.6	  0.3	0.000	0.000	0.000
09	  A	  6.4	  0.5	0.000	0.000	0.000
10	  G	  0.6	  0.5	0.000	0.000	0.000
11	  C	  0.1	  0.5	0.000	0.000	0.000
12	  K	  0.1	  0.4	0.000	0.000	0.000
13	  P	  0.1	  0.2	0.000	0.000	0.000
14	  C	  0.0	  0.2	0.000	0.000	0.000
15	  C	  0.0	  0.2	0.000	0.000	0.000
