res	aa	Beta	Turn	Helix	Aggregation	Conc-Stab_Aggregation
01	  N	  0.1	  0.0	0.000	0.000	0.000
02	  C	  0.1	  0.5	0.000	0.000	0.000
03	  P	  0.1	  0.5	0.000	0.194	0.194
04	  Y	  1.8	  0.5	0.000	34.840	34.840
05	  C	  3.3	  0.5	0.000	37.197	37.197
06	  V	  6.0	  0.0	0.000	37.197	37.197
07	  V	  7.7	  0.0	0.000	37.197	37.197
08	  Y	 29.8	  0.0	0.000	37.197	37.197
09	  C	 27.2	  0.0	0.000	11.141	11.141
10	  C	 24.4	  0.0	0.000	0.000	0.000
11	  P	  0.0	  0.1	0.000	0.000	0.000
12	  P	  0.0	  0.2	0.000	0.000	0.000
13	  A	  0.2	  0.2	0.000	0.000	0.000
14	  Y	  2.3	  0.2	0.000	0.000	0.000
15	  C	  4.5	  0.1	0.000	0.000	0.000
16	  Q	  4.5	  0.4	0.000	0.000	0.000
17	  A	  2.6	  0.9	0.000	0.000	0.000
18	  S	  0.3	  1.5	0.000	0.000	0.000
19	  G	  0.2	  1.5	0.000	0.000	0.000
20	  C	  0.1	  1.1	0.000	0.000	0.000
21	  R	  0.1	  0.7	0.000	0.000	0.000
22	  P	  0.0	  0.0	0.000	0.000	0.000
23	  P	  0.0	  0.0	0.000	0.000	0.000
