res	aa	Beta	Turn	Helix	Aggregation	Conc-Stab_Aggregation
01	  D	  0.0	  0.0	0.000	0.000	0.000
02	  C	  2.4	  0.0	0.000	0.000	0.000
03	  L	  3.2	  0.0	0.000	0.000	0.000
04	  K	  3.3	  0.1	0.110	0.000	0.000
05	  F	  1.2	  0.2	0.110	0.000	0.000
06	  G	  0.4	  0.2	0.110	0.000	0.000
07	  W	  2.7	  0.2	0.110	0.000	0.000
08	  K	  3.6	  0.0	0.110	0.000	0.000
09	  C	  3.6	  0.0	0.110	0.000	0.000
10	  N	  1.2	  0.5	0.110	0.000	0.000
11	  P	  0.1	  0.7	0.000	0.000	0.000
12	  R	  0.1	  0.9	0.000	0.000	0.000
13	  N	  0.1	  1.0	0.000	0.000	0.000
14	  D	  0.1	  0.7	0.000	0.000	0.000
15	  K	  3.0	  0.4	0.000	0.000	0.000
16	  C	 11.5	  0.5	0.000	0.000	0.000
17	  C	 11.7	  0.6	0.000	0.000	0.000
18	  S	  8.9	  0.5	0.000	0.000	0.000
19	  G	  0.4	  0.5	0.000	0.000	0.000
20	  L	  2.0	  0.4	0.000	0.000	0.000
21	  K	  2.3	  0.1	0.000	0.000	0.000
22	  C	  2.4	  0.7	0.000	0.000	0.000
23	  G	  0.4	  1.0	0.000	0.000	0.000
24	  S	  0.1	  1.0	0.000	0.000	0.000
25	  N	  0.1	  1.2	0.000	0.000	0.000
26	  H	  0.4	  0.6	0.000	0.000	0.000
27	  N	  1.1	  0.3	0.000	0.000	0.000
28	  W	  1.7	  0.2	0.000	0.000	0.000
29	  C	  1.8	  0.1	0.000	0.000	0.000
30	  K	  1.7	  0.1	0.000	0.000	0.000
31	  L	  2.1	  0.1	0.000	0.000	0.000
32	  H	  1.6	  0.1	0.000	0.000	0.000
33	  L	  1.1	  0.0	0.000	0.000	0.000
