res	aa	Beta	Turn	Helix	Aggregation	Conc-Stab_Aggregation
01	  D	  0.0	  0.0	0.000	0.000	0.000
02	  C	  0.3	  0.2	0.000	2.540	2.540
03	  L	  0.4	  0.3	0.000	2.835	2.835
04	  G	  0.4	  0.3	0.000	2.835	2.835
05	  W	  0.5	  0.3	0.000	2.835	2.835
06	  M	  0.4	  0.6	0.000	2.835	2.835
07	  A	  0.5	  1.0	0.000	1.446	1.446
08	  G	  0.1	  1.1	0.000	0.000	0.000
09	  C	  0.5	  1.1	0.000	0.000	0.000
10	  D	  0.9	  1.1	0.000	0.000	0.000
11	  F	  1.3	  0.8	0.000	0.000	0.000
12	  N	  0.9	  2.0	0.000	0.000	0.000
13	  D	  0.4	  2.0	0.000	0.000	0.000
14	  N	  0.1	  1.5	0.215	0.000	0.000
15	  K	  2.6	  1.4	0.215	0.000	0.000
16	  C	 23.1	  0.2	0.215	0.000	0.000
17	  C	 23.2	  0.6	0.215	0.000	0.000
18	  A	 20.8	  0.5	0.215	0.000	0.000
19	  G	  0.3	  0.5	0.399	0.000	0.000
20	  Y	  1.7	  0.5	0.294	0.000	0.000
21	  V	  1.9	  0.0	0.184	0.000	0.000
22	  C	  2.2	  0.1	0.184	0.000	0.000
23	  K	  0.6	  0.1	0.184	0.000	0.000
24	  K	  0.4	  0.1	0.184	0.000	0.000
25	  H	  0.1	  0.6	0.000	0.000	0.000
26	  P	  0.0	  0.5	0.000	0.000	0.000
27	  W	  1.3	  0.5	0.000	0.000	0.000
28	  C	  2.0	  0.5	0.000	0.000	0.000
29	  R	  5.6	  0.1	0.000	0.000	0.000
30	  Y	  5.5	  0.1	0.000	0.000	0.000
31	  D	  4.8	  0.1	0.000	0.000	0.000
32	  L	  1.1	  0.1	0.000	0.000	0.000
