res	aa	Beta	Turn	Helix	Aggregation	Conc-Stab_Aggregation
01	  C	 22.1	  0.0	0.000	0.000	0.000
02	  C	 22.5	  0.0	0.000	0.000	0.000
03	  A	 22.6	  0.0	0.000	0.000	0.000
04	  F	  1.0	  0.2	0.000	0.000	0.000
05	  P	  0.0	  0.2	0.000	0.000	0.000
06	  Q	  1.4	  0.2	0.000	0.000	0.000
07	  W	  1.7	  0.2	0.000	0.000	0.000
08	  C	  2.0	  0.2	0.000	0.000	0.000
09	  G	  0.6	  1.1	0.000	0.000	0.000
10	  A	  0.4	  1.2	0.000	0.000	0.000
11	  G	  0.1	  1.2	0.000	0.000	0.000
12	  C	  7.6	  1.0	0.000	0.000	0.000
13	  I	  8.1	  0.1	0.000	0.000	0.000
14	  V	  8.1	  0.0	0.000	0.000	0.000
15	  P	  0.6	  0.0	0.000	0.000	0.000
16	  C	  0.0	  0.0	0.000	0.000	0.000
17	  C	  0.0	  0.0	0.000	0.000	0.000
