res	aa	Beta	Turn	Helix	Aggregation	Conc-Stab_Aggregation
01	  C	 21.4	  0.0	0.000	0.000	0.000
02	  C	 21.9	  0.0	0.000	0.000	0.000
03	  A	 22.3	  0.0	0.000	0.000	0.000
04	  I	  4.7	  0.0	0.000	0.000	0.000
05	  R	  3.6	  0.0	0.000	0.000	0.000
06	  L	  3.5	  0.0	0.000	0.764	0.764
07	  C	  2.3	  0.0	0.000	0.764	0.764
08	  N	  6.1	  0.0	0.000	0.986	0.986
09	  V	  9.2	  0.0	0.000	1.466	1.466
10	  Y	  8.8	  0.0	0.000	1.466	1.466
11	  L	  5.1	  0.0	0.000	1.466	1.466
12	  C	  1.8	  0.2	0.000	0.886	0.886
13	  G	  0.3	  0.3	0.000	0.481	0.481
14	  S	 16.5	  0.3	0.000	0.000	0.000
15	  C	 17.3	  0.3	0.000	0.000	0.000
16	  C	 17.3	  0.1	0.000	0.000	0.000
17	  P	  0.9	  0.0	0.000	0.000	0.000
