res	aa	Beta	Turn	Helix	Aggregation	Conc-Stab_Aggregation
01	  E	  1.1	  0.0	0.000	0.000	0.000
02	  C	 12.3	  0.0	0.000	0.000	0.000
03	  C	 12.3	  0.0	0.000	0.000	0.000
04	  N	 11.3	  0.3	0.127	0.000	0.000
05	  P	  0.1	  0.5	0.127	0.000	0.000
06	  A	  0.0	  0.6	0.127	0.000	0.000
07	  C	  0.2	  0.7	0.127	0.000	0.000
08	  G	  0.2	  0.5	0.127	0.000	0.000
09	  R	  1.5	  0.3	0.127	0.000	0.000
10	  H	  4.6	  0.3	0.000	0.000	0.000
11	  Y	 22.8	  0.2	0.000	0.000	0.000
12	  S	 22.4	  0.3	0.000	0.000	0.000
13	  C	 19.8	  0.3	0.000	0.000	0.000
14	  G	  1.3	  0.2	0.000	0.000	0.000
15	  K	  0.2	  0.1	0.000	0.000	0.000
