res	aa	Beta	Turn	Helix	Aggregation	Conc-Stab_Aggregation
01	  D	  0.0	  0.0	0.000	0.000	0.000
02	  D	  0.1	  0.0	0.000	0.000	0.000
03	  C	  0.4	  0.3	0.000	0.158	0.158
04	  L	  0.4	  0.3	0.000	0.158	0.158
05	  G	  0.4	  0.3	0.000	0.158	0.158
06	  M	  0.7	  0.3	0.000	0.158	0.158
07	  F	  1.9	  0.2	0.000	0.158	0.158
08	  S	  2.4	  0.2	0.000	0.000	0.000
09	  S	 12.7	  0.2	0.000	0.000	0.000
10	  C	 11.5	  0.2	0.000	0.000	0.000
11	  D	 10.9	 10.6	0.000	0.000	0.000
12	  P	  0.1	 10.6	0.000	0.000	0.000
13	  N	  0.0	 11.2	0.000	0.000	0.000
14	  N	  0.0	 11.3	0.000	0.000	0.000
15	  D	  0.0	  0.9	0.000	0.000	0.000
16	  K	  4.2	  0.8	0.000	0.000	0.000
17	  C	  5.2	  0.3	0.000	0.000	0.000
18	  C	  5.2	  1.8	0.000	0.000	0.000
19	  P	  1.0	  1.6	0.000	0.000	0.000
20	  N	  0.0	  1.8	0.000	0.000	0.000
21	  R	  0.1	  1.8	0.000	0.000	0.000
22	  K	  0.7	  0.2	0.000	0.000	0.000
23	  C	  1.4	  0.3	0.000	0.000	0.000
24	  S	  1.4	  0.2	0.113	0.000	0.000
25	  R	  1.3	  0.6	0.113	0.000	0.000
26	  K	  0.6	  0.6	0.113	0.000	0.000
27	  D	  1.0	  0.7	0.113	0.000	0.000
28	  Q	  1.9	  0.6	0.113	0.000	0.000
29	  W	  2.5	  0.1	0.113	0.000	0.000
30	  C	  2.2	  0.1	0.000	0.000	0.000
31	  K	  1.7	  0.0	0.000	0.000	0.000
32	  Y	  4.4	  0.0	0.000	0.000	0.000
33	  Q	  5.5	  0.0	0.000	0.000	0.000
34	  L	  4.7	  0.0	0.000	0.000	0.000
35	  W	  1.4	  0.0	0.000	0.000	0.000
