res	aa	Beta	Turn	Helix	Aggregation	Conc-Stab_Aggregation
01	  F	  0.2	  0.0	0.000	0.000	0.000
02	  F	  0.2	  0.0	0.000	0.000	0.000
03	  P	  0.2	  0.0	0.000	0.000	0.000
04	  I	  3.1	  0.0	0.000	1.277	1.277
05	  I	  4.3	  0.2	0.357	1.277	1.277
06	  A	  4.3	  0.2	0.474	1.277	1.277
07	  G	  1.3	  0.2	0.991	1.277	1.277
08	  M	  0.2	  0.2	0.991	1.277	1.277
09	  A	  0.2	  0.0	0.991	0.509	0.509
10	  A	  0.4	  0.0	0.991	0.234	0.234
11	  K	  1.2	  0.0	0.991	0.000	0.000
12	  L	  1.2	  0.0	0.517	0.000	0.000
13	  I	  1.0	  0.2	0.156	0.000	0.000
14	  P	  0.1	  0.3	0.000	0.000	0.000
15	  S	  0.3	  0.3	0.701	0.000	0.000
16	  L	  1.8	  0.3	0.701	0.000	0.000
17	  F	  2.9	  0.1	0.701	0.000	0.000
18	  C	  3.2	  0.0	0.876	0.000	0.000
19	  K	  6.8	  0.0	0.876	0.000	0.000
20	  I	  8.0	  0.0	0.876	0.000	0.000
21	  T	  8.3	  0.1	0.876	0.000	0.000
22	  K	  3.3	  0.1	0.876	0.000	0.000
23	  K	  1.0	  0.1	0.710	0.000	0.000
24	  C	  0.1	  0.1	0.000	0.000	0.000
