res	aa	Beta	Turn	Helix	Aggregation	Conc-Stab_Aggregation
01	  T	  2.2	  0.1	0.000	0.000	0.000
02	  R	  2.4	  0.2	0.000	0.000	0.000
03	  S	  2.7	  0.3	0.000	0.000	0.000
04	  S	  0.5	  0.4	0.000	0.000	0.000
05	  R	  0.4	  0.5	0.000	0.000	0.000
06	  A	  0.1	  0.4	0.000	0.000	0.000
07	  G	  0.1	  0.3	0.000	0.000	0.000
08	  L	  2.6	  0.2	0.000	0.000	0.000
09	  Q	  2.8	  0.0	0.000	0.000	0.000
10	  F	  2.8	  0.0	0.000	0.000	0.000
11	  P	  0.2	  0.2	0.000	0.000	0.000
12	  V	  0.1	  0.3	0.000	0.000	0.000
13	  G	  0.1	  0.3	0.315	0.000	0.000
14	  R	  1.9	  0.3	0.315	0.000	0.000
15	  V	  3.3	  0.1	0.315	0.000	0.000
16	  H	  3.8	  0.1	0.315	0.000	0.000
17	  R	  2.5	  0.1	0.315	0.000	0.000
18	  L	  1.0	  0.1	0.315	0.000	0.000
19	  L	  0.8	  0.1	0.315	0.000	0.000
20	  R	  0.4	  0.0	0.315	0.000	0.000
21	  K	  0.3	  0.0	0.000	0.000	0.000
