res	aa	Beta	Turn	Helix	Aggregation	Conc-Stab_Aggregation
01	  D	  0.1	  0.0	0.000	0.000	0.000
02	  M	  5.7	  0.0	0.000	0.000	0.000
03	  C	 20.5	  0.0	0.000	0.000	0.000
04	  C	 20.5	  0.0	0.000	0.000	0.000
05	  H	 15.1	  0.3	0.000	0.000	0.000
06	  P	  0.2	  0.3	0.000	0.000	0.000
07	  A	  0.2	  0.3	0.000	0.000	0.000
08	  C	  2.0	  0.5	0.000	0.000	0.000
09	  M	  2.5	  0.3	0.000	0.000	0.000
10	  N	  2.8	  0.3	0.000	0.000	0.000
11	  H	  3.9	  0.4	0.000	0.000	0.000
12	  F	  8.9	  0.2	0.000	0.000	0.000
13	  N	  8.4	  0.1	0.000	0.000	0.000
14	  C	  5.6	  0.1	0.000	0.000	0.000
