res	aa	Beta	Turn	Helix	Aggregation	Conc-Stab_Aggregation
01	  F	  0.2	  0.0	0.000	0.000	0.000
02	  F	  0.2	  0.0	0.000	0.000	0.000
03	  P	  0.2	  0.0	0.000	0.000	0.000
04	  I	  3.2	  0.0	0.000	1.286	1.286
05	  I	  4.3	  0.2	0.343	1.286	1.286
06	  A	  4.4	  0.2	0.456	1.286	1.286
07	  G	  1.3	  0.2	0.456	1.286	1.286
08	  M	  0.2	  0.2	0.456	1.286	1.286
09	  A	  0.2	  0.0	0.456	0.505	0.505
10	  A	  0.5	  0.0	0.456	0.225	0.225
11	  K	  2.6	  0.0	0.456	0.000	0.000
12	  V	  5.1	  0.0	0.000	5.951	5.951
13	  I	  5.4	  0.0	0.000	5.951	5.951
14	  C	  3.9	  0.0	0.334	5.951	5.951
15	  A	  1.7	  0.0	0.334	5.951	5.951
16	  I	  3.4	  0.0	0.334	5.951	5.951
17	  T	  3.7	  0.1	0.334	1.187	1.187
18	  K	  3.5	  0.1	0.334	0.000	0.000
19	  K	  1.1	  0.1	0.334	0.000	0.000
20	  C	  0.1	  0.1	0.000	0.000	0.000
