res	aa	Beta	Turn	Helix	Aggregation	Conc-Stab_Aggregation
01	  E	  0.3	  0.0	0.000	0.000	0.000
02	  C	  1.0	  0.0	0.000	0.000	0.000
03	  R	  2.1	  0.0	0.000	0.000	0.000
04	  Y	  2.5	  0.0	0.000	0.000	0.000
05	  W	  1.8	  0.0	0.000	0.000	0.000
06	  L	  0.8	  0.2	0.000	0.000	0.000
07	  G	  0.1	  0.6	0.000	0.000	0.000
08	  G	  0.0	  0.6	0.000	0.000	0.000
09	  C	  4.1	  0.8	0.000	0.000	0.000
10	  S	  4.2	  1.3	0.000	0.000	0.000
11	  A	  4.1	  1.0	0.000	0.000	0.000
12	  G	  0.1	  1.1	0.000	0.000	0.000
13	  Q	  0.2	  1.0	0.000	0.000	0.000
14	  T	 10.4	  0.2	0.000	0.000	0.000
15	  C	 17.7	  0.1	0.000	0.000	0.000
16	  C	 17.6	  0.1	0.000	0.000	0.000
17	  K	  7.8	  0.1	0.000	0.000	0.000
18	  H	  1.0	  0.1	0.000	0.000	0.000
19	  L	  1.9	  0.1	0.000	0.000	0.000
20	  V	  2.8	  0.0	0.000	0.000	0.000
21	  C	  2.9	  0.1	0.000	0.000	0.000
22	  S	  2.2	  0.2	0.000	0.000	0.000
23	  R	  1.6	  0.3	0.000	0.000	0.000
24	  R	  1.1	  0.6	0.000	0.000	0.000
25	  H	  0.6	  0.5	0.000	0.000	0.000
26	  G	  0.3	  0.4	0.000	14.738	14.738
27	  W	  1.5	  0.3	0.000	14.738	14.738
28	  C	  2.1	  0.0	0.000	14.738	14.738
29	  V	  3.8	  0.1	0.000	14.738	14.738
30	  W	  2.4	  0.2	0.000	14.738	14.738
31	  D	  1.8	  0.3	0.000	0.000	0.000
32	  G	  0.1	  0.3	0.000	0.000	0.000
33	  T	 20.9	  0.2	0.000	0.000	0.000
34	  F	 20.9	  0.1	0.000	0.000	0.000
35	  S	 20.8	  0.0	0.000	0.000	0.000
