res	aa	Beta	Turn	Helix	Aggregation	Conc-Stab_Aggregation
01	  Q	  0.4	  0.0	0.000	0.000	0.000
02	  K	  3.3	  0.0	0.000	0.000	0.000
03	  C	 12.0	  0.2	0.000	0.000	0.000
04	  C	 11.9	  0.6	0.000	0.000	0.000
05	  S	  9.0	  0.8	0.000	0.000	0.000
06	  G	  0.3	  1.0	0.000	0.000	0.000
07	  G	  0.1	  0.8	0.000	0.000	0.000
08	  S	  0.4	  0.5	0.000	0.000	0.000
09	  C	  0.5	  0.6	0.000	0.000	0.000
10	  P	  0.4	  0.3	0.000	0.000	0.000
11	  L	  0.6	  0.3	0.000	0.000	0.000
12	  Y	  2.5	  0.3	0.170	0.000	0.000
13	  F	  3.2	  0.2	0.312	0.000	0.000
14	  R	  2.6	  0.3	0.312	0.000	0.000
15	  D	  0.7	  0.3	0.312	0.000	0.000
16	  R	  0.6	  0.3	0.312	0.000	0.000
17	  L	  2.0	  0.1	0.312	0.000	0.000
18	  I	  2.1	  0.0	0.312	0.000	0.000
19	  C	  1.6	  0.4	0.312	0.000	0.000
20	  P	  0.1	  0.4	0.000	0.000	0.000
21	  C	  0.0	  0.4	0.000	0.000	0.000
22	  C	  0.0	  0.4	0.000	0.000	0.000
