res	aa	Beta	Turn	Helix	Aggregation	Conc-Stab_Aggregation
01	  R	  2.6	  0.0	0.000	0.000	0.000
02	  I	  3.5	  0.0	0.000	0.000	0.000
03	  K	  3.5	  0.0	0.000	0.000	0.000
04	  K	  0.9	  0.0	0.000	0.000	0.000
05	  P	  0.0	  0.0	0.000	0.000	0.000
06	  I	  0.7	  0.0	0.000	0.509	0.509
07	  F	  2.1	  0.0	0.000	0.509	0.509
08	  A	  2.2	  0.0	0.000	0.509	0.509
09	  F	  1.5	  0.2	0.000	0.509	0.509
10	  P	  0.0	  0.2	0.000	0.509	0.509
11	  R	  0.0	  0.2	0.000	0.000	0.000
12	  F	  0.0	  0.2	0.000	0.000	0.000
