res	aa	Beta	Turn	Helix	Aggregation	Conc-Stab_Aggregation
01	  G	  0.1	  0.0	0.000	0.000	0.000
02	  C	  3.7	  0.0	0.000	0.000	0.000
03	  T	  5.0	  0.0	0.000	0.000	0.000
04	  K	  5.1	  0.0	0.000	0.000	0.000
05	  F	  2.3	  0.2	0.000	0.000	0.000
06	  M	  1.0	  0.4	0.000	0.000	0.000
07	  G	  0.9	  0.5	0.000	0.000	0.000
08	  S	  1.4	  0.5	0.000	0.000	0.000
09	  C	  1.4	  0.5	0.000	0.000	0.000
10	  K	  1.4	  0.3	0.000	0.000	0.000
11	  T	  0.3	  0.3	0.000	0.000	0.000
12	  D	  0.2	  6.9	0.000	0.000	0.000
13	  A	  0.1	  6.8	0.000	0.000	0.000
14	  D	  1.0	  6.6	0.000	0.000	0.000
15	  C	 12.5	  6.6	0.000	0.000	0.000
16	  C	 14.0	  0.2	0.000	0.000	0.000
17	  E	 13.0	  0.1	0.000	0.000	0.000
18	  H	  2.1	  0.1	0.117	0.000	0.000
19	  L	  1.3	  0.2	0.117	0.000	0.000
20	  E	  1.7	  0.1	0.117	0.000	0.000
21	  C	  4.9	  0.1	0.700	0.000	0.000
22	  Y	  5.3	  0.1	0.700	0.000	0.000
23	  K	  5.9	  0.0	0.700	0.000	0.000
24	  Y	  3.4	  0.0	0.700	0.000	0.000
25	  K	  2.6	  0.0	0.583	0.000	0.000
26	  W	  1.9	  0.0	0.583	0.000	0.000
27	  C	  0.9	  0.0	0.451	0.000	0.000
28	  G	  0.4	  0.4	0.186	0.000	0.000
29	  W	  0.2	  0.5	0.000	0.000	0.000
30	  D	  0.1	  0.6	0.000	0.000	0.000
31	  G	  0.1	  0.6	0.000	0.000	0.000
32	  T	  0.0	  0.3	0.000	0.000	0.000
33	  F	  0.0	  0.1	0.000	0.000	0.000
