res	aa	Beta	Turn	Helix	Aggregation	Conc-Stab_Aggregation
01	  N	  0.5	  0.0	0.000	0.000	0.000
02	  L	  0.7	  0.0	0.000	0.000	0.000
03	  Y	  6.4	  0.0	0.000	0.000	0.000
04	  Q	  7.9	  0.0	0.000	0.000	0.000
05	  F	  8.1	  0.5	0.000	0.000	0.000
06	  K	  2.7	  0.5	0.000	0.000	0.000
07	  N	  0.9	  0.5	0.000	0.000	0.000
08	  M	  0.7	  0.5	0.000	0.000	0.000
09	  V	  2.9	  0.0	0.000	0.000	0.000
10	  Q	  3.1	  0.0	0.000	0.000	0.000
11	  C	  3.2	  0.2	0.000	0.162	0.162
12	  V	  1.0	  0.3	0.000	0.678	0.678
13	  G	  0.4	  0.3	0.000	0.678	0.678
14	  T	  0.9	  0.4	0.000	1.125	1.125
15	  Q	  1.4	  0.2	0.000	1.866	1.866
16	  L	  2.2	  0.1	0.000	21.171	21.171
17	  C	  6.8	  0.1	0.330	24.266	24.266
18	  V	  7.9	  0.0	0.330	24.266	24.266
19	  A	  7.4	  0.0	0.330	24.266	24.266
20	  Y	  3.8	  0.0	0.330	24.266	24.266
21	  V	  4.9	  0.0	0.330	22.788	22.788
22	  K	  4.8	  0.1	0.330	0.000	0.000
23	  Y	  3.4	  1.6	0.180	0.000	0.000
24	  G	  0.7	  1.6	0.180	0.000	0.000
25	  C	  3.6	  1.6	0.000	0.000	0.000
26	  Y	  4.6	  1.4	0.000	0.000	0.000
27	  C	  4.6	  0.1	0.000	0.000	0.000
28	  G	  1.6	  0.1	0.000	0.000	0.000
29	  P	  0.0	  0.1	0.000	0.000	0.000
30	  G	  0.0	  0.1	0.000	0.000	0.000
