res	aa	Beta	Turn	Helix	Aggregation	Conc-Stab_Aggregation
01	  Y	  2.0	  0.0	0.000	0.000	0.000
02	  C	  3.0	  0.0	0.000	0.000	0.000
03	  Q	  4.8	  0.0	0.000	0.000	0.000
04	  F	  4.1	  0.0	0.000	0.000	0.000
05	  K	  3.2	  0.0	0.000	0.000	0.000
06	  M	  1.7	  0.0	0.000	0.000	0.000
07	  W	 11.0	  0.0	0.000	0.000	0.000
08	  T	 12.6	  0.1	0.131	0.000	0.000
09	  C	 12.7	  0.2	0.367	0.000	0.000
10	  D	  2.3	  0.4	0.590	0.000	0.000
11	  S	  0.4	  0.4	0.978	0.000	0.000
12	  E	  0.8	  0.4	0.978	0.000	0.000
13	  R	  0.8	  0.3	0.978	0.000	0.000
14	  K	  3.4	  0.2	0.978	0.000	0.000
15	  C	 14.3	  0.1	0.611	0.000	0.000
16	  C	 14.7	  0.5	0.570	0.000	0.000
17	  E	 12.0	  0.5	0.556	0.000	0.000
18	  D	  0.7	  0.5	2.379	0.000	0.000
19	  M	  1.5	  0.5	2.117	0.000	0.000
20	  V	  2.0	  0.0	2.006	0.000	0.000
21	  C	  2.9	  0.0	2.006	0.000	0.000
22	  R	  2.1	  0.0	2.006	0.000	0.000
23	  L	  2.6	  0.0	2.006	0.000	0.000
24	  W	  2.2	  0.0	1.643	0.000	0.000
25	  C	  2.2	  0.1	0.573	0.000	0.000
26	  K	  1.8	  0.1	0.339	0.000	0.000
27	  L	  2.7	  0.1	0.189	0.000	0.000
28	  N	  2.2	  0.1	0.189	0.000	0.000
29	  L	  1.5	  0.0	0.000	0.000	0.000
