res	aa	Beta	Turn	Helix	Aggregation	Conc-Stab_Aggregation
01	  E	  0.3	  0.0	0.000	0.000	0.000
02	  C	  1.0	  0.0	0.000	0.000	0.000
03	  R	  2.1	  0.0	0.000	0.000	0.000
04	  Y	  2.5	  0.0	0.000	0.000	0.000
05	  W	  1.8	  0.0	0.000	0.000	0.000
06	  L	  0.8	  0.2	0.000	0.000	0.000
07	  G	  0.1	  0.6	0.000	0.000	0.000
08	  G	  0.0	  0.6	0.000	0.000	0.000
09	  C	  1.9	  0.7	0.000	0.000	0.000
10	  S	  2.4	  0.8	0.000	0.000	0.000
11	  K	  2.5	  0.5	0.000	0.000	0.000
12	  T	  0.7	  1.3	0.000	0.000	0.000
13	  G	  0.1	  1.2	0.000	0.000	0.000
14	  D	  1.1	  0.9	0.000	0.000	0.000
15	  C	 12.5	  0.8	0.000	0.000	0.000
16	  C	 13.5	  0.1	0.000	0.000	0.000
17	  E	 12.5	  0.1	0.000	0.000	0.000
18	  H	  1.7	  0.2	0.000	0.000	0.000
19	  L	  5.3	  0.2	0.000	0.000	0.000
20	  S	 35.1	  0.1	0.000	0.000	0.000
21	  C	 34.8	  0.1	0.000	0.000	0.000
22	  S	 31.1	  0.2	0.000	0.000	0.000
23	  P	  0.2	  0.2	0.000	0.000	0.000
24	  K	  0.3	  0.2	0.000	0.000	0.000
25	  W	  1.8	  0.2	0.000	6.455	6.455
26	  H	  3.9	  0.0	0.000	7.668	7.668
27	  W	  4.9	  0.0	0.000	7.668	7.668
28	  C	  4.1	  0.0	0.000	7.668	7.668
29	  V	  4.1	  0.1	0.000	7.668	7.668
30	  W	  2.8	  0.3	0.000	6.455	6.455
31	  D	  2.2	  0.4	0.000	0.000	0.000
32	  G	  0.1	  0.4	0.000	0.000	0.000
33	  T	  0.0	  0.3	0.000	0.000	0.000
34	  F	  0.0	  0.1	0.000	0.000	0.000
