res	aa	Beta	Turn	Helix	Aggregation	Conc-Stab_Aggregation
01	  M	  2.0	  0.0	0.000	0.003	0.003
02	  S	  2.4	  0.0	1.124	18.258	18.258
03	  L	  3.6	  0.0	1.124	76.548	76.548
04	  I	  3.6	  0.0	1.124	97.815	97.815
05	  L	  3.7	  0.0	1.124	99.653	99.653
06	  I	  3.4	  0.0	1.124	99.970	99.970
07	  F	  2.7	  0.0	1.124	99.996	99.996
08	  F	  2.9	  0.0	0.516	99.975	99.975
09	  A	  2.4	  0.0	0.115	99.584	99.584
10	  F	 11.2	  0.0	0.115	99.245	99.245
11	  T	 13.8	  0.0	0.000	94.843	94.843
12	  V	 14.4	  0.0	0.000	92.185	92.185
13	  L	  4.8	  0.1	0.000	78.574	78.574
14	  K	  1.4	  0.2	0.000	0.000	0.000
15	  S	  0.5	  0.2	0.148	0.000	0.000
16	  S	  0.4	  0.2	0.396	0.000	0.000
17	  K	  0.6	  0.1	0.396	0.000	0.000
18	  W	  1.4	  0.0	0.396	0.000	0.000
19	  I	  1.8	  0.0	0.396	0.000	0.000
20	  C	  1.7	  0.6	0.396	0.000	0.000
21	  A	  0.9	  0.7	0.396	0.000	0.000
22	  N	  0.3	  1.0	0.396	0.000	0.000
23	  R	  0.8	  1.0	0.000	0.000	0.000
24	  S	  2.1	  0.4	0.000	0.000	0.000
25	  V	  2.2	  0.4	0.000	0.000	0.000
26	  C	  1.4	  0.0	0.000	0.000	0.000
27	  P	  0.1	  0.0	0.000	0.000	0.000
28	  I	  0.0	  0.0	0.000	0.000	0.000
