res	aa	Beta	Turn	Helix	Aggregation	Conc-Stab_Aggregation
01	  G	  0.0	  0.0	0.291	0.000	0.000
02	  V	  3.9	  0.0	0.291	0.908	0.908
03	  V	  8.3	  0.0	0.291	0.908	0.908
04	  D	  8.3	  0.0	0.479	0.908	0.908
05	  I	  5.4	  0.0	0.479	0.908	0.908
06	  L	  0.9	  0.3	0.479	0.908	0.908
07	  K	  0.8	  0.4	0.479	0.908	0.908
08	  G	  0.1	  0.4	0.446	0.117	0.117
09	  A	  0.1	  0.4	0.309	0.117	0.117
10	  A	  0.1	  0.4	0.121	0.117	0.117
11	  K	  0.1	  0.3	0.121	0.000	0.000
12	  D	  0.1	  0.3	0.121	0.000	0.000
13	  L	  0.1	  0.7	0.121	0.000	0.000
14	  A	  0.1	  0.6	0.121	0.000	0.000
15	  G	  0.1	  0.5	0.121	0.000	0.000
16	  H	  0.3	  0.5	0.000	0.000	0.000
17	  L	  0.3	  0.1	0.000	0.000	0.000
18	  A	  0.6	  0.0	0.000	0.000	0.000
19	  T	  2.1	  0.0	0.000	0.000	0.000
20	  K	  2.9	  0.0	0.000	0.000	0.000
21	  V	  6.4	  0.0	0.000	0.000	0.000
22	  M	  4.8	  0.0	0.000	0.000	0.000
23	  N	  3.9	  0.0	0.000	0.000	0.000
24	  K	  0.2	  0.0	0.000	0.000	0.000
25	  L	  0.0	  0.0	0.000	0.000	0.000
