res	aa	Beta	Turn	Helix	Aggregation	Conc-Stab_Aggregation
01	  D	  0.0	  0.0	0.000	0.000	0.000
02	  C	  0.3	  0.2	0.000	0.485	0.485
03	  L	  0.4	  0.2	0.000	0.485	0.485
04	  G	  0.4	  0.2	0.000	0.485	0.485
05	  F	  2.0	  0.2	0.000	0.485	0.485
06	  M	  2.0	  0.0	0.000	0.485	0.485
07	  K	  2.0	  0.1	0.000	0.000	0.000
08	  P	  0.1	  0.1	0.000	0.000	0.000
09	  C	  1.1	  0.1	0.000	0.000	0.000
10	  D	  2.0	  0.9	0.000	0.000	0.000
11	  I	  2.1	  0.8	0.000	0.000	0.000
12	  N	  1.1	  1.4	0.000	0.000	0.000
13	  N	  0.2	  1.6	0.000	0.000	0.000
14	  D	  0.1	  1.0	0.000	0.000	0.000
15	  K	  2.9	  0.9	0.000	0.000	0.000
16	  C	 11.4	  0.3	0.000	0.000	0.000
17	  C	 12.0	  0.4	0.000	0.000	0.000
18	  S	  9.4	  0.3	0.000	0.000	0.000
19	  S	  1.7	  0.3	0.000	0.000	0.000
20	  Y	  3.0	  0.3	0.000	0.000	0.000
21	  V	  3.1	  0.3	0.000	0.000	0.000
22	  C	  2.4	  0.6	0.000	0.000	0.000
23	  G	  0.5	  0.9	0.000	0.000	0.000
24	  R	  0.3	  0.9	0.000	0.000	0.000
25	  N	  0.1	  0.6	0.000	0.000	0.000
26	  N	  0.6	  0.4	0.000	0.000	0.000
27	  H	  2.6	  0.1	0.000	0.000	0.000
28	  W	  3.2	  0.0	0.000	0.000	0.000
29	  C	  3.0	  0.0	0.000	0.000	0.000
30	  K	  1.5	  0.0	0.000	0.000	0.000
31	  F	  2.3	  0.0	0.000	0.000	0.000
32	  H	  2.0	  0.0	0.000	0.000	0.000
33	  L	  1.4	  0.0	0.000	0.000	0.000
