res	aa	Beta	Turn	Helix	Aggregation	Conc-Stab_Aggregation
01	  G	  0.0	  0.0	0.000	0.000	0.000
02	  C	 10.0	  0.0	0.000	0.000	0.000
03	  I	 11.0	  0.1	0.000	0.000	0.000
04	  A	 11.0	  0.3	0.000	0.000	0.000
05	  T	  1.3	  0.4	0.000	0.000	0.000
06	  G	  0.2	  0.4	0.000	0.000	0.000
07	  S	  0.9	  0.3	0.524	0.000	0.000
08	  V	  1.3	  0.1	0.524	0.000	0.000
09	  C	  3.5	  0.0	0.524	0.000	0.000
10	  T	  8.1	  0.0	0.524	0.000	0.000
11	  L	  7.7	  0.1	0.524	0.000	0.000
12	  S	  5.7	  1.3	0.524	0.000	0.000
13	  K	  0.3	  1.4	0.164	0.000	0.000
14	  G	  0.2	  1.4	0.000	0.000	0.000
15	  C	  2.7	  1.3	0.000	0.000	0.000
16	  C	  6.2	  0.2	0.000	0.000	0.000
17	  T	  6.6	  0.5	0.000	0.000	0.000
18	  K	  4.3	  0.5	0.000	0.000	0.000
19	  N	  0.7	  0.5	0.000	0.000	0.000
20	  C	  0.3	  0.4	0.000	0.000	0.000
21	  G	  0.2	  0.1	0.000	0.000	0.000
22	  W	  2.0	  0.1	0.000	0.000	0.000
23	  N	  2.7	  0.1	0.000	0.000	0.000
24	  F	  6.8	  0.1	0.000	0.000	0.000
25	  K	  6.0	  0.0	0.000	0.000	0.000
26	  C	  5.3	  0.0	0.000	0.000	0.000
27	  N	  1.1	  0.0	0.000	0.000	0.000
28	  P	  0.0	  0.9	0.000	0.000	0.000
29	  P	  0.0	  0.9	0.000	0.000	0.000
30	  N	  0.0	  0.9	0.000	0.000	0.000
31	  Q	  0.0	  0.9	0.000	0.000	0.000
