res	aa	Beta	Turn	Helix	Aggregation	Conc-Stab_Aggregation
01	  F	  1.0	  0.0	0.000	0.000	0.000
02	  L	  1.5	  0.0	0.000	2.262	2.262
03	  S	  1.8	  0.0	1.212	2.262	2.262
04	  A	  1.3	  0.0	1.212	4.139	4.139
05	  I	  3.1	  0.0	1.212	5.722	5.722
06	  T	  3.2	  0.0	1.359	5.722	5.722
07	  S	  3.0	  0.0	1.359	5.340	5.340
08	  I	  1.7	  0.0	1.359	5.340	5.340
09	  L	  1.4	  0.1	1.359	4.253	4.253
10	  G	  1.1	  0.2	1.359	0.353	0.353
11	  K	  0.4	  0.2	0.739	0.000	0.000
12	  L	  0.4	  0.2	0.000	0.000	0.000
13	  F	  0.4	  0.1	0.000	0.000	0.000
