res	aa	Beta	Turn	Helix	Aggregation	Conc-Stab_Aggregation
01	  G	  0.0	  0.0	0.200	0.000	0.000
02	  L	  0.3	  0.1	0.200	0.000	0.000
03	  L	  0.5	  0.1	0.200	0.000	0.000
04	  D	  0.6	  0.2	0.332	0.000	0.000
05	  T	  3.3	  0.2	0.332	0.000	0.000
06	  L	  3.2	  0.4	0.332	0.000	0.000
07	  K	  3.2	  0.5	0.332	0.000	0.000
08	  G	  0.1	  0.4	0.132	0.000	0.000
09	  A	  0.1	  0.4	0.132	0.000	0.000
10	  A	  0.1	  0.3	0.000	0.000	0.000
11	  K	  0.4	  0.2	0.000	0.000	0.000
12	  N	  2.3	  0.2	0.000	0.000	0.000
13	  V	  3.3	  0.2	0.000	0.271	0.271
14	  V	  3.2	  0.6	0.000	0.271	0.271
15	  G	  1.2	  0.7	0.167	0.271	0.271
16	  S	  0.2	  0.7	0.535	0.271	0.271
17	  L	  0.2	  0.8	0.535	0.271	0.271
18	  A	  0.4	  0.2	0.535	0.000	0.000
19	  S	  0.7	  0.2	0.535	0.000	0.000
20	  K	  1.5	  0.2	0.535	0.000	0.000
21	  V	  2.9	  0.0	0.369	0.000	0.000
22	  M	  2.7	  0.1	0.369	0.000	0.000
23	  E	  1.8	  0.1	0.110	0.000	0.000
24	  K	  0.2	  0.1	0.110	0.000	0.000
25	  L	  0.0	  0.1	0.000	0.000	0.000
