res	aa	Beta	Turn	Helix	Aggregation	Conc-Stab_Aggregation
01	  F	  0.4	  0.0	0.000	0.000	0.000
02	  L	  0.4	  0.5	0.000	0.000	0.000
03	  G	  0.4	  0.6	0.196	0.000	0.000
04	  G	  0.0	  0.6	0.357	0.000	0.000
05	  L	  0.2	  0.6	0.357	0.000	0.000
06	  M	  2.3	  0.1	0.357	0.000	0.000
07	  K	  2.6	  0.0	0.357	0.000	0.000
08	  I	  2.4	  0.2	0.357	0.000	0.000
09	  G	  0.3	  0.2	0.357	0.000	0.000
10	  A	  0.3	  0.2	0.000	0.000	0.000
11	  K	  0.8	  0.2	0.000	0.000	0.000
12	  L	  0.9	  0.0	0.000	0.000	0.000
13	  L	  0.6	  0.3	0.000	0.000	0.000
14	  P	  0.1	  0.3	0.000	0.000	0.000
15	  S	  1.2	  0.3	0.112	1.386	1.386
16	  V	  2.2	  0.3	0.112	10.728	10.728
17	  I	  2.4	  0.2	0.112	10.728	10.728
18	  G	  1.2	  0.2	0.281	10.728	10.728
19	  L	  0.4	  0.2	0.281	10.728	10.728
20	  F	  0.6	  0.3	0.281	10.514	10.514
21	  K	  0.7	  0.1	0.169	0.000	0.000
22	  K	  0.6	  0.1	0.169	0.000	0.000
23	  K	  0.1	  0.1	0.169	0.000	0.000
24	  Q	  0.1	  0.0	0.000	0.000	0.000
