res	aa	Beta	Turn	Helix	Aggregation	Conc-Stab_Aggregation
01	  G	  0.0	  0.0	0.402	0.000	0.000
02	  W	  0.4	  0.2	0.402	0.000	0.000
03	  R	  0.6	  0.2	0.402	0.000	0.000
04	  D	  0.6	  0.2	0.402	0.000	0.000
05	  W	  0.8	  0.2	0.402	0.000	0.000
06	  L	  0.8	  0.0	0.402	0.000	0.000
07	  N	  0.7	  1.5	1.515	0.000	0.000
08	  K	  0.1	  1.6	1.362	0.000	0.000
09	  G	  0.0	  1.6	2.085	0.000	0.000
10	  K	  0.2	  1.5	2.394	0.000	0.000
11	  E	  0.2	  0.1	2.529	0.000	0.000
12	  W	  0.6	  0.0	2.727	0.000	0.000
13	  L	  0.6	  0.0	2.727	0.000	0.000
14	  K	  0.6	  0.2	2.562	0.000	0.000
15	  K	  0.2	  0.2	2.041	0.000	0.000
16	  K	  0.1	  0.3	1.224	0.000	0.000
17	  G	  0.0	  2.5	0.511	0.000	0.000
18	  P	  0.0	  2.4	0.000	0.000	0.000
19	  G	  0.0	  2.4	0.864	0.000	0.000
20	  M	  0.7	  2.3	0.972	0.000	0.000
21	  V	  2.8	  0.0	1.471	0.000	0.000
22	  K	  2.9	  0.0	1.471	0.000	0.000
23	  A	  2.3	  0.0	1.471	0.938	0.938
24	  A	  0.3	  0.0	1.471	2.042	2.042
25	  L	  0.3	  0.0	1.471	2.181	2.181
26	  A	  0.2	  0.0	1.357	2.181	2.181
27	  A	  0.2	  0.0	1.052	2.181	2.181
28	  A	  0.3	  0.0	0.463	2.181	2.181
29	  T	  0.3	  0.0	0.000	1.366	1.366
30	  Q	  0.2	  0.0	0.000	0.000	0.000
