res	aa	Beta	Turn	Helix	Aggregation	Conc-Stab_Aggregation
01	  G	  0.0	  0.1	0.000	0.000	0.000
02	  K	  0.3	  0.1	0.000	0.000	0.000
03	  E	  0.5	  0.3	0.000	0.000	0.000
04	  K	  0.6	  0.3	0.000	0.000	0.000
05	  D	  2.6	  0.2	0.113	0.000	0.000
06	  V	  6.0	  0.1	0.261	0.409	0.409
07	  F	  6.8	  0.2	0.619	0.409	0.409
08	  M	  4.7	  0.2	0.750	0.409	0.409
09	  D	  1.1	  0.3	1.713	0.409	0.409
10	  K	  0.7	  0.3	1.713	0.409	0.409
11	  L	  0.8	  0.3	1.713	0.409	0.409
12	  R	  0.8	  0.4	1.713	0.000	0.000
13	  D	  0.2	  1.4	1.713	0.000	0.000
14	  A	  0.0	  1.5	1.581	0.000	0.000
15	  G	  0.0	  1.4	1.358	0.000	0.000
16	  A	  0.1	  1.6	0.122	0.000	0.000
17	  A	  0.1	  0.5	0.000	0.000	0.000
18	  G	  0.3	  0.5	0.403	0.000	0.000
19	  I	  3.3	  0.4	0.403	0.000	0.000
20	  D	  3.3	  0.1	0.694	0.000	0.000
21	  Y	  3.8	  0.1	0.694	0.000	0.000
22	  L	  1.0	  0.1	0.694	0.000	0.000
23	  K	  1.1	  0.1	0.694	0.000	0.000
24	  H	  3.2	  0.1	0.564	0.000	0.000
25	  F	  6.3	  0.1	0.436	0.000	0.000
26	  T	  7.4	  0.0	0.000	0.000	0.000
27	  H	  7.9	  0.0	0.000	0.000	0.000
28	  H	 11.8	  0.0	0.000	0.000	0.000
29	  I	 12.9	  0.0	0.000	0.000	0.000
30	  V	 10.3	  0.0	0.000	0.000	0.000
31	  K	  3.1	  0.1	0.000	0.000	0.000
32	  K	  0.7	  0.1	0.000	0.000	0.000
33	  K	  0.1	  0.1	0.000	0.000	0.000
34	  N	  0.1	  0.0	0.000	0.000	0.000
