res	aa	Beta	Turn	Helix	Aggregation	Conc-Stab_Aggregation
01	  G	  0.0	  0.0	0.519	0.000	0.000
02	  W	  0.4	  0.2	0.519	0.000	0.000
03	  R	  0.6	  0.2	0.666	0.000	0.000
04	  D	  0.6	  0.2	0.666	0.000	0.000
05	  W	  0.7	  0.2	0.666	0.000	0.000
06	  L	  0.6	  0.1	0.666	0.000	0.000
07	  K	  0.6	  1.6	0.666	0.000	0.000
08	  K	  0.1	  1.7	0.447	0.000	0.000
09	  G	  0.0	  1.7	0.149	0.000	0.000
10	  K	  0.2	  1.5	0.275	0.000	0.000
11	  E	  0.2	  0.1	0.417	0.000	0.000
12	  W	  0.9	  0.0	0.707	0.000	0.000
13	  I	  2.2	  0.0	0.707	0.000	0.000
14	  K	  2.4	  0.2	0.707	0.000	0.000
15	  A	  1.8	  0.2	0.707	0.000	0.000
16	  K	  0.3	  0.3	0.707	0.000	0.000
17	  G	  0.0	  1.5	0.461	0.000	0.000
18	  P	  0.0	  1.3	0.171	0.000	0.000
19	  G	  0.0	  1.3	0.890	0.000	0.000
20	  I	  2.8	  1.2	1.061	0.000	0.000
21	  V	  4.9	  0.0	1.323	0.000	0.000
22	  K	  4.9	  0.0	1.323	0.000	0.000
23	  A	  2.3	  0.0	1.323	0.000	0.000
24	  A	  0.4	  0.0	1.323	0.000	0.000
25	  L	  0.6	  0.0	1.323	0.000	0.000
26	  K	  0.6	  0.0	1.199	0.000	0.000
27	  A	  0.6	  0.0	0.222	0.000	0.000
28	  A	  0.7	  0.0	0.109	0.000	0.000
29	  V	  0.6	  0.0	0.000	0.000	0.000
30	  Q	  0.5	  0.0	0.000	0.000	0.000
