res	aa	Beta	Turn	Helix	Aggregation	Conc-Stab_Aggregation
01	  F	  0.6	  0.0	0.000	0.000	0.000
02	  L	  0.7	  0.1	0.000	4.892	4.892
03	  W	  0.8	  0.4	0.000	5.205	5.205
04	  G	  0.2	  0.4	0.328	5.205	5.205
05	  A	  0.4	  0.4	0.328	5.205	5.205
06	  L	  0.6	  0.3	0.328	5.205	5.205
07	  I	  1.7	  0.4	0.328	4.811	4.811
08	  K	  1.4	  0.6	0.328	0.000	0.000
09	  G	  1.1	  1.4	0.328	0.000	0.000
10	  A	  0.0	  1.5	0.122	0.000	0.000
11	  G	  0.0	  1.2	0.000	0.000	0.000
12	  K	  0.5	  1.0	0.000	0.000	0.000
13	  L	  1.0	  0.2	0.000	0.000	0.000
14	  I	  2.0	  0.1	0.000	0.000	0.000
15	  S	  1.6	  0.0	0.000	0.000	0.000
16	  R	  3.4	  0.0	0.000	0.000	0.000
17	  V	  3.4	  0.0	0.000	0.000	0.000
18	  V	  3.3	  0.6	0.000	0.000	0.000
19	  G	  1.2	  0.7	0.229	0.000	0.000
20	  S	  0.6	  0.7	0.754	0.000	0.000
21	  L	  0.6	  0.7	0.754	0.000	0.000
22	  K	  0.7	  0.2	0.754	0.000	0.000
23	  K	  0.2	  0.1	0.754	0.000	0.000
24	  K	  0.2	  0.1	0.754	0.000	0.000
25	  K	  0.1	  0.1	0.524	0.000	0.000
26	  Q	  0.1	  0.0	0.000	0.000	0.000
