res	aa	Beta	Turn	Helix	Aggregation	Conc-Stab_Aggregation
01	  F	  0.4	  0.1	0.000	0.000	0.000
02	  I	  0.5	  0.3	0.000	0.563	0.563
03	  G	  0.5	  0.3	0.135	0.563	0.563
04	  A	  0.2	  0.5	0.135	0.678	0.678
05	  A	  0.2	  0.4	0.135	0.813	0.813
06	  L	  0.2	  0.3	0.135	0.813	0.813
07	  G	  0.1	  0.3	0.599	0.423	0.423
08	  A	  0.2	  0.1	0.599	0.423	0.423
09	  L	  0.9	  0.1	0.464	0.423	0.423
10	  T	  1.6	  0.0	0.464	0.000	0.000
11	  A	  1.5	  0.0	0.464	0.000	0.000
12	  I	  0.8	  0.2	0.464	0.000	0.000
13	  P	  0.1	  0.2	0.000	0.000	0.000
14	  S	  0.6	  0.2	0.288	0.000	0.000
15	  I	  2.4	  0.2	0.288	0.000	0.000
16	  I	  7.6	  0.1	0.288	0.000	0.000
17	  K	  7.3	  0.0	0.288	0.000	0.000
18	  L	  5.7	  0.0	0.288	0.000	0.000
19	  F	  0.4	  0.0	0.288	0.000	0.000
20	  K	  0.2	  0.0	0.000	0.000	0.000
