res	aa	Beta	Turn	Helix	Aggregation	Conc-Stab_Aggregation
01	  G	  0.0	  0.0	0.000	0.000	0.000
02	  M	  0.5	  0.0	0.000	0.000	0.000
03	  W	  1.8	  0.1	0.000	0.000	0.000
04	  S	  2.1	  0.1	0.237	0.000	0.000
05	  K	  4.1	  0.1	0.237	0.000	0.000
06	  I	  3.1	  0.2	0.237	0.000	0.000
07	  K	  2.8	  0.1	0.237	0.000	0.000
08	  N	  0.3	  1.4	0.712	0.000	0.000
09	  A	  0.1	  1.5	0.712	0.000	0.000
10	  G	  0.1	  1.4	3.116	0.000	0.000
11	  K	  0.2	  1.4	3.113	0.000	0.000
12	  A	  0.2	  0.1	3.295	0.000	0.000
13	  A	  0.2	  0.1	3.452	0.000	0.000
14	  K	  0.2	  0.0	3.901	0.000	0.000
15	  A	  0.2	  0.0	3.642	0.000	0.000
16	  A	  0.2	  0.0	3.447	0.000	0.000
17	  A	  0.2	  0.0	3.200	0.000	0.000
18	  K	  0.2	  0.0	2.875	0.000	0.000
19	  A	  0.2	  0.6	1.429	0.000	0.000
20	  A	  0.2	  0.7	1.280	0.000	0.000
21	  G	  0.1	  0.7	1.467	0.000	0.000
22	  K	  0.2	  0.7	1.015	0.000	0.000
23	  A	  0.3	  0.3	0.512	0.547	0.547
24	  A	  0.3	  0.2	0.512	1.194	1.194
25	  L	  0.2	  0.2	0.512	1.194	1.194
26	  G	  0.1	  0.2	0.512	1.194	1.194
27	  A	  0.6	  0.0	0.210	1.194	1.194
28	  V	  0.9	  0.1	0.000	1.194	1.194
29	  S	  0.9	  0.1	0.000	0.000	0.000
30	  E	  0.4	  0.1	0.000	0.000	0.000
31	  A	  0.0	  0.1	0.000	0.000	0.000
32	  M	  0.0	  0.0	0.000	0.000	0.000
