res	aa	Beta	Turn	Helix	Aggregation	Conc-Stab_Aggregation
01	  F	  1.0	  0.1	0.000	0.000	0.000
02	  L	  2.7	  0.2	0.000	0.000	0.000
03	  S	  3.3	  0.2	0.000	0.000	0.000
04	  L	  2.4	  0.2	0.000	0.000	0.000
05	  I	  0.7	  0.2	0.000	0.000	0.000
06	  P	  0.1	  0.3	0.000	0.000	0.000
07	  S	  0.4	  0.3	0.000	0.476	0.476
08	  L	  1.1	  0.3	0.000	4.887	4.887
09	  V	  1.7	  0.2	0.000	5.548	5.548
10	  S	  1.3	  0.2	0.000	5.548	5.548
11	  G	  0.6	  0.2	0.000	5.984	5.984
12	  A	  0.5	  0.2	0.000	10.831	10.831
13	  V	  5.1	  0.1	0.000	10.831	10.831
14	  S	  5.4	  0.0	0.000	10.365	10.365
15	  L	  5.4	  0.0	0.000	10.365	10.365
16	  V	  2.1	  0.0	0.000	10.222	10.222
17	  K	  1.8	  0.0	0.000	0.000	0.000
18	  K	  1.2	  0.0	0.000	0.000	0.000
