res	aa	Beta	Turn	Helix	Aggregation	Conc-Stab_Aggregation
01	  F	  1.0	  0.1	0.000	0.000	0.000
02	  L	  2.7	  0.2	0.000	0.000	0.000
03	  S	  3.3	  0.2	0.000	0.000	0.000
04	  L	  2.4	  0.2	0.000	0.000	0.000
05	  I	  0.7	  0.2	0.000	0.000	0.000
06	  P	  0.1	  0.1	0.000	0.000	0.000
07	  T	  0.4	  0.1	0.000	0.150	0.150
08	  A	  0.7	  0.1	0.000	0.527	0.527
09	  I	  1.6	  0.0	0.000	0.806	0.806
10	  N	  1.3	  0.0	1.676	0.806	0.806
11	  A	  1.6	  0.0	1.676	1.403	1.403
12	  V	  2.6	  0.0	1.676	1.725	1.725
13	  S	  2.7	  0.0	2.658	1.327	1.327
14	  A	  2.5	  0.0	2.658	1.327	1.327
15	  I	  1.0	  0.0	2.658	1.327	1.327
16	  A	  0.8	  0.1	2.658	0.725	0.725
17	  K	  0.7	  0.1	2.391	0.000	0.000
18	  H	  0.2	  0.1	1.459	0.000	0.000
19	  F	  0.1	  0.1	0.109	0.000	0.000
