res	aa	Beta	Turn	Helix	Aggregation	Conc-Stab_Aggregation
01	  L	  0.1	  0.0	0.000	0.000	0.000
02	  L	  0.2	  0.0	0.000	0.000	0.000
03	  G	  0.2	  0.0	0.000	0.000	0.000
04	  M	  0.2	  0.0	0.000	0.000	0.000
05	  L	  0.1	  0.0	0.000	0.000	0.000
06	  P	  0.1	  0.0	0.000	0.000	0.000
07	  V	  3.4	  0.0	0.000	4.080	4.080
08	  A	  3.6	  0.0	0.000	4.263	4.263
09	  L	  4.2	  0.0	0.000	4.263	4.263
10	  S	  1.0	  0.0	0.945	4.263	4.263
11	  A	  0.9	  0.0	0.945	4.263	4.263
12	  L	  1.0	  0.0	0.945	3.879	3.879
13	  S	  1.0	  0.0	0.945	1.472	1.472
14	  A	  1.0	  0.0	0.945	1.192	1.192
15	  L	  0.6	  0.1	0.945	0.954	0.954
16	  S	  0.6	  0.0	0.557	0.377	0.377
17	  K	  0.4	  0.0	0.251	0.000	0.000
18	  L	  0.1	  0.0	0.000	0.000	0.000
