res	aa	Beta	Turn	Helix	Aggregation	Conc-Stab_Aggregation
01	  I	  0.0	  0.0	0.000	0.000	0.000
02	  P	  0.0	  0.0	0.000	0.000	0.000
03	  L	  0.2	  0.1	0.000	0.000	0.000
04	  R	  0.2	  0.2	0.000	0.000	0.000
05	  G	  0.2	  0.2	0.000	0.000	0.000
06	  A	  0.3	  0.2	0.000	0.000	0.000
07	  F	  1.5	  0.2	0.000	0.000	0.000
08	  I	  2.4	  7.1	0.000	0.000	0.000
09	  N	  2.2	  7.1	0.000	0.000	0.000
10	  G	  0.9	  7.1	0.000	0.000	0.000
11	  R	  2.4	  7.0	0.000	0.000	0.000
12	  W	  2.8	  0.2	0.000	0.000	0.000
13	  D	  2.8	  0.5	0.000	0.000	0.000
14	  S	  0.9	  0.5	0.693	0.000	0.000
15	  Q	  1.0	  0.4	0.693	0.000	0.000
16	  C	  2.2	  0.4	0.693	0.000	0.000
17	  H	  2.6	  0.1	0.693	0.000	0.000
18	  R	  3.0	  0.0	0.693	0.000	0.000
19	  F	  2.0	  0.8	0.693	0.000	0.000
20	  S	  1.3	  1.6	0.117	0.000	0.000
21	  N	  0.3	  1.6	0.000	0.000	0.000
22	  G	  0.0	  1.6	0.000	0.000	0.000
23	  A	  0.3	  0.8	0.000	0.000	0.000
24	  I	  1.5	  0.0	0.000	0.000	0.000
25	  A	  1.5	  0.0	0.000	0.000	0.000
26	  C	  1.3	  0.0	0.000	0.000	0.000
27	  A	  0.1	  0.0	0.000	0.000	0.000
