res	aa	Beta	Turn	Helix	Aggregation	Conc-Stab_Aggregation
01	  G	  0.0	  0.0	0.000	0.000	0.000
02	  L	  0.4	  0.0	0.000	0.689	0.689
03	  W	  0.8	  0.1	0.000	0.689	0.689
04	  S	  1.2	  0.1	0.000	0.689	0.689
05	  T	 11.9	  0.1	0.000	0.689	0.689
06	  I	 11.7	  0.2	0.000	0.689	0.689
07	  K	 11.6	  0.1	0.000	0.000	0.000
08	  N	  0.9	  0.1	1.168	0.000	0.000
09	  V	  1.7	  0.1	1.437	0.000	0.000
10	  A	  1.4	  0.0	1.588	0.000	0.000
11	  A	  1.1	  0.0	1.588	0.000	0.000
12	  A	  0.1	  0.6	1.588	0.000	0.000
13	  A	  0.1	  0.7	1.588	0.000	0.000
14	  G	  0.1	  0.7	1.535	0.000	0.000
15	  K	  0.2	  0.7	1.010	0.000	0.000
16	  A	  0.3	  0.1	0.227	0.000	0.000
17	  A	  0.7	  0.0	0.227	0.000	0.000
18	  I	  4.5	  0.0	0.227	0.000	0.000
19	  K	  4.3	  0.0	0.227	0.000	0.000
20	  L	  3.9	  0.0	0.000	0.000	0.000
