res	aa	Beta	Turn	Helix	Aggregation	Conc-Stab_Aggregation
01	  G	  0.0	  0.0	0.000	0.000	0.000
02	  L	  0.6	  0.1	0.000	1.309	1.309
03	  V	  1.0	  2.4	0.000	1.309	1.309
04	  N	  0.9	  2.4	0.000	1.309	1.309
05	  G	  0.3	  2.4	0.000	1.500	1.500
06	  L	  0.4	  2.3	0.000	4.166	4.166
07	  L	  0.7	  0.1	0.000	4.531	4.531
08	  S	  0.9	  0.1	0.000	3.956	3.956
09	  S	  1.0	  0.1	0.000	3.956	3.956
10	  V	  1.3	  0.1	0.000	3.956	3.956
11	  L	  1.1	  0.2	0.000	3.481	3.481
12	  G	  0.6	  0.7	0.000	0.190	0.190
13	  G	  0.0	  0.8	0.000	0.000	0.000
14	  G	  0.0	  1.1	0.000	0.000	0.000
15	  Q	  0.0	  1.0	0.000	0.000	0.000
16	  G	  0.0	  0.6	0.000	0.000	0.000
17	  G	  0.0	  0.7	0.000	0.000	0.000
18	  G	  0.0	  0.5	0.000	0.000	0.000
19	  G	  0.0	  0.4	0.000	0.000	0.000
20	  L	  0.1	  0.2	0.000	0.195	0.195
21	  L	  0.1	  0.9	0.000	0.195	0.195
22	  G	  0.1	  0.9	0.000	0.195	0.195
23	  G	  0.0	  0.9	0.000	0.195	0.195
24	  I	  0.0	  0.9	0.000	0.195	0.195
25	  L	  0.0	  0.1	0.000	0.000	0.000
