res	aa	Beta	Turn	Helix	Aggregation	Conc-Stab_Aggregation
01	  E	  0.2	  0.0	0.000	0.000	0.000
02	  L	  3.4	  0.0	0.000	0.000	0.000
03	  R	  3.4	  0.0	0.000	0.000	0.000
04	  L	  3.2	  0.1	0.000	0.000	0.000
05	  P	  0.1	  0.1	0.000	0.000	0.000
06	  E	  0.7	  0.1	0.000	0.000	0.000
07	  I	  3.3	  0.1	0.000	0.000	0.000
08	  A	  3.3	  0.0	0.000	0.000	0.000
09	  R	  2.6	  0.0	0.000	0.000	0.000
10	  P	  0.0	  0.0	0.000	0.000	0.000
11	  V	  0.0	  0.0	0.000	0.000	0.000
12	  P	  0.0	  0.0	0.000	0.000	0.000
13	  E	  1.0	  0.0	0.000	0.000	0.000
14	  V	  1.4	  0.0	0.000	0.000	0.000
15	  L	  1.4	  0.0	0.000	0.000	0.000
16	  P	  0.5	  0.0	0.000	0.000	0.000
17	  A	  0.5	  0.0	0.000	0.000	0.000
18	  R	  0.5	  0.0	0.000	0.000	0.000
19	  L	  0.6	  0.0	0.000	0.000	0.000
20	  P	  0.1	  0.0	0.000	0.000	0.000
21	  L	  0.0	  0.0	0.000	0.000	0.000
22	  P	  0.0	  0.0	0.000	0.000	0.000
23	  A	  0.0	  0.0	0.000	0.000	0.000
24	  L	  0.0	  0.2	0.000	0.000	0.000
25	  P	  0.0	  0.4	0.000	0.000	0.000
26	  R	  0.0	  0.5	0.000	0.000	0.000
27	  N	  0.0	  0.5	0.191	0.000	0.000
28	  K	  0.4	  0.3	0.191	0.000	0.000
29	  M	  0.4	  0.0	0.191	0.000	0.000
30	  A	  0.5	  0.2	0.191	0.000	0.000
31	  K	  0.2	  0.2	0.191	0.000	0.000
32	  N	  0.1	  0.2	0.191	0.000	0.000
33	  Q	  0.1	  0.2	0.000	0.000	0.000
