res	aa	Beta	Turn	Helix	Aggregation	Conc-Stab_Aggregation
01	  M	  2.0	  0.0	0.000	0.000	0.000
02	  N	  2.1	  0.2	1.193	0.000	0.000
03	  F	  2.2	  0.2	1.193	0.007	0.007
04	  G	  0.2	  0.2	5.663	0.008	0.008
05	  M	  0.4	  0.2	5.663	0.020	0.020
06	  L	  1.4	  0.0	5.663	0.030	0.030
07	  K	  1.6	  0.0	6.111	0.032	0.032
08	  L	  1.6	  0.0	6.304	75.589	75.589
09	  L	  3.5	  0.0	6.148	88.656	88.656
10	  T	  6.5	  0.0	6.085	93.684	93.684
11	  V	  8.8	  0.0	6.085	99.057	99.057
12	  L	  6.9	  0.0	6.085	99.416	99.416
13	  I	  5.4	  0.0	5.786	99.228	99.228
14	  I	  4.0	  0.0	5.786	96.452	96.452
15	  C	  6.0	  0.0	5.691	62.478	62.478
16	  Y	  4.6	  0.3	4.668	50.765	50.765
17	  S	  3.6	  0.7	2.316	5.975	5.975
18	  N	  0.4	  0.7	0.196	0.348	0.348
19	  N	  0.2	  0.7	0.000	0.120	0.120
20	  F	  1.4	  0.5	0.000	0.112	0.112
21	  M	  1.4	  0.1	0.000	0.062	0.062
22	  R	  1.5	  0.1	0.000	0.000	0.000
23	  T	  0.4	  0.3	0.000	0.000	0.000
24	  R	  0.3	  0.6	0.000	0.000	0.000
25	  G	  0.1	  2.3	0.000	0.000	0.000
26	  G	  0.0	  4.6	0.000	0.000	0.000
27	  N	  0.0	  4.4	0.000	0.000	0.000
28	  G	  0.0	  4.1	0.000	0.000	0.000
29	  K	  0.0	  2.3	0.000	0.000	0.000
