res	aa	Beta	Turn	Helix	Aggregation	Conc-Stab_Aggregation
01	  G	  0.0	  0.4	0.000	0.000	0.000
02	  A	  0.5	  0.4	0.000	0.000	0.000
03	  S	  7.4	  1.3	0.000	0.000	0.000
04	  C	  8.2	  1.3	0.000	0.000	0.000
05	  D	  8.0	  1.0	0.000	0.000	0.000
06	  C	  1.4	  0.9	0.000	0.000	0.000
07	  H	  0.4	  0.3	0.000	0.000	0.000
08	  P	  0.2	  0.2	0.000	0.000	0.000
09	  F	  0.3	  0.6	0.000	0.000	0.000
10	  K	  0.3	  0.8	0.000	0.000	0.000
11	  G	  0.4	  0.6	0.000	0.657	0.657
12	  T	  5.7	  0.6	0.000	1.712	1.712
13	  Y	  6.6	  0.2	0.000	3.459	3.459
14	  W	  6.6	  0.0	0.000	3.459	3.459
15	  F	  1.2	  0.6	0.000	3.459	3.459
16	  G	  0.2	  0.6	0.000	2.801	2.801
17	  T	  0.1	  1.1	0.000	2.144	2.144
18	  S	  0.1	  1.1	0.000	0.186	0.186
19	  N	  0.2	  0.5	0.000	0.000	0.000
20	  C	  0.1	  3.3	0.000	0.000	0.000
21	  P	  0.1	  3.2	0.000	0.000	0.000
22	  S	  0.0	  3.6	0.000	0.000	0.000
23	  G	  0.0	  3.9	0.000	0.000	0.000
24	  H	  0.1	  1.0	0.000	0.000	0.000
25	  G	  0.1	  0.6	0.259	0.000	0.000
26	  Y	  1.5	  0.3	0.259	0.000	0.000
27	  R	  1.5	  0.1	0.259	0.000	0.000
28	  K	  1.6	  0.2	0.259	0.000	0.000
29	  K	  0.8	  0.3	0.259	0.000	0.000
30	  C	  1.0	  0.4	0.259	0.000	0.000
31	  D	  1.4	  0.4	0.259	0.000	0.000
32	  S	  2.5	  0.3	0.130	0.000	0.000
33	  F	  2.2	  0.2	0.130	0.000	0.000
34	  F	  1.6	  0.0	0.000	0.000	0.000
