res	aa	Beta	Turn	Helix	Aggregation	Conc-Stab_Aggregation
01	  E	  0.0	  0.3	0.000	0.000	0.000
02	  G	  0.1	  0.3	0.000	0.000	0.000
03	  C	  9.2	  0.3	0.000	0.000	0.000
04	  C	  9.4	  0.3	0.000	0.000	0.000
05	  S	  9.2	  0.0	0.000	0.000	0.000
06	  N	  0.2	  0.0	0.000	0.000	0.000
07	  P	  0.0	  0.1	0.000	0.000	0.000
08	  P	  0.0	  0.1	0.000	0.000	0.000
09	  C	  1.2	  0.2	0.000	0.000	0.000
10	  R	  1.9	  0.2	0.000	0.000	0.000
11	  H	  3.7	  0.1	0.000	0.000	0.000
12	  T	  2.7	  0.1	0.000	0.000	0.000
13	  H	  2.1	  0.4	0.000	0.000	0.000
14	  P	  0.2	  0.4	0.000	0.000	0.000
15	  E	  2.4	  0.4	0.000	0.000	0.000
16	  V	  2.4	  0.4	0.000	0.000	0.000
17	  C	  2.4	  0.0	0.000	0.000	0.000
