res	aa	Beta	Turn	Helix	Aggregation	Conc-Stab_Aggregation
01	  Q	  0.7	  0.1	0.000	0.000	0.000
02	  M	  2.0	  0.1	0.000	0.000	0.000
03	  D	  2.3	  0.2	0.000	0.000	0.000
04	  M	  5.2	  0.2	0.000	0.000	0.000
05	  R	  4.7	  0.1	0.000	0.000	0.000
06	  C	  8.1	  0.2	0.000	0.000	0.000
07	  S	  7.2	  0.9	0.000	0.000	0.000
08	  A	  6.8	  0.9	0.000	0.000	0.000
09	  S	  6.8	  0.9	0.930	0.000	0.000
10	  V	  7.1	  0.8	0.930	0.000	0.000
11	  E	  7.7	  0.0	1.140	0.000	0.000
12	  C	  4.8	  0.1	1.140	0.000	0.000
13	  K	  1.8	  0.2	1.140	0.000	0.000
14	  Q	  1.0	  0.2	1.140	0.000	0.000
15	  K	  1.0	  0.2	0.849	0.000	0.000
16	  C	  3.0	  0.1	0.821	0.000	0.000
17	  L	  3.0	  0.0	0.571	0.000	0.000
18	  K	  2.8	  0.0	0.571	0.000	0.000
19	  A	  0.6	  0.2	0.296	0.191	0.191
20	  I	  0.4	  0.5	0.296	0.415	0.415
21	  G	  0.2	  0.5	0.296	0.415	0.415
22	  S	  0.4	  0.5	0.139	0.415	0.415
23	  I	  1.3	  0.4	0.000	0.415	0.415
24	  F	  1.4	  0.4	0.000	0.415	0.415
25	  G	  1.1	  0.4	0.000	0.000	0.000
26	  K	  0.6	  0.4	0.000	0.000	0.000
27	  C	  2.5	  0.5	0.000	0.000	0.000
28	  M	  2.6	  0.3	0.000	0.000	0.000
29	  N	  2.1	  0.5	0.000	0.000	0.000
30	  K	  0.3	  0.5	0.000	0.000	0.000
31	  K	  1.0	  0.2	0.000	0.000	0.000
32	  C	  1.5	  0.2	0.000	0.000	0.000
33	  K	  1.3	  0.0	0.000	0.000	0.000
34	  C	  0.5	  0.0	0.000	0.000	0.000
