res	aa	Beta	Turn	Helix	Aggregation	Conc-Stab_Aggregation
01	  R	  1.1	  0.0	0.000	0.000	0.000
02	  C	  2.4	  0.0	0.000	0.000	0.000
03	  L	  2.7	  0.0	0.000	0.000	0.000
04	  H	  1.7	  0.9	0.000	0.000	0.000
05	  A	  0.5	  1.0	0.000	0.000	0.000
06	  G	  0.1	  1.0	0.135	0.000	0.000
07	  A	  0.1	  0.9	0.135	0.000	0.000
08	  A	  0.2	  0.1	0.135	0.000	0.000
09	  C	  0.5	  0.0	0.135	0.000	0.000
10	  S	  0.5	  0.1	0.135	0.000	0.000
11	  G	  0.3	  0.1	0.135	0.000	0.000
12	  P	  0.0	  0.1	0.000	0.000	0.000
13	  I	  0.2	  0.1	0.000	0.000	0.000
14	  Q	  0.5	  0.0	0.000	0.000	0.000
15	  K	  0.7	  0.0	0.000	0.000	0.000
16	  I	  0.5	  0.0	0.000	0.000	0.000
17	  P	  0.2	  0.0	0.000	0.000	0.000
18	  C	  3.0	  0.0	0.000	0.000	0.000
19	  C	  3.0	  0.1	0.000	0.000	0.000
20	  G	  3.0	  0.1	0.000	0.000	0.000
21	  T	 10.6	  0.1	0.124	0.000	0.000
22	  C	 11.2	  0.2	0.124	0.000	0.000
23	  S	 11.6	  0.2	0.124	0.000	0.000
24	  R	  1.4	  0.2	0.124	0.000	0.000
25	  R	  0.7	  0.2	0.124	0.000	0.000
26	  K	  3.0	  0.1	0.124	0.000	0.000
27	  C	  2.9	  0.1	0.000	0.000	0.000
28	  T	  2.8	  0.0	0.000	0.000	0.000
