res	aa	Beta	Turn	Helix	Aggregation	Conc-Stab_Aggregation
01	  C	 12.7	  0.0	0.000	0.000	0.000
02	  C	 14.5	  0.0	0.000	0.000	0.000
03	  E	 14.5	  0.0	0.000	0.000	0.000
04	  W	  2.2	  0.1	0.000	0.000	0.000
05	  P	  0.1	  0.1	0.000	0.000	0.000
06	  C	  1.5	  0.2	0.000	0.000	0.000
07	  H	  1.7	  0.9	0.000	0.000	0.000
08	  H	  1.8	  1.0	0.000	0.000	0.000
09	  G	  0.4	  1.0	0.000	0.000	0.000
10	  C	  0.5	  0.9	0.000	0.000	0.000
11	  I	  0.5	  0.2	0.000	0.000	0.000
12	  P	  0.4	  0.0	0.000	0.000	0.000
13	  C	  6.0	  0.0	0.000	0.000	0.000
14	  C	  6.0	  0.0	0.000	0.000	0.000
15	  Y	  6.0	  0.0	0.000	0.000	0.000
