res	aa	Beta	Turn	Helix	Aggregation	Conc-Stab_Aggregation
01	  A	  0.0	  0.1	0.000	0.000	0.000
02	  G	  0.0	  0.1	0.419	0.000	0.000
03	  T	  0.7	  0.1	0.996	0.000	0.000
04	  K	  0.8	  0.1	0.996	0.000	0.000
05	  E	  0.9	  0.0	0.996	0.000	0.000
06	  W	  0.8	  0.0	0.996	0.000	0.000
07	  L	  0.8	  0.0	0.996	0.000	0.000
08	  N	  0.8	  0.1	1.265	0.000	0.000
09	  K	  0.4	  0.1	0.996	0.000	0.000
10	  A	  0.3	  0.4	0.423	0.000	0.000
11	  K	  0.4	  0.4	0.423	0.000	0.000
12	  D	  0.6	  0.3	0.630	0.000	0.000
13	  F	  1.7	  0.3	0.630	0.000	0.000
14	  I	  2.4	  0.0	0.360	0.000	0.000
15	  K	  2.2	  0.2	0.360	0.000	0.000
16	  E	  1.0	  0.4	0.360	0.000	0.000
17	  K	  0.3	  0.5	0.360	0.000	0.000
18	  G	  0.0	  0.6	0.286	0.000	0.000
19	  L	  0.1	  0.4	0.112	0.000	0.000
20	  G	  0.1	  0.2	0.428	0.000	0.000
21	  M	  0.6	  0.2	0.428	0.000	0.000
22	  L	  1.1	  0.0	0.552	0.000	0.000
23	  S	  1.2	  0.0	1.299	0.000	0.000
24	  A	  0.7	  0.0	1.299	0.000	0.000
25	  A	  0.1	  0.4	1.187	0.000	0.000
26	  A	  0.1	  0.4	1.032	0.000	0.000
27	  N	  0.0	  0.4	1.032	0.000	0.000
28	  A	  0.1	  0.4	0.747	0.000	0.000
29	  A	  0.2	  0.0	0.473	0.000	0.000
30	  L	  0.2	  0.0	0.228	0.000	0.000
31	  N	  0.1	  0.0	0.000	0.000	0.000
