res	aa	Beta	Turn	Helix	Aggregation	Conc-Stab_Aggregation
01	  G	  0.0	  0.0	0.304	0.000	0.000
02	  W	  0.3	  0.3	0.304	0.000	0.000
03	  K	  0.3	  0.3	0.304	0.000	0.000
04	  D	  0.3	  0.3	0.304	0.000	0.000
05	  W	  0.7	  0.3	0.304	0.000	0.000
06	  L	  0.8	  0.0	0.304	0.000	0.000
07	  N	  0.8	  0.1	0.575	0.000	0.000
08	  K	  0.4	  0.1	0.454	0.000	0.000
09	  A	  0.3	  0.4	0.271	0.000	0.000
10	  K	  0.4	  0.4	0.271	0.000	0.000
11	  D	  0.6	  0.3	0.577	0.000	0.000
12	  F	  1.7	  0.3	0.577	0.000	0.000
13	  I	  2.4	  0.0	0.306	0.000	0.000
14	  K	  2.2	  0.2	0.306	0.000	0.000
15	  E	  1.0	  0.2	0.306	0.000	0.000
16	  K	  0.3	  0.2	0.306	0.000	0.000
17	  G	  0.0	  0.4	2.099	0.000	0.000
18	  P	  0.0	  0.3	2.109	0.000	0.000
19	  E	  0.2	  0.3	2.412	0.000	0.000
20	  I	  2.5	  0.2	2.586	0.000	0.000
21	  L	  2.9	  0.0	2.900	0.000	0.000
22	  R	  2.7	  0.0	2.900	0.000	0.000
23	  A	  0.5	  0.0	2.750	0.000	0.000
24	  A	  0.1	  0.4	2.403	0.000	0.000
25	  A	  0.1	  0.3	2.031	0.000	0.000
26	  N	  0.0	  0.3	1.762	0.000	0.000
27	  A	  0.2	  0.3	0.364	0.000	0.000
28	  A	  0.3	  0.0	0.170	0.000	0.000
29	  I	  0.3	  0.0	0.000	0.000	0.000
30	  N	  0.2	  0.0	0.000	0.000	0.000
