res	aa	Beta	Turn	Helix	Aggregation	Conc-Stab_Aggregation
01	  C	  0.4	  0.0	0.000	0.000	0.000
02	  I	  0.4	  0.0	0.000	0.000	0.000
03	  P	  0.4	  0.0	0.000	0.000	0.000
04	  A	  0.0	  0.0	0.000	0.000	0.000
05	  A	  0.0	  0.0	0.000	0.000	0.000
06	  N	  0.0	  0.3	0.161	0.000	0.000
07	  P	  0.0	  0.3	0.161	0.000	0.000
08	  C	  0.4	  0.5	0.161	0.000	0.000
09	  R	  0.5	  0.7	0.161	0.000	0.000
10	  G	  0.5	  0.4	0.161	0.000	0.000
11	  N	  0.2	  0.6	0.161	0.000	0.000
12	  A	  0.2	  0.5	0.000	0.000	0.000
13	  R	  0.7	  0.3	0.000	0.000	0.000
14	  C	  3.8	  0.3	0.000	0.000	0.000
15	  C	  3.7	  1.3	0.000	0.000	0.000
16	  G	  3.3	  1.2	0.000	0.000	0.000
17	  N	  0.7	  1.2	0.666	0.000	0.000
18	  Y	  2.5	  1.2	0.666	0.000	0.000
19	  V	  2.7	  0.0	0.666	0.000	0.000
20	  C	  2.3	  1.4	0.666	0.000	0.000
21	  K	  0.4	  7.5	0.666	0.000	0.000
22	  N	  0.2	  7.6	0.666	0.000	0.000
23	  G	  0.1	  7.7	0.158	0.000	0.000
24	  R	  2.2	  6.2	0.000	0.000	0.000
25	  C	  2.4	  0.2	0.000	0.000	0.000
26	  L	  2.4	  0.2	0.000	0.000	0.000
27	  P	  0.2	  0.1	0.000	0.000	0.000
28	  R	  0.0	  0.1	0.000	0.000	0.000
29	  S	  0.0	  0.1	0.000	0.000	0.000
