res	aa	Beta	Turn	Helix	Aggregation	Conc-Stab_Aggregation
01	  G	  0.0	  0.0	0.000	0.000	0.000
02	  I	  0.6	  0.0	0.000	0.000	0.000
03	  C	  1.3	  0.0	0.000	0.000	0.000
04	  S	  1.2	  0.0	0.000	0.000	0.000
05	  E	  0.7	  0.0	0.000	0.000	0.000
06	  P	  0.0	  0.0	0.000	0.000	0.000
07	  I	  9.1	  0.0	0.000	0.000	0.000
08	  V	 10.1	  0.0	0.000	0.000	0.000
09	  V	 10.1	  0.1	0.000	0.000	0.000
10	  G	  1.0	  0.2	0.000	0.000	0.000
11	  P	  0.0	  0.2	0.000	0.000	0.000
12	  C	  1.0	  0.4	0.000	0.000	0.000
13	  K	  1.1	  0.3	0.000	0.000	0.000
14	  A	  1.1	  0.2	0.000	0.000	0.000
15	  G	  0.1	  0.2	0.000	0.000	0.000
