res	aa	Beta	Turn	Helix	Aggregation	Conc-Stab_Aggregation
01	  F	  2.1	  0.0	0.000	0.000	0.000
02	  V	  3.6	  0.0	0.420	0.000	0.000
03	  K	  3.7	  0.0	0.420	0.000	0.000
04	  E	  1.7	  0.0	0.565	0.000	0.000
05	  L	  0.4	  0.0	0.565	0.000	0.000
06	  W	  0.6	  0.1	1.194	0.000	0.000
07	  D	  0.5	  0.1	2.289	0.000	0.000
08	  K	  4.4	  0.1	2.289	0.000	0.000
09	  V	  4.7	  0.1	2.289	0.000	0.000
10	  K	  4.7	  0.0	2.289	0.000	0.000
11	  K	  0.9	  0.2	2.159	0.000	0.000
12	  M	  0.4	  0.4	1.847	0.000	0.000
13	  G	  0.4	  0.4	0.825	0.000	0.000
14	  S	  0.3	  0.4	0.806	0.000	0.000
15	  A	  0.3	  0.3	0.620	0.000	0.000
16	  A	  0.5	  0.0	0.620	0.000	0.000
17	  W	  2.6	  0.0	0.620	0.000	0.000
18	  S	  2.6	  0.0	0.875	0.000	0.000
19	  A	  2.4	  0.2	0.741	0.000	0.000
20	  A	  0.2	  0.7	0.741	0.000	0.000
21	  K	  0.1	  0.8	0.632	0.000	0.000
22	  G	  0.0	  0.8	0.255	0.000	0.000
23	  A	  0.2	  0.6	0.255	0.000	0.000
24	  F	  0.2	  0.1	0.116	0.000	0.000
25	  A	  0.1	  0.0	0.000	0.000	0.000
