res	aa	Beta	Turn	Helix	Aggregation	Conc-Stab_Aggregation
01	  M	  0.0	  1.1	0.000	0.000	0.000
02	  G	  0.0	  1.1	0.000	0.000	0.000
03	  G	  0.0	  1.1	0.000	0.000	0.000
04	  K	  0.5	  1.1	0.000	0.000	0.000
05	  W	  1.8	  0.1	0.000	0.000	0.000
06	  S	  2.4	  0.1	0.000	0.000	0.000
07	  K	  2.2	  0.2	0.000	0.000	0.000
08	  R	  1.7	  0.2	0.000	0.000	0.000
09	  S	  1.9	  0.1	0.000	0.000	0.000
10	  V	  2.7	  0.2	0.000	0.000	0.000
11	  V	  2.2	  0.2	0.000	0.000	0.000
12	  G	  1.3	  0.2	0.000	0.000	0.000
13	  W	  0.2	  0.3	0.000	0.000	0.000
14	  P	  0.0	  0.2	0.000	0.000	0.000
15	  A	  0.6	  0.2	0.000	0.000	0.000
16	  V	  0.5	  0.2	0.000	0.000	0.000
17	  R	  0.5	  0.0	0.000	0.000	0.000
