res	aa	Beta	Turn	Helix	Aggregation	Conc-Stab_Aggregation
01	  R	  0.4	  0.0	0.000	0.000	0.000
02	  W	  1.5	  0.0	0.000	0.000	0.000
03	  K	  1.9	  0.0	0.000	0.000	0.000
04	  I	  1.9	  0.0	0.000	0.000	0.000
05	  F	  1.2	  0.1	0.000	0.000	0.000
06	  K	  1.0	  0.1	0.000	0.000	0.000
07	  K	  4.5	  0.1	0.000	0.000	0.000
08	  I	  4.7	  0.1	0.000	0.000	0.000
09	  E	  4.6	  0.0	0.000	0.000	0.000
10	  K	  1.0	  0.2	0.000	0.000	0.000
11	  V	  0.6	  0.3	0.000	0.000	0.000
12	  G	  0.5	  0.5	0.153	0.000	0.000
13	  Q	  0.3	  0.5	0.153	0.000	0.000
14	  N	  3.6	  0.3	0.153	0.000	0.000
15	  I	  3.8	  0.5	0.153	0.000	0.000
16	  R	  3.6	  0.6	0.153	0.000	0.000
17	  D	  0.2	  0.6	0.153	0.000	0.000
18	  G	  0.1	  0.6	0.392	0.000	0.000
19	  I	  2.9	  0.3	0.392	0.000	0.000
20	  V	  4.9	  0.0	0.392	0.000	0.000
21	  K	  4.9	  0.0	0.392	0.000	0.000
22	  A	  2.2	  0.1	0.392	0.000	0.000
23	  G	  0.1	  0.1	0.392	0.000	0.000
24	  P	  0.0	  0.0	0.000	0.517	0.517
25	  A	  0.3	  0.0	0.000	45.912	45.912
26	  V	  7.5	  0.0	0.000	50.732	50.732
27	  A	  8.1	  0.0	0.000	50.732	50.732
28	  V	  8.8	  0.0	0.000	50.732	50.732
29	  V	  2.0	  0.0	0.000	50.732	50.732
30	  G	  1.2	  0.1	0.000	8.907	8.907
31	  Q	  0.2	  0.1	0.000	0.777	0.777
32	  A	  0.1	  0.1	0.000	0.439	0.439
33	  A	  0.7	  0.0	0.000	0.151	0.151
34	  T	  0.7	  0.0	0.000	0.151	0.151
35	  I	  0.7	  0.0	0.000	0.000	0.000
