res	aa	Beta	Turn	Helix	Aggregation	Conc-Stab_Aggregation
01	  R	  0.8	  0.0	0.000	0.000	0.000
02	  C	  0.9	  0.0	0.000	0.000	0.000
03	  K	  0.9	  0.1	0.000	0.000	0.000
04	  P	  0.1	  0.1	0.000	0.000	0.000
05	  C	  1.0	  0.1	0.000	0.000	0.000
06	  F	  2.7	  0.1	0.000	0.000	0.000
07	  T	  3.5	  0.0	0.000	0.000	0.000
08	  T	  2.5	  0.0	0.000	0.000	0.000
09	  D	  0.8	  0.3	0.754	0.000	0.000
10	  P	  0.0	  0.3	0.754	0.000	0.000
11	  Q	  0.8	  0.3	0.754	0.000	0.000
12	  M	  1.1	  0.3	0.754	0.000	0.000
13	  S	  1.2	  0.2	1.170	0.000	0.000
14	  K	  0.6	  0.2	1.170	0.000	0.000
15	  K	  1.0	  0.2	0.876	0.000	0.000
16	  C	  1.1	  1.3	0.416	0.000	0.000
17	  A	  1.0	  1.2	0.416	0.000	0.000
18	  D	  1.4	  1.2	0.416	0.000	0.000
19	  C	  4.3	  1.2	0.202	0.000	0.000
20	  C	  4.3	  3.2	0.000	0.000	0.000
21	  G	  3.2	  3.4	0.000	0.000	0.000
22	  G	  0.1	  4.3	0.000	0.000	0.000
23	  K	  0.0	  4.4	0.000	0.000	0.000
24	  G	  0.0	  2.1	0.000	0.000	0.000
25	  K	  0.0	  2.0	0.000	0.000	0.000
26	  G	  0.0	  1.2	0.000	0.000	0.000
27	  K	  0.7	  1.0	0.000	0.000	0.000
28	  C	  1.5	  0.1	0.000	0.000	0.000
29	  Y	  1.4	  0.2	0.000	0.000	0.000
30	  G	  0.8	  0.6	0.000	0.000	0.000
31	  P	  0.0	  0.7	0.000	0.000	0.000
32	  Q	  0.5	  0.7	0.000	0.000	0.000
33	  C	  2.1	  0.5	0.000	0.000	0.000
34	  L	  2.1	  0.0	0.000	0.000	0.000
35	  C	  1.6	  0.0	0.000	0.000	0.000
