res	aa	Beta	Turn	Helix	Aggregation	Conc-Stab_Aggregation
01	  V	  0.2	  0.3	0.000	0.000	0.000
02	  G	  0.2	  0.3	0.000	0.000	0.000
03	  C	  0.7	  0.5	0.000	0.000	0.000
04	  E	  0.6	  0.5	0.000	0.000	0.000
05	  E	  0.5	  0.2	0.000	0.000	0.000
06	  D	  0.1	  0.5	0.919	0.000	0.000
07	  P	  0.0	  0.3	0.919	0.000	0.000
08	  M	  2.2	  0.3	0.919	0.000	0.000
09	  H	  2.7	  0.3	0.919	0.000	0.000
10	  C	  2.7	  1.5	0.919	0.000	0.000
11	  K	  0.6	  1.5	0.919	0.000	0.000
12	  G	  0.1	  1.6	0.458	0.000	0.000
13	  K	  0.2	  1.7	0.179	0.000	0.000
14	  Q	  0.5	  0.2	0.000	0.000	0.000
15	  A	  0.5	  0.1	0.000	0.000	0.000
16	  K	  0.4	  0.3	0.000	0.000	0.000
17	  P	  0.0	  0.3	0.000	0.000	0.000
18	  T	 10.0	  0.3	0.000	0.000	0.000
19	  C	 16.1	  0.7	0.000	0.000	0.000
20	  C	 16.2	  5.0	0.000	0.000	0.000
21	  N	  6.5	  5.0	0.000	0.000	0.000
22	  G	  0.1	  5.0	0.000	0.000	0.000
23	  V	  0.7	  4.6	0.000	0.000	0.000
24	  C	  1.9	  0.0	0.000	0.000	0.000
25	  N	  2.4	  0.3	0.000	0.000	0.000
26	  C	  2.9	  0.3	0.000	0.000	0.000
27	  N	  1.7	  0.3	0.000	0.000	0.000
28	  V	  1.2	  0.2	0.000	0.000	0.000
