res	aa	Beta	Turn	Helix	Aggregation	Conc-Stab_Aggregation
01	  A	  0.2	  0.0	0.000	0.000	0.000
02	  C	  0.5	  0.7	0.000	0.000	0.000
03	  S	  0.6	  1.5	0.000	0.000	0.000
04	  G	  0.4	  1.9	0.000	0.000	0.000
05	  R	  0.1	  2.0	0.000	0.000	0.000
06	  G	  0.1	  1.4	0.000	0.000	0.000
07	  S	  0.6	  0.6	0.000	0.000	0.000
08	  R	  0.6	  0.2	0.000	0.000	0.000
09	  C	  0.6	  0.1	0.000	0.000	0.000
10	  P	  0.0	  0.4	0.000	0.000	0.000
11	  P	  0.0	  0.5	0.000	0.000	0.000
12	  Q	  1.8	  0.5	0.000	0.000	0.000
13	  C	 11.1	  0.5	0.000	0.000	0.000
14	  C	 11.6	  0.2	0.099	0.000	0.000
15	  M	 10.1	  0.1	0.099	0.000	0.000
16	  G	  0.9	  0.1	0.099	0.000	0.000
17	  L	  3.2	  0.2	0.099	0.000	0.000
18	  R	  3.3	  0.3	0.099	0.000	0.000
19	  C	  3.4	  0.5	0.099	0.000	0.000
20	  G	  0.5	  0.7	0.099	0.000	0.000
21	  R	  0.3	  0.6	0.000	0.000	0.000
22	  G	  0.1	  0.4	0.000	0.000	0.000
23	  N	  0.1	  0.7	0.000	0.000	0.000
24	  P	  0.0	  0.6	0.000	0.000	0.000
25	  Q	  0.4	  0.6	0.000	0.000	0.000
26	  K	  1.7	  0.6	0.000	0.000	0.000
27	  C	  2.4	  0.4	0.000	0.000	0.000
28	  I	  2.1	  0.7	0.000	0.000	0.000
29	  G	  0.7	  0.6	0.000	0.000	0.000
30	  A	  0.1	  0.7	0.000	0.000	0.000
31	  H	  0.2	  1.0	0.000	0.000	0.000
32	  E	  0.2	  0.6	0.000	0.000	0.000
33	  D	  0.1	  0.6	0.000	0.000	0.000
34	  V	  0.0	  0.6	0.000	0.000	0.000
