res	aa	Beta	Turn	Helix	Aggregation	Conc-Stab_Aggregation
01	  G	  0.1	  0.0	0.000	0.000	0.000
02	  C	  3.0	  0.0	0.000	0.000	0.000
03	  I	  7.3	  0.0	0.000	0.000	0.000
04	  E	  7.3	  0.0	0.000	0.000	0.000
05	  I	  4.5	  0.3	0.000	0.000	0.000
06	  G	  0.1	  0.9	0.000	0.000	0.000
07	  G	  0.1	  0.9	0.000	0.000	0.000
08	  D	  0.2	  4.2	0.000	0.000	0.000
09	  C	  0.3	  4.6	0.000	0.000	0.000
10	  D	  0.3	  4.1	0.000	0.000	0.000
11	  G	  0.1	  4.0	0.353	0.000	0.000
12	  Y	  1.1	  0.8	0.353	0.000	0.000
13	  Q	  1.2	  0.1	0.353	0.000	0.000
14	  E	  1.3	  0.2	0.353	0.000	0.000
15	  K	  0.7	  0.2	0.353	0.000	0.000
16	  S	  3.1	  0.1	0.353	0.000	0.000
17	  Y	  4.7	  0.1	0.167	0.000	0.000
18	  C	  5.4	  0.1	0.379	0.000	0.000
19	  Q	  4.5	  0.1	0.379	0.000	0.000
20	  C	 11.1	  0.1	0.379	0.000	0.000
21	  C	 10.5	  0.5	0.379	0.000	0.000
22	  R	  8.9	  0.6	0.379	0.000	0.000
23	  N	  0.6	  0.7	0.379	0.000	0.000
24	  N	  0.1	  0.7	0.112	0.000	0.000
25	  G	  0.1	  0.3	0.000	0.000	0.000
26	  F	  2.4	  0.2	0.000	0.000	0.000
27	  C	  2.4	  0.0	0.000	0.000	0.000
28	  S	  2.3	  0.0	0.000	0.000	0.000
