res	aa	Beta	Turn	Helix	Aggregation	Conc-Stab_Aggregation
01	  D	  0.6	  0.1	0.000	0.000	0.000
02	  V	  4.3	  0.1	0.000	4.893	4.893
03	  S	 23.5	  0.2	0.000	4.893	4.893
04	  F	 25.5	  0.3	0.000	4.893	4.893
05	  S	 26.5	  1.0	0.000	4.893	4.893
06	  L	  7.4	  1.1	0.000	4.893	4.893
07	  S	  4.5	  1.3	0.000	0.547	0.547
08	  G	  0.1	  1.4	0.000	0.000	0.000
09	  G	  0.0	  0.6	0.000	0.000	0.000
10	  G	  0.1	  0.5	0.000	0.000	0.000
11	  T	  2.7	  0.4	0.000	0.000	0.000
12	  A	  3.3	  0.3	0.000	0.000	0.000
13	  S	  9.9	  0.2	0.000	0.000	0.000
14	  Y	  9.1	  0.2	0.000	0.000	0.000
15	  E	  8.5	  0.0	0.000	0.000	0.000
16	  K	  1.9	  0.0	0.000	0.000	0.000
