res	aa	Beta	Turn	Helix	Aggregation	Conc-Stab_Aggregation
01	  F	  0.1	  0.0	0.000	0.000	0.000
02	  L	  0.2	  0.0	0.000	0.000	0.000
03	  P	  0.2	  0.0	1.443	0.000	0.000
04	  M	  0.7	  0.0	1.443	0.000	0.000
05	  I	  1.2	  0.0	1.443	0.000	0.000
06	  A	  1.4	  0.0	1.443	0.000	0.000
07	  K	  1.0	  0.0	1.443	0.000	0.000
08	  L	  0.6	  0.0	1.443	0.541	0.541
09	  L	  0.3	  0.6	1.247	0.541	0.541
10	  G	  0.1	  0.6	0.953	0.541	0.541
11	  G	  0.0	  0.6	0.419	0.541	0.541
12	  L	  0.0	  0.6	0.000	0.541	0.541
13	  L	  0.0	  0.0	0.000	0.000	0.000
