res	aa	Beta	Turn	Helix	Aggregation	Conc-Stab_Aggregation
01	  F	  0.1	  0.0	0.000	0.000	0.000
02	  L	  0.2	  0.0	0.000	0.000	0.000
03	  P	  0.2	  0.0	0.000	0.000	0.000
04	  I	  1.2	  0.0	0.000	0.000	0.000
05	  L	  1.2	  0.0	0.000	0.000	0.000
06	  G	  1.2	  0.0	0.000	0.000	0.000
07	  K	  0.6	  0.0	0.000	0.000	0.000
08	  I	  1.7	  0.0	0.000	1.091	1.091
09	  L	  1.7	  0.5	0.000	1.091	1.091
10	  G	  1.2	  0.6	0.000	1.091	1.091
11	  G	  0.0	  0.6	0.000	1.091	1.091
12	  L	  0.0	  0.6	0.000	1.091	1.091
13	  L	  0.0	  0.0	0.000	0.000	0.000
