res	aa	Beta	Turn	Helix	Aggregation	Conc-Stab_Aggregation
01	  I	  0.6	  0.0	0.000	0.000	0.000
02	  V	  0.6	  0.0	0.000	0.000	0.000
03	  P	  0.6	  0.0	0.000	0.000	0.000
04	  F	  0.4	  0.0	0.000	0.000	0.000
05	  L	  0.4	  0.1	0.000	0.000	0.000
06	  G	  0.4	  0.3	0.000	0.000	0.000
07	  P	  0.0	  0.3	0.000	0.000	0.000
08	  L	  0.1	  0.3	0.000	5.941	5.941
09	  L	  0.2	  0.2	0.000	5.941	5.941
10	  G	  0.2	  0.0	0.000	5.941	5.941
11	  L	  0.3	  0.0	0.000	5.941	5.941
12	  L	  0.2	  0.0	0.000	5.941	5.941
13	  T	  0.2	  0.0	0.000	0.000	0.000
