res	aa	Beta	Turn	Helix	Aggregation	Conc-Stab_Aggregation
01	  F	  0.1	  0.0	0.000	0.000	0.000
02	  L	  0.2	  0.0	0.000	0.000	0.000
03	  P	  0.2	  0.0	0.000	0.000	0.000
04	  L	  1.3	  0.0	0.000	0.000	0.000
05	  I	  2.4	  0.0	0.410	0.000	0.000
06	  L	  2.4	  0.1	0.410	0.000	0.000
07	  G	  1.2	  0.2	0.410	0.000	0.000
08	  K	  0.6	  0.2	0.410	0.000	0.000
09	  L	  1.1	  0.2	0.410	0.000	0.000
10	  V	  1.7	  0.4	0.410	0.000	0.000
11	  K	  1.1	  0.4	0.410	0.000	0.000
12	  G	  0.6	  0.4	0.133	0.000	0.000
13	  L	  0.0	  0.4	0.000	0.000	0.000
14	  L	  0.0	  0.0	0.000	0.000	0.000
