res	aa	Beta	Turn	Helix	Aggregation	Conc-Stab_Aggregation
01	  V	  1.0	  0.0	0.000	0.000	0.000
02	  I	  1.1	  0.8	0.000	0.000	0.000
03	  G	  1.1	  0.9	0.000	0.000	0.000
04	  G	  0.1	  1.1	0.000	0.000	0.000
05	  A	  0.1	  1.1	0.000	0.000	0.000
06	  K	  0.8	  0.3	0.000	0.000	0.000
07	  C	  2.4	  0.2	0.000	0.000	0.000
08	  N	  3.9	  0.4	0.000	0.000	0.000
09	  I	  3.4	  0.4	0.000	0.000	0.000
10	  N	  1.8	  0.5	0.000	0.000	0.000
11	  E	  0.4	  0.5	0.000	0.000	0.000
12	  H	  0.6	  0.3	0.000	0.000	0.000
13	  R	  1.2	  0.3	0.000	0.000	0.000
14	  S	  1.6	  0.2	0.370	9.559	9.559
15	  I	  9.4	  0.1	0.370	84.554	84.554
16	  V	 12.2	  0.0	0.370	85.422	85.422
17	  L	 12.1	  0.0	0.370	85.422	85.422
18	  L	  4.7	  0.0	0.370	85.422	85.422
19	  Y	  2.4	  0.1	0.370	83.517	83.517
20	  S	  2.1	  0.2	0.000	5.519	5.519
21	  S	  1.7	  0.2	0.000	0.616	0.616
22	  R	  0.9	  0.2	0.000	0.000	0.000
23	  L	  0.8	  0.3	0.000	0.000	0.000
24	  F	  0.8	  0.8	0.000	0.000	0.000
25	  G	  0.3	  0.8	0.000	0.000	0.000
26	  H	  1.2	  0.8	0.000	0.000	0.000
27	  T	  1.7	  0.6	0.117	0.000	0.000
28	  L	  2.2	  0.0	0.117	0.000	0.000
29	  I	  1.5	  0.0	0.117	0.000	0.000
30	  N	  1.0	  0.0	0.117	0.000	0.000
31	  K	  0.6	  0.0	0.117	0.000	0.000
32	  E	  0.3	  0.0	0.117	0.000	0.000
33	  W	  1.2	  0.0	0.000	0.000	0.000
34	  V	  1.0	  0.0	0.000	0.000	0.000
35	  L	  1.0	  0.0	0.000	0.000	0.000
