res	aa	Beta	Turn	Helix	Aggregation	Conc-Stab_Aggregation
01	  N	  0.0	  0.0	0.000	0.000	0.000
02	  L	  0.2	  0.0	0.000	0.000	0.000
03	  L	  1.7	  0.0	0.000	0.000	0.000
04	  Q	  3.7	  0.0	0.000	0.000	0.000
05	  F	  4.9	  0.1	0.000	0.000	0.000
06	  R	  3.7	  0.1	0.000	0.000	0.000
07	  K	  2.2	  0.1	0.000	0.000	0.000
08	  M	  1.3	  0.1	0.000	0.000	0.000
09	  I	  1.4	  0.0	0.000	0.000	0.000
10	  K	  0.9	  0.0	0.000	0.000	0.000
11	  K	  2.6	  0.0	0.000	0.000	0.000
12	  M	  2.4	  0.2	0.000	0.001	0.001
13	  T	  2.4	  0.3	0.000	0.002	0.002
14	  G	  0.3	  0.3	0.000	0.008	0.008
15	  K	  0.6	  0.3	0.000	0.078	0.078
16	  E	  1.0	  0.2	0.000	0.078	0.078
17	  V	  4.0	  0.1	0.000	98.197	98.197
18	  V	  4.9	  0.0	0.291	99.628	99.628
19	  W	  5.2	  0.0	0.291	99.890	99.890
20	  Y	  3.1	  0.0	0.291	99.893	99.893
21	  A	  2.0	  0.0	0.291	99.893	99.893
22	  F	  1.9	  0.2	0.291	99.218	99.218
23	  Y	  1.6	  1.7	0.291	90.337	90.337
24	  G	  1.4	  1.7	0.291	19.514	19.514
25	  C	  3.6	  1.7	0.000	13.149	13.149
26	  Y	  4.6	  1.5	0.000	11.047	11.047
27	  C	  4.6	  0.3	0.000	2.996	2.996
28	  G	  1.6	  0.4	0.000	0.273	0.273
29	  G	  0.0	  1.2	0.000	0.028	0.028
30	  G	  0.0	  1.2	0.000	0.005	0.005
31	  G	  0.0	  0.9	0.000	0.001	0.001
32	  K	  0.0	  0.8	0.000	0.000	0.000
