res	aa	Beta	Turn	Helix	Aggregation	Conc-Stab_Aggregation
01	  T	  0.0	  0.2	0.000	0.000	0.000
02	  P	  0.0	  0.3	0.000	0.000	0.000
03	  E	  0.3	  0.3	0.000	0.000	0.000
04	  H	  0.7	  0.4	0.000	0.000	0.000
05	  Q	  1.4	  0.2	0.000	0.117	0.117
06	  R	  1.9	  0.1	0.000	7.662	7.662
07	  Y	  2.6	  0.1	0.000	7.662	7.662
08	  I	  4.4	  0.1	0.000	7.662	7.662
09	  E	  3.8	  0.1	0.000	7.662	7.662
10	  L	  3.4	  0.1	0.000	89.105	89.105
11	  F	  1.8	  0.1	0.000	89.135	89.135
12	  L	  3.3	  0.0	0.000	89.135	89.135
13	  V	  6.4	  0.0	0.000	89.075	89.075
14	  V	  6.4	  0.1	0.000	88.507	88.507
15	  D	  4.7	  0.5	0.333	0.251	0.251
16	  S	  1.0	  0.5	0.457	0.251	0.251
17	  G	  0.0	  0.5	1.171	0.251	0.251
18	  M	  0.9	  0.4	1.171	0.251	0.251
19	  F	  1.8	  0.0	1.171	0.251	0.251
20	  M	  2.7	  0.0	1.171	0.251	0.251
21	  K	  2.6	  0.1	1.171	0.251	0.251
22	  Y	  2.2	  2.4	1.069	0.206	0.206
23	  N	  1.2	  3.7	1.069	0.000	0.000
24	  G	  0.5	  3.8	0.112	0.000	0.000
25	  N	  0.0	  6.4	0.000	0.000	0.000
26	  S	  0.0	  4.2	0.000	0.000	0.000
27	  D	  0.1	  2.9	0.000	0.000	0.000
28	  K	  0.1	  2.8	0.000	0.000	0.000
29	  I	  0.1	  0.0	0.000	0.000	0.000
