res	aa	Beta	Turn	Helix	Aggregation	Conc-Stab_Aggregation
01	  N	  0.5	  0.0	0.000	0.000	0.000
02	  L	  0.7	  0.0	0.000	0.000	0.000
03	  Y	  6.4	  0.0	0.000	0.000	0.000
04	  Q	  7.9	  0.0	0.000	0.000	0.000
05	  F	  8.1	  0.5	0.000	0.000	0.000
06	  K	  2.7	  0.5	0.000	0.000	0.000
07	  N	  1.0	  0.5	0.000	0.000	0.000
08	  M	  0.5	  0.5	0.000	0.000	0.000
09	  I	  1.1	  0.0	0.000	0.000	0.000
10	  Q	  1.5	  0.0	0.000	0.000	0.000
11	  C	  1.8	  0.1	0.000	0.000	0.000
12	  T	  3.7	  0.1	0.000	0.000	0.000
13	  T	  4.2	  0.1	0.130	0.000	0.000
14	  K	  4.0	  0.2	0.130	0.000	0.000
15	  R	  2.2	  0.1	0.130	0.000	0.000
16	  S	  1.4	  0.1	1.326	0.000	0.000
17	  V	  2.6	  0.1	1.326	0.000	0.000
18	  L	  2.5	  0.0	1.326	0.000	0.000
19	  E	  2.1	  0.0	1.326	0.000	0.000
20	  F	  1.5	  0.0	1.326	0.000	0.000
21	  M	  1.6	  0.1	1.196	0.000	0.000
22	  E	  1.6	  0.3	0.826	0.000	0.000
23	  Y	  1.4	  1.8	0.628	0.000	0.000
24	  G	  0.6	  1.8	0.452	0.000	0.000
25	  C	  3.7	  1.6	0.000	0.000	0.000
26	  Y	  3.2	  1.5	0.000	0.000	0.000
27	  C	  3.2	  0.0	0.000	0.000	0.000
