res	aa	Beta	Turn	Helix	Aggregation	Conc-Stab_Aggregation
01	  N	  0.5	  0.0	0.000	0.000	0.000
02	  L	  0.7	  0.0	0.000	0.000	0.000
03	  Y	  6.4	  0.0	0.000	0.000	0.000
04	  Q	  7.9	  0.0	0.000	0.000	0.000
05	  F	  8.1	  0.5	0.000	0.000	0.000
06	  K	  2.6	  0.5	0.000	0.000	0.000
07	  N	  0.9	  0.5	0.000	0.000	0.000
08	  M	  0.8	  0.5	0.000	0.000	0.000
09	  I	  4.6	  0.0	0.000	0.000	0.000
10	  K	  6.9	  0.0	0.000	0.000	0.000
11	  C	  7.4	  0.1	0.000	0.000	0.000
12	  T	  4.3	  0.1	0.000	0.000	0.000
13	  N	  2.0	  0.1	0.000	0.000	0.000
14	  T	  1.5	  0.1	0.000	0.000	0.000
15	  R	  1.4	  0.0	0.000	0.000	0.000
16	  M	  1.3	  0.0	0.000	1.569	1.569
17	  W	  1.7	  0.0	0.000	2.048	2.048
18	  W	  4.8	  0.0	0.000	2.048	2.048
19	  S	 11.7	  0.0	0.000	2.048	2.048
20	  F	 12.7	  0.1	0.000	2.048	2.048
21	  T	  9.4	  0.1	0.000	1.068	1.068
22	  N	  1.9	  1.4	0.000	0.000	0.000
23	  A	  0.1	  1.9	0.000	0.000	0.000
24	  G	  0.1	  1.8	0.000	0.000	0.000
25	  C	  2.6	  2.2	0.000	0.000	0.000
26	  Y	  3.4	  0.9	0.000	0.000	0.000
27	  D	  3.3	  0.4	0.000	0.000	0.000
28	  G	  0.8	  0.4	0.000	0.000	0.000
