res	aa	Beta	Turn	Helix	Aggregation	Conc-Stab_Aggregation
01	  N	  0.2	  0.0	1.315	0.000	0.000
02	  L	  1.8	  0.0	1.315	0.000	0.000
03	  Q	  2.8	  0.0	1.315	0.000	0.000
04	  Y	  3.4	  0.0	1.315	0.000	0.000
05	  L	  2.0	  0.2	1.315	0.000	0.000
06	  K	  1.0	  0.2	1.315	0.000	0.000
07	  N	  0.6	  0.2	1.184	0.000	0.000
08	  M	  0.8	  0.2	0.903	0.000	0.000
09	  I	  4.6	  0.0	0.684	0.000	0.000
10	  K	  6.9	  0.0	0.684	0.000	0.000
11	  C	  7.4	  0.1	0.184	0.000	0.000
12	  T	  4.3	  0.1	0.000	0.000	0.000
13	  N	  2.0	  0.1	0.000	0.000	0.000
14	  T	  1.7	  0.1	0.000	0.000	0.000
15	  R	  2.4	  0.1	0.000	0.000	0.000
16	  H	  2.8	  0.0	0.000	0.000	0.000
17	  W	  2.7	  0.0	0.000	1.101	1.101
18	  L	  3.5	  0.0	0.000	1.101	1.101
19	  S	  9.8	  0.0	0.000	1.101	1.101
20	  F	 11.1	  0.1	0.000	1.101	1.101
21	  T	  9.6	  0.1	0.000	1.101	1.101
22	  N	  2.4	  0.4	0.000	0.589	0.589
23	  Y	  1.0	  1.8	0.000	0.589	0.589
24	  G	  0.5	  1.8	0.000	0.412	0.412
25	  C	  3.6	  1.8	0.000	0.412	0.412
26	  Y	  4.7	  1.4	0.000	0.412	0.412
27	  C	  4.7	  0.0	0.000	0.181	0.181
28	  G	  1.6	  0.0	0.000	0.000	0.000
