res	aa	Beta	Turn	Helix	Aggregation	Conc-Stab_Aggregation
01	  G	  0.0	  0.0	0.000	0.000	0.000
02	  F	  1.7	  0.0	0.000	3.476	3.476
03	  F	  2.4	  0.0	0.000	3.476	3.476
04	  A	  2.8	  0.0	0.000	3.476	3.476
05	  L	  1.3	  0.0	0.000	3.476	3.476
06	  I	  0.6	  0.0	0.000	3.476	3.476
07	  P	  0.1	  0.0	0.000	1.639	1.639
08	  K	  1.5	  0.0	0.000	0.000	0.000
09	  I	  3.6	  0.0	0.000	0.000	0.000
10	  I	  4.7	  0.0	0.000	0.000	0.000
11	  S	  3.2	  0.0	0.000	0.000	0.000
12	  S	  1.2	  0.0	0.127	0.000	0.000
13	  P	  0.0	  0.0	0.127	0.000	0.000
14	  I	  0.4	  0.0	0.127	0.000	0.000
15	  F	  0.8	  0.2	0.127	0.000	0.000
16	  K	  1.0	  0.2	0.127	0.000	0.000
17	  T	  1.4	  0.2	0.127	0.677	0.677
18	  L	  1.4	  0.2	0.127	1.800	1.800
19	  L	  1.8	  0.0	0.127	1.800	1.800
20	  S	  1.3	  0.0	0.127	1.800	1.800
21	  A	  1.0	  0.2	0.000	1.800	1.800
22	  V	  0.5	  0.6	0.000	1.800	1.800
23	  G	  0.4	  0.6	0.000	0.000	0.000
24	  S	  0.4	  0.6	0.000	0.000	0.000
25	  A	  0.4	  0.5	0.000	0.000	0.000
26	  L	  0.6	  0.1	0.000	0.000	0.000
27	  S	  1.4	  2.9	0.000	0.000	0.000
28	  S	  1.2	  3.2	0.000	0.000	0.000
29	  S	  0.9	  4.0	0.000	0.000	0.000
30	  G	  0.1	  3.9	0.000	0.000	0.000
31	  G	  0.0	  1.1	0.000	0.000	0.000
32	  Q	  0.0	  0.8	0.000	0.000	0.000
33	  E	  0.0	  0.0	0.000	0.000	0.000
