res	aa	Beta	Turn	Helix	Aggregation	Conc-Stab_Aggregation
01	  W	  0.7	  0.0	0.000	0.000	0.000
02	  C	  1.2	  0.1	0.000	0.000	0.000
03	  K	  1.2	  0.4	0.000	0.000	0.000
04	  Q	  0.6	  0.6	0.000	0.000	0.000
05	  S	  0.1	  1.0	0.000	0.000	0.000
06	  G	  0.1	  0.8	0.000	0.000	0.000
07	  E	  0.2	  0.6	0.000	0.000	0.000
08	  M	  0.5	  0.4	0.000	0.000	0.000
09	  C	  2.6	  0.0	0.000	0.000	0.000
10	  N	  2.6	  0.0	0.000	0.000	0.000
11	  V	  4.8	  0.0	0.000	0.000	0.000
12	  L	  2.8	  0.0	0.000	0.000	0.000
13	  D	  2.7	  3.5	0.109	0.000	0.000
14	  Q	  0.5	  3.5	0.109	0.000	0.000
15	  N	  2.3	  3.5	0.109	0.000	0.000
16	  C	  7.7	  3.9	0.109	0.000	0.000
17	  C	  7.5	  1.1	0.109	0.000	0.000
18	  D	  5.5	  1.1	0.109	0.000	0.000
19	  G	  0.1	  1.1	0.000	3.459	3.459
20	  Y	  3.1	  0.6	0.000	42.477	42.477
21	  C	  7.3	  0.0	0.000	64.291	64.291
22	  I	 11.8	  0.0	0.000	93.737	93.737
23	  V	 14.2	  0.0	0.000	93.737	93.737
24	  F	 11.8	  0.0	0.000	93.711	93.711
25	  V	  7.9	  0.0	0.000	89.658	89.658
26	  C	  2.5	  0.0	0.000	57.072	57.072
27	  T	  0.6	  0.0	0.000	0.000	0.000
