res	aa	Beta	Turn	Helix	Aggregation	Conc-Stab_Aggregation
01	  R	  0.1	  0.3	0.000	0.000	0.000
02	  S	  0.2	  1.2	0.000	0.000	0.000
03	  G	  0.2	  1.4	0.000	0.000	0.000
04	  R	  0.1	  1.4	0.000	0.000	0.000
05	  G	  0.1	  1.2	0.118	0.000	0.000
06	  E	  0.4	  0.3	0.118	0.000	0.000
07	  C	  1.4	  0.1	0.510	0.000	0.000
08	  R	  1.8	  0.2	0.510	0.000	0.000
09	  R	  1.6	  0.2	0.510	0.000	0.000
10	  Q	  1.0	  0.2	0.510	0.000	0.000
11	  C	  2.2	  0.1	0.392	0.000	0.000
12	  L	  2.2	  0.1	0.392	0.000	0.000
13	  R	  2.2	  0.1	0.392	0.000	0.000
14	  R	  0.9	  0.1	0.224	0.000	0.000
15	  H	  0.8	  1.6	0.000	0.000	0.000
16	  E	  0.4	  1.6	0.000	0.000	0.000
17	  G	  0.0	  1.5	0.000	0.000	0.000
18	  Q	  0.0	  1.5	0.000	0.000	0.000
19	  P	  0.0	  0.0	0.000	0.000	0.000
20	  W	  0.3	  0.1	0.000	0.000	0.000
21	  E	  0.4	  0.1	0.156	0.000	0.000
22	  T	  0.8	  0.2	2.997	0.000	0.000
23	  Q	  0.6	  0.2	3.397	0.000	0.000
24	  E	  0.6	  0.1	3.561	0.000	0.000
25	  C	  2.0	  0.1	3.688	0.000	0.000
26	  M	  2.0	  0.1	3.688	0.000	0.000
27	  R	  2.0	  0.1	3.688	0.000	0.000
28	  R	  1.3	  0.1	3.544	0.000	0.000
29	  C	  2.2	  0.2	3.042	0.000	0.000
30	  R	  2.5	  0.2	1.421	0.000	0.000
31	  R	  1.5	  0.2	0.815	0.000	0.000
32	  R	  0.5	  0.2	0.426	0.000	0.000
33	  G	  0.1	  0.1	0.000	0.000	0.000
