res	aa	Beta	Turn	Helix	Aggregation	Conc-Stab_Aggregation
01	  R	  0.2	  0.0	0.000	0.000	0.000
02	  S	  3.0	  0.0	0.000	0.000	0.000
03	  C	  6.0	  0.1	0.000	0.000	0.000
04	  I	  7.2	  0.1	0.000	0.000	0.000
05	  D	  5.6	  0.1	0.000	0.000	0.000
06	  T	  3.1	  0.1	0.000	0.000	0.000
07	  I	  1.7	  0.0	0.000	0.000	0.000
08	  P	  0.5	  0.1	0.000	0.000	0.000
09	  K	  0.2	  0.2	0.000	0.000	0.000
10	  S	  0.5	  0.2	0.670	0.000	0.000
11	  R	  1.9	  0.2	0.670	0.000	0.000
12	  C	  7.3	  0.1	0.670	0.000	0.000
13	  T	  7.6	  0.0	0.670	0.000	0.000
14	  A	  6.6	  0.0	0.670	0.000	0.000
15	  F	  7.7	  0.0	0.670	0.000	0.000
16	  Q	  7.2	  0.0	0.133	0.000	0.000
17	  C	  7.1	  0.1	0.000	0.000	0.000
18	  K	  0.7	  0.2	0.000	0.000	0.000
19	  H	  0.4	  0.1	0.000	0.000	0.000
20	  S	  0.8	  0.1	0.985	0.000	0.000
21	  M	  1.7	  0.0	0.985	0.000	0.000
22	  K	  2.3	  0.0	0.985	0.000	0.000
23	  Y	  3.5	  0.0	0.985	0.000	0.000
24	  R	  2.9	  0.0	0.985	0.000	0.000
25	  L	  4.2	  0.0	0.985	0.000	0.000
26	  S	  5.1	  0.0	0.849	0.000	0.000
27	  F	  6.9	  0.0	0.587	0.000	0.000
28	  C	  6.2	  0.1	0.236	0.000	0.000
29	  R	  3.7	  0.2	0.000	0.000	0.000
30	  K	  2.3	  0.2	0.000	0.000	0.000
31	  T	  1.4	  0.2	0.000	0.000	0.000
32	  C	  1.2	  0.2	0.000	0.000	0.000
33	  G	  0.5	  0.1	0.000	0.000	0.000
34	  T	  0.1	  0.1	0.000	0.000	0.000
35	  C	  0.0	  0.1	0.000	0.000	0.000
