res	aa	Beta	Turn	Helix	Aggregation	Conc-Stab_Aggregation
01	  S	  2.9	  0.0	0.000	0.000	0.000
02	  F	  9.0	  0.0	0.000	0.000	0.000
03	  C	  9.4	  0.0	0.000	0.000	0.000
04	  I	  6.7	  0.0	0.000	0.000	0.000
05	  P	  0.4	  0.0	0.000	0.000	0.000
06	  F	  0.2	  0.0	0.000	0.000	0.000
07	  K	  0.2	  0.0	0.000	0.000	0.000
08	  P	  0.2	  0.0	0.000	0.000	0.000
09	  C	  0.4	  0.3	0.000	0.000	0.000
10	  K	  0.4	  0.6	0.000	0.000	0.000
11	  S	  0.4	  0.7	0.000	0.000	0.000
12	  D	  0.0	  5.8	0.483	0.000	0.000
13	  E	  0.1	  5.5	0.483	0.000	0.000
14	  N	  2.0	  5.2	3.710	0.000	0.000
15	  C	  9.0	  5.1	3.710	0.000	0.000
16	  C	  9.2	  0.1	3.710	0.000	0.000
17	  K	  7.4	  0.1	3.710	0.000	0.000
18	  K	  1.3	  0.1	3.584	0.000	0.000
19	  F	  4.7	  0.1	3.356	0.000	0.000
20	  K	  5.4	  0.0	1.725	0.000	0.000
21	  C	  4.6	  0.1	0.865	0.000	0.000
22	  K	  1.7	  0.2	0.308	0.000	0.000
23	  T	  1.0	  0.2	0.000	0.000	0.000
24	  T	  0.9	  0.2	0.000	0.000	0.000
25	  G	  0.1	  0.1	0.000	0.000	0.000
26	  I	  2.8	  0.1	0.000	0.000	0.000
27	  V	  9.7	  0.0	0.000	0.000	0.000
28	  K	 10.2	  0.0	0.000	0.000	0.000
29	  L	  7.7	  0.0	0.000	0.000	0.000
30	  C	  1.3	  0.0	0.000	0.000	0.000
31	  R	  0.6	  0.0	0.000	0.000	0.000
32	  W	  0.5	  0.0	0.000	0.000	0.000
