res	aa	Beta	Turn	Helix	Aggregation	Conc-Stab_Aggregation
01	  Q	  0.3	  0.0	0.000	0.000	0.000
02	  K	  0.8	  0.0	0.000	0.000	0.000
03	  L	  0.9	  0.0	0.000	0.000	0.000
04	  C	  3.9	  0.0	0.000	0.000	0.000
05	  E	  3.5	  0.0	0.000	0.000	0.000
06	  R	  3.3	  1.0	0.000	0.000	0.000
07	  P	  0.0	  1.1	0.000	0.000	0.000
08	  S	  0.1	  1.1	0.000	0.000	0.000
09	  G	  0.1	  1.1	0.000	0.000	0.000
10	  T	 23.3	  0.3	0.000	0.000	0.000
11	  W	 23.4	  0.4	0.000	0.000	0.000
12	  S	 23.4	  0.4	0.000	0.000	0.000
13	  G	  0.3	  0.4	0.000	0.000	0.000
14	  V	  0.3	  0.3	0.000	0.000	0.000
15	  C	  0.3	  1.4	0.000	0.000	0.000
16	  G	  0.3	  1.5	0.000	0.000	0.000
17	  N	  0.1	  2.2	0.000	0.000	0.000
18	  N	  0.0	  2.2	0.000	0.000	0.000
19	  N	  0.1	  0.8	0.217	0.000	0.000
20	  A	  0.1	  0.7	0.217	0.000	0.000
21	  C	  0.3	  0.5	0.217	0.000	0.000
22	  K	  0.4	  0.5	0.217	0.000	0.000
23	  N	  0.5	  0.5	0.217	0.000	0.000
24	  Q	  0.7	  0.5	0.217	0.000	0.000
25	  C	  2.8	  0.0	0.000	0.000	0.000
26	  I	  2.6	  0.0	0.000	0.000	0.000
27	  N	  2.2	  0.0	0.000	0.000	0.000
