res	aa	Beta	Turn	Helix	Aggregation	Conc-Stab_Aggregation
01	  N	  0.0	  0.0	0.000	0.000	0.000
02	  A	  0.2	  0.0	0.000	17.261	17.261
03	  A	  0.5	  0.0	0.000	25.430	25.430
04	  V	  1.1	  0.2	0.000	27.711	27.711
05	  A	  1.0	  0.2	0.000	27.884	27.884
06	  G	  0.6	  0.2	0.000	27.884	27.884
07	  A	  1.0	  0.2	0.000	27.884	27.884
08	  V	  4.3	  0.0	0.000	27.884	27.884
09	  I	  4.6	  0.2	0.000	25.665	25.665
10	  E	  3.5	  0.7	0.000	0.000	0.000
11	  G	  0.3	  0.8	0.000	0.000	0.000
12	  A	  0.3	  0.8	0.000	0.257	0.257
13	  T	  2.7	  0.6	0.000	0.257	0.257
14	  L	  5.9	  0.1	0.000	0.257	0.257
15	  T	 15.6	  0.0	0.000	0.257	0.257
16	  F	 20.6	  0.0	0.000	0.257	0.257
17	  E	 17.6	  0.0	0.000	0.000	0.000
18	  V	  9.8	  0.0	0.000	0.000	0.000
19	  L	  1.9	  0.0	0.000	0.000	0.000
20	  Q	  1.5	  0.0	0.000	0.000	0.000
