res	aa	Beta	Turn	Helix	Aggregation	Conc-Stab_Aggregation
01	  G	  0.0	  0.3	0.000	0.000	0.000
02	  G	  0.0	  0.3	0.000	0.000	0.000
03	  C	  0.2	  0.3	0.000	0.000	0.000
04	  L	  0.3	  0.6	0.000	0.000	0.000
05	  P	  0.2	  0.3	0.000	0.000	0.000
06	  H	  0.1	  0.4	0.000	0.000	0.000
07	  N	  0.2	  0.4	0.000	0.000	0.000
08	  R	  0.3	  0.1	0.000	0.000	0.000
09	  F	  2.1	  0.1	0.000	0.000	0.000
10	  C	  3.1	  0.1	0.000	0.000	0.000
11	  N	  3.0	  0.2	0.000	0.000	0.000
12	  A	  1.4	  0.4	0.000	0.000	0.000
13	  L	  0.4	  0.3	0.000	0.000	0.000
14	  S	  0.4	  0.4	0.000	0.000	0.000
15	  G	  0.1	  0.7	0.000	0.000	0.000
16	  P	  0.0	  0.6	0.000	0.000	0.000
17	  R	  0.5	  0.6	0.000	0.000	0.000
18	  C	  9.2	  0.7	0.000	0.000	0.000
19	  C	  9.5	  0.5	0.000	0.000	0.000
20	  S	  9.1	  0.5	0.000	0.000	0.000
21	  G	  0.4	  0.5	0.000	0.000	0.000
22	  L	  2.0	  0.3	0.000	0.000	0.000
23	  K	  2.8	  0.1	0.000	0.000	0.000
24	  C	  3.0	  0.1	0.000	0.000	0.000
25	  K	  1.1	  0.2	0.000	0.000	0.000
26	  E	  0.7	  0.2	0.000	0.000	0.000
27	  L	  2.0	  0.2	0.000	0.000	0.000
28	  S	  2.2	  0.0	0.000	0.000	0.000
29	  I	  2.0	  0.0	0.000	0.000	0.000
30	  W	  0.9	  0.1	0.000	0.000	0.000
31	  D	  0.8	  0.4	0.000	0.000	0.000
32	  S	  1.0	  0.4	0.000	0.000	0.000
33	  R	  1.6	  0.4	0.000	0.000	0.000
34	  C	  1.5	  0.3	0.000	0.000	0.000
35	  L	  1.1	  0.0	0.000	0.000	0.000
