res	aa	Beta	Turn	Helix	Aggregation	Conc-Stab_Aggregation
01	  T	  3.0	  0.0	0.000	0.000	0.000
02	  V	  3.8	  0.0	0.000	0.000	0.000
03	  C	  4.5	  0.1	0.000	0.000	0.000
04	  N	  2.1	  0.1	0.263	0.000	0.000
05	  L	  1.4	  0.1	0.263	0.000	0.000
06	  R	  0.8	  0.1	0.263	0.000	0.000
07	  R	  1.1	  0.1	0.263	0.000	0.000
08	  C	  2.1	  0.1	0.263	0.000	0.000
09	  Q	  2.7	  0.1	0.263	0.000	0.000
10	  L	  7.4	  0.1	0.125	0.000	0.000
11	  S	 13.0	  0.1	0.223	0.000	0.000
12	  C	 13.4	  0.2	0.097	0.000	0.000
13	  R	  8.5	  0.3	0.097	0.000	0.000
14	  S	  1.6	  0.3	0.750	0.000	0.000
15	  L	  0.6	  0.3	0.750	0.000	0.000
16	  G	  0.2	  0.1	0.989	0.000	0.000
17	  L	  0.2	  0.2	0.989	0.000	0.000
18	  L	  0.1	  0.2	0.892	0.000	0.000
19	  G	  0.1	  0.2	0.892	0.000	0.000
20	  K	  1.3	  0.2	0.892	0.000	0.000
21	  C	  1.9	  0.3	0.239	0.000	0.000
22	  I	  2.0	  0.2	0.239	0.000	0.000
23	  G	  0.8	  0.2	0.239	0.000	0.000
24	  V	  5.5	  0.2	0.000	0.000	0.000
25	  K	  9.1	  0.0	0.000	0.000	0.000
26	  C	 11.0	  0.1	0.000	0.000	0.000
27	  E	  6.3	  0.1	0.000	0.000	0.000
28	  C	  5.5	  0.1	0.000	0.000	0.000
29	  V	  6.4	  0.1	0.000	0.000	0.000
30	  K	  6.4	  0.0	0.000	0.000	0.000
31	  H	  3.0	  0.0	0.000	0.000	0.000
