res	aa	Beta	Turn	Helix	Aggregation	Conc-Stab_Aggregation
01	  G	  0.0	  0.0	0.174	0.000	0.000
02	  L	  0.4	  0.1	0.174	0.000	0.000
03	  L	  0.6	  0.2	0.174	0.000	0.000
04	  D	  0.6	  0.3	0.476	0.000	0.000
05	  S	  0.8	  0.4	0.476	0.000	0.000
06	  L	  0.6	  1.2	0.476	0.000	0.000
07	  K	  0.6	  1.2	0.476	0.000	0.000
08	  G	  0.2	  1.0	0.476	0.000	0.000
09	  F	  0.9	  0.9	0.302	0.000	0.000
10	  A	  0.9	  0.0	0.000	0.000	0.000
11	  A	  0.9	  0.0	0.000	0.000	0.000
12	  T	  0.3	  0.7	0.000	0.000	0.000
13	  A	  0.2	  0.9	0.000	0.000	0.000
14	  G	  0.1	  1.4	0.153	0.000	0.000
15	  K	  0.0	  1.4	0.153	0.000	0.000
16	  G	  0.0	  0.7	0.305	0.000	0.000
17	  V	  2.4	  0.5	0.305	0.318	0.318
18	  L	  2.6	  0.1	0.305	0.318	0.318
19	  Q	  2.8	  0.1	0.305	0.318	0.318
20	  S	  0.6	  0.1	0.305	0.318	0.318
21	  L	  0.8	  0.1	0.305	0.449	0.449
22	  L	  0.8	  0.1	0.305	0.449	0.449
23	  S	  0.7	  0.1	0.538	0.130	0.130
24	  T	  3.0	  0.4	0.440	0.130	0.130
25	  A	  3.3	  0.4	0.440	0.130	0.130
26	  S	  4.5	  0.3	0.745	0.000	0.000
27	  C	  2.3	  0.4	0.745	0.000	0.000
28	  K	  2.1	  0.1	0.745	0.000	0.000
29	  L	  0.9	  0.1	0.626	0.000	0.000
30	  A	  0.4	  0.2	0.626	0.000	0.000
31	  K	  0.7	  0.1	0.626	0.000	0.000
32	  T	  0.6	  0.1	0.000	0.000	0.000
33	  C	  0.6	  0.1	0.000	0.000	0.000
