res	aa	Beta	Turn	Helix	Aggregation	Conc-Stab_Aggregation
01	  F	  0.1	  0.0	0.000	0.000	0.000
02	  L	  0.2	  0.0	0.000	0.000	0.000
03	  P	  0.2	  0.0	0.000	0.000	0.000
04	  L	  0.6	  0.0	0.000	6.434	6.434
05	  I	  1.8	  0.0	0.146	7.167	7.167
06	  A	  1.8	  0.0	0.146	7.167	7.167
07	  G	  1.3	  0.0	0.146	7.167	7.167
08	  L	  0.1	  0.2	0.146	7.167	7.167
09	  L	  0.1	  0.3	0.146	5.368	5.368
10	  G	  0.1	  0.3	0.146	0.386	0.386
11	  K	  0.4	  0.3	0.146	0.000	0.000
12	  L	  0.4	  0.2	0.000	0.000	0.000
13	  F	  0.4	  0.1	0.000	0.000	0.000
