res	aa	Beta	Turn	Helix	Aggregation	Conc-Stab_Aggregation
01	  A	  0.2	  0.0	0.000	0.000	0.000
02	  L	  2.4	  0.0	0.000	0.000	0.000
03	  K	  3.1	  0.0	0.000	0.000	0.000
04	  C	  3.0	  0.6	0.000	0.000	0.000
05	  Q	  0.9	  0.6	0.000	0.000	0.000
06	  G	  0.1	  0.6	0.000	0.000	0.000
07	  W	  0.8	  0.6	0.000	0.000	0.000
08	  V	  2.7	  0.1	0.000	0.000	0.000
09	  D	  3.2	  0.1	0.107	0.000	0.000
10	  Y	  4.1	  0.2	0.107	0.000	0.000
11	  C	  2.3	  1.5	0.107	0.000	0.000
12	  N	  1.8	  1.6	0.107	0.000	0.000
13	  G	  0.1	  1.6	0.107	0.000	0.000
14	  N	  3.8	  1.5	0.107	0.000	0.000
15	  V	  7.1	  0.1	0.000	0.000	0.000
16	  E	  8.1	  0.0	0.000	0.000	0.000
17	  C	 11.0	  0.1	0.000	0.000	0.000
18	  C	  7.9	  0.2	0.000	0.000	0.000
19	  N	  6.7	  0.2	0.000	0.000	0.000
20	  E	  0.2	  0.2	0.000	0.000	0.000
21	  C	  1.7	  0.1	0.000	0.000	0.000
22	  V	  4.3	  0.0	0.000	0.000	0.000
23	  M	  4.3	  0.0	0.000	0.000	0.000
24	  Y	  2.7	  0.0	0.000	0.000	0.000
