res	aa	Beta	Turn	Helix	Aggregation	Conc-Stab_Aggregation
01	  K	  0.1	  0.0	0.000	0.000	0.000
02	  K	  0.2	  0.2	0.000	0.000	0.000
03	  W	  0.3	  0.2	0.000	11.418	11.418
04	  G	  0.2	  0.2	0.000	21.545	21.545
05	  W	  0.5	  0.2	0.000	39.991	39.991
06	  L	  0.5	  0.0	0.000	39.991	39.991
07	  A	  0.7	  0.0	0.000	39.991	39.991
08	  W	  1.9	  0.0	0.000	39.991	39.991
09	  V	  1.9	  0.0	0.000	38.354	38.354
10	  D	  1.7	  0.1	1.740	0.000	0.000
11	  P	  0.2	  0.1	1.740	0.000	0.000
12	  A	  0.2	  0.1	1.740	0.140	0.140
13	  Y	  4.2	  0.1	1.740	0.140	0.140
14	  E	  4.2	  0.0	1.740	0.140	0.140
15	  F	  5.2	  0.0	1.740	0.140	0.140
16	  I	  2.2	  0.5	1.279	0.140	0.140
17	  K	  2.1	  0.5	1.279	0.140	0.140
18	  G	  1.0	  0.9	1.068	0.140	0.140
19	  F	  0.1	  1.5	0.587	0.140	0.140
20	  G	  0.1	  1.6	0.188	0.000	0.000
21	  K	  0.1	  1.7	0.000	0.000	0.000
22	  G	  0.0	  1.3	0.117	0.000	0.000
23	  A	  0.5	  0.6	0.117	0.000	0.000
24	  I	  1.2	  0.1	0.117	0.000	0.000
25	  K	  1.2	  0.3	0.117	0.000	0.000
26	  E	  0.7	  1.5	0.117	0.000	0.000
27	  G	  0.0	  1.5	0.117	0.000	0.000
28	  N	  0.0	  4.2	0.000	0.000	0.000
29	  K	  0.1	  4.0	0.000	0.000	0.000
30	  D	  0.1	  2.9	0.000	0.000	0.000
31	  K	  0.8	  2.9	0.000	0.000	0.000
32	  W	  1.1	  0.6	0.000	0.000	0.000
33	  K	  1.2	  0.6	0.000	0.000	0.000
34	  N	  0.5	  0.4	0.000	0.000	0.000
35	  I	  0.2	  0.4	0.000	0.000	0.000
