res	aa	Beta	Turn	Helix	Aggregation	Conc-Stab_Aggregation
01	  T	  1.1	  0.0	0.000	0.000	0.000
02	  R	  1.5	  0.0	0.000	0.000	0.000
03	  C	  1.5	  1.6	0.000	0.000	0.000
04	  K	  0.5	  1.7	0.000	0.000	0.000
05	  G	  0.1	  2.3	0.000	0.000	0.000
06	  K	  0.1	  2.3	0.000	0.000	0.000
07	  G	  0.0	  0.8	0.000	0.000	0.000
08	  A	  0.0	  0.7	0.000	0.000	0.000
09	  P	  0.0	  0.1	0.000	0.000	0.000
10	  C	  1.4	  0.2	0.000	0.000	0.000
11	  R	  1.7	  0.2	0.000	0.000	0.000
12	  K	  1.9	  0.1	0.000	0.000	0.000
13	  T	  1.5	  0.1	0.000	0.000	0.000
14	  M	  1.7	  0.1	0.000	0.000	0.000
15	  Y	  6.3	  0.0	0.000	0.000	0.000
16	  D	  6.3	  0.0	0.000	0.000	0.000
17	  C	 14.1	  0.2	0.000	0.000	0.000
18	  C	  9.8	  0.8	0.000	0.000	0.000
19	  S	  8.7	  1.3	0.000	0.000	0.000
20	  G	  0.6	  1.5	0.000	0.000	0.000
21	  S	  1.3	  1.3	0.120	0.000	0.000
22	  C	  1.3	  0.8	0.120	0.000	0.000
23	  G	  1.2	  0.5	0.120	0.000	0.000
24	  R	  0.3	  0.6	0.120	0.000	0.000
25	  R	  0.2	  0.6	0.120	0.000	0.000
26	  G	  0.2	  0.6	0.120	0.000	0.000
27	  K	  0.4	  0.4	0.120	0.000	0.000
28	  C	  0.3	  0.2	0.000	0.000	0.000
29	  G	  0.3	  0.2	0.000	0.000	0.000
