res	aa	Beta	Turn	Helix	Aggregation	Conc-Stab_Aggregation
01	  V	  0.2	  0.1	0.000	0.000	0.000
02	  D	  0.2	  1.9	0.000	0.000	0.000
03	  K	  0.2	  2.4	0.000	0.000	0.000
04	  G	  0.1	  2.4	0.000	0.000	0.000
05	  S	  1.1	  2.3	0.000	0.000	0.000
06	  Y	  1.3	  0.5	0.000	0.000	0.000
07	  L	  1.2	  0.0	0.000	0.000	0.000
08	  P	  0.1	  0.0	0.000	0.000	0.000
09	  R	  0.0	  0.0	0.000	0.000	0.000
10	  P	  0.0	  0.0	0.000	0.000	0.000
11	  T	  0.0	  0.0	0.000	0.000	0.000
12	  P	  0.0	  0.0	0.000	0.000	0.000
13	  P	  0.0	  0.0	0.000	0.000	0.000
14	  R	  0.0	  0.0	0.000	0.000	0.000
15	  P	  0.0	  0.0	0.000	0.000	0.000
16	  I	  0.3	  0.0	0.000	0.000	0.000
17	  Y	  0.8	  0.0	0.000	0.000	0.000
18	  N	  0.8	  0.0	0.000	0.000	0.000
19	  R	  0.5	  0.0	0.000	0.000	0.000
20	  N	  0.0	  0.0	0.000	0.000	0.000
