res	aa	Beta	Turn	Helix	Aggregation	Conc-Stab_Aggregation
01	  C	  2.1	  0.0	0.000	0.000	0.000
02	  V	  3.0	  0.1	0.000	0.000	0.000
03	  Q	  3.5	  0.1	0.000	0.000	0.000
04	  S	 21.3	  0.3	0.000	0.000	0.000
05	  C	 21.5	  0.4	0.000	0.000	0.000
06	  S	 21.6	  0.4	0.000	0.000	0.000
07	  F	  2.2	  0.6	0.000	0.000	0.000
08	  G	  0.6	  0.5	0.128	0.000	0.000
09	  P	  0.0	  0.3	0.128	0.000	0.000
10	  L	  2.3	  0.3	0.128	0.000	0.000
11	  T	 25.4	  0.1	0.128	0.000	0.000
12	  W	 34.0	  0.0	0.128	0.000	0.000
13	  S	 36.3	  1.1	0.128	0.000	0.000
14	  C	 18.0	  1.3	0.000	0.000	0.000
15	  D	  5.1	  2.7	0.000	0.000	0.000
16	  G	  0.1	  2.7	0.000	0.000	0.000
17	  N	  0.4	  1.6	0.000	0.000	0.000
18	  T	  0.4	  1.5	0.000	0.000	0.000
19	  K	  0.4	  0.0	0.000	0.000	0.000
