res	aa	Beta	Turn	Helix	Aggregation	Conc-Stab_Aggregation
01	  G	  0.0	  0.0	0.000	0.000	0.000
02	  V	  2.8	  0.0	0.000	5.739	5.739
03	  L	  2.9	  0.2	0.000	5.853	5.853
04	  S	  2.9	  0.2	0.000	5.853	5.853
05	  N	  3.3	  0.2	0.162	5.966	5.966
06	  V	  4.2	  0.3	0.162	8.762	8.762
07	  I	  4.3	  0.1	0.162	8.466	8.466
08	  G	  1.1	  0.1	0.915	4.921	4.921
09	  Y	  0.9	  0.1	0.915	4.611	4.611
10	  L	  0.9	  0.0	0.915	4.116	4.116
11	  K	  0.9	  0.1	0.915	0.000	0.000
12	  K	  0.3	  0.1	0.915	0.000	0.000
13	  L	  0.2	  0.4	0.753	0.000	0.000
14	  G	  0.1	  0.6	0.551	0.000	0.000
15	  T	  0.0	  0.6	0.117	0.000	0.000
16	  G	  0.0	  0.6	0.117	0.143	0.143
17	  A	  0.2	  0.4	0.117	1.743	1.743
18	  L	  0.4	  0.2	0.117	3.631	3.631
19	  N	  0.5	  0.0	0.447	3.631	3.631
20	  A	  1.2	  0.0	0.447	3.631	3.631
21	  V	  2.0	  0.0	0.330	3.631	3.631
22	  L	  2.1	  0.0	0.330	3.631	3.631
23	  K	  1.3	  0.0	0.330	0.000	0.000
24	  Q	  0.1	  0.0	0.330	0.000	0.000
