res	aa	Beta	Turn	Helix	Aggregation	Conc-Stab_Aggregation
01	  I	  3.9	  0.0	0.000	0.000	0.000
02	  N	  4.4	  0.0	0.000	0.000	0.000
03	  W	  4.6	  0.1	0.000	0.000	0.000
04	  K	  0.9	  0.1	0.000	0.000	0.000
05	  K	  0.6	  0.1	0.000	0.000	0.000
06	  M	  0.5	  0.1	0.000	0.000	0.000
07	  A	  0.5	  0.0	0.000	0.000	0.000
08	  A	  0.3	  0.0	0.000	0.000	0.000
09	  T	  0.6	  0.0	0.000	0.000	0.000
10	  A	  0.8	  0.0	0.000	0.000	0.000
11	  L	  2.1	  0.0	0.000	0.000	0.000
12	  K	  2.5	  0.0	0.000	0.000	0.000
13	  M	  2.3	  0.0	0.000	0.000	0.000
14	  I	  0.9	  0.0	0.000	0.000	0.000
