res	aa	Beta	Turn	Helix	Aggregation	Conc-Stab_Aggregation
01	  Q	  0.1	  0.0	0.000	0.000	0.000
02	  E	  0.4	  0.0	0.000	0.000	0.000
03	  K	  0.4	  0.0	0.000	0.000	0.000
04	  R	  0.3	  0.0	0.000	0.000	0.000
05	  P	  0.0	  2.1	0.000	0.000	0.000
06	  P	  0.0	  2.1	0.000	0.000	0.000
07	  G	  0.1	  2.1	0.000	0.000	0.000
08	  F	  0.5	  2.1	0.000	0.000	0.000
09	  S	  0.5	  0.2	0.000	0.000	0.000
10	  P	  0.4	  0.2	0.000	0.000	0.000
11	  F	  1.7	  0.2	0.000	0.000	0.000
12	  R	  1.7	  0.2	0.000	0.000	0.000
13	  K	  1.7	  0.0	0.000	0.000	0.000
