res	aa	Beta	Turn	Helix	Aggregation	Conc-Stab_Aggregation
01	  G	  0.0	  0.0	0.000	0.000	0.000
02	  L	  0.4	  0.0	0.000	0.000	0.000
03	  I	  6.9	  0.0	0.000	0.000	0.000
04	  D	  8.4	  0.0	0.000	0.000	0.000
05	  V	 11.4	  0.0	0.000	0.000	0.000
06	  R	  7.4	  0.0	0.000	0.000	0.000
07	  C	  7.8	  0.1	0.000	0.000	0.000
08	  Y	  5.3	  0.2	0.000	0.000	0.000
09	  D	  3.1	  1.5	0.000	0.000	0.000
10	  S	  1.0	  1.7	0.000	0.000	0.000
11	  S	  0.6	  1.6	0.000	0.000	0.000
12	  Q	  1.6	  1.5	0.000	0.000	0.000
13	  C	  1.5	  0.2	0.000	0.000	0.000
14	  E	  1.1	  0.0	0.000	0.000	0.000
