res	aa	Beta	Turn	Helix	Aggregation	Conc-Stab_Aggregation
01	  S	  1.4	  0.0	0.000	0.000	0.000
02	  C	  2.7	  0.1	0.000	0.000	0.000
03	  V	  4.5	  0.1	0.000	0.000	0.000
04	  D	  3.6	  0.1	5.201	0.000	0.000
05	  F	  2.7	  0.2	5.201	0.000	0.000
06	  Q	  1.1	  0.1	5.201	0.000	0.000
07	  T	  2.1	  0.1	5.201	0.000	0.000
08	  K	  2.4	  0.1	5.201	0.000	0.000
09	  C	  2.5	  0.2	5.201	0.000	0.000
10	  K	  1.0	  0.5	4.004	0.000	0.000
11	  K	  0.3	  0.6	1.814	0.000	0.000
12	  D	  0.1	  6.1	0.509	0.000	0.000
13	  S	  0.1	  6.0	0.213	0.000	0.000
14	  D	  1.1	  5.6	0.122	0.000	0.000
15	  C	  4.2	  5.9	0.122	0.000	0.000
16	  C	  4.4	  0.5	0.122	0.000	0.000
17	  G	  3.3	  0.5	0.122	0.000	0.000
18	  K	  1.7	  0.5	0.122	0.000	0.000
19	  L	  2.5	  0.2	0.000	0.000	0.000
20	  E	  3.1	  0.1	0.000	0.000	0.000
21	  C	  2.3	  0.3	0.000	0.000	0.000
22	  S	  1.5	  0.3	0.133	0.000	0.000
23	  S	  1.1	  0.3	0.133	0.000	0.000
24	  R	  0.8	  0.3	0.133	0.000	0.000
25	  W	  1.1	  0.0	0.133	0.000	0.000
26	  K	  1.5	  0.0	0.133	0.000	0.000
27	  W	  2.6	  0.0	0.133	0.000	0.000
28	  C	  3.2	  0.0	0.000	0.000	0.000
29	  V	  3.0	  0.0	0.000	0.000	0.000
30	  Y	  1.6	  0.0	0.000	0.000	0.000
31	  P	  0.4	  0.0	0.000	0.000	0.000
32	  S	  0.0	  0.0	0.000	0.000	0.000
33	  P	  0.0	  0.0	0.000	0.000	0.000
34	  F	  0.0	  0.0	0.000	0.000	0.000
