res	aa	Beta	Turn	Helix	Aggregation	Conc-Stab_Aggregation
01	  W	  0.4	  0.1	0.000	0.000	0.000
02	  S	  0.8	  0.1	0.103	0.000	0.000
03	  T	  5.3	  0.1	0.193	0.000	0.000
04	  I	  7.2	  0.1	0.193	0.000	0.000
05	  V	 13.3	  0.0	0.193	0.000	0.000
06	  K	 10.5	  0.0	0.193	0.000	0.000
07	  L	 11.3	  0.0	0.193	0.000	0.000
08	  T	  8.3	  0.0	0.193	0.000	0.000
09	  I	  6.5	  0.0	0.193	0.000	0.000
10	  C	  3.3	  0.5	0.860	0.000	0.000
11	  P	  0.1	  0.5	0.668	0.000	0.000
12	  T	  2.9	  0.5	1.024	0.000	0.000
13	  L	  3.3	  0.6	1.024	0.000	0.000
14	  K	  3.5	  0.1	1.147	0.000	0.000
15	  S	  0.7	  0.1	1.147	0.000	0.000
16	  M	  0.4	  0.1	1.005	0.000	0.000
17	  A	  0.2	  0.1	0.813	0.000	0.000
18	  K	  0.2	  0.1	0.813	0.000	0.000
19	  K	  4.2	  0.1	0.417	0.000	0.000
20	  C	  4.3	  1.3	0.000	0.000	0.000
21	  E	  4.1	  1.4	0.000	0.000	0.000
22	  G	  0.1	  1.4	0.264	0.000	0.000
23	  S	  0.3	  1.4	4.165	0.740	0.740
24	  I	  1.4	  0.3	4.165	1.639	1.639
25	  A	  1.8	  0.0	4.165	1.639	1.639
26	  T	  2.1	  0.0	4.691	1.639	1.639
27	  M	  1.4	  0.0	4.691	1.639	1.639
28	  I	  1.4	  0.0	4.691	1.513	1.513
29	  K	  0.9	  0.1	4.691	0.000	0.000
30	  K	  0.6	  0.1	3.762	0.000	0.000
31	  K	  0.7	  0.3	1.965	0.000	0.000
32	  C	  1.4	  0.2	0.492	0.000	0.000
33	  D	  1.3	  0.2	0.349	0.000	0.000
34	  K	  0.7	  0.1	0.000	0.000	0.000
