res	aa	Beta	Turn	Helix	Aggregation	Conc-Stab_Aggregation
01	  G	  0.1	  0.0	0.000	0.000	0.000
02	  C	  9.3	  0.0	0.000	0.000	0.000
03	  C	 12.0	  0.0	0.000	0.000	0.000
04	  S	 11.9	  0.0	0.000	0.000	0.000
05	  L	  3.1	  0.0	0.000	0.000	0.000
06	  P	  0.0	  0.1	0.360	0.000	0.000
07	  P	  0.0	  0.1	0.360	0.000	0.000
08	  C	  1.5	  0.1	0.360	0.000	0.000
09	  A	  1.5	  0.5	0.360	0.000	0.000
10	  A	  1.5	  0.4	0.360	0.000	0.000
11	  N	  0.0	  0.4	0.360	0.000	0.000
12	  N	  0.0	  5.3	0.153	0.000	0.000
13	  P	  0.0	  4.9	0.000	0.000	0.000
14	  D	  0.5	  4.9	0.000	0.000	0.000
15	  Y	  0.5	  4.9	0.000	0.000	0.000
16	  C	  0.5	  0.0	0.000	0.000	0.000
