res	aa	Beta	Turn	Helix	Aggregation	Conc-Stab_Aggregation
01	  T	 12.7	  0.0	0.000	0.000	0.000
02	  I	 17.5	  0.0	0.000	0.000	0.000
03	  S	 24.0	  0.0	0.000	0.000	0.000
04	  C	 13.1	  0.1	0.000	0.000	0.000
05	  T	  7.5	  0.1	0.000	0.000	0.000
06	  N	  0.9	  0.2	0.000	0.000	0.000
07	  E	  0.2	  0.3	0.000	0.000	0.000
08	  K	  0.4	  0.2	0.000	0.000	0.000
09	  Q	  2.9	  0.2	0.000	0.000	0.000
10	  C	  3.0	  0.1	0.000	0.000	0.000
11	  Y	  2.8	  0.4	0.000	0.000	0.000
12	  P	  0.3	  0.4	0.000	0.000	0.000
13	  H	  0.5	  0.4	0.000	0.000	0.000
14	  C	  0.8	  0.5	0.133	0.000	0.000
15	  K	  1.0	  0.1	0.133	0.000	0.000
16	  K	  0.7	  0.4	0.133	0.000	0.000
17	  E	  0.4	  0.4	0.133	0.000	0.000
18	  T	  0.3	  0.3	0.133	0.000	0.000
19	  G	  0.1	  0.3	0.133	0.000	0.000
20	  Y	  0.1	  0.9	0.133	0.000	0.000
21	  P	  0.0	  0.9	0.000	0.000	0.000
22	  N	  0.1	  1.1	0.493	0.000	0.000
23	  A	  0.2	  1.2	0.493	0.000	0.000
24	  K	  0.6	  0.3	0.493	0.000	0.000
25	  C	  2.6	  0.5	0.493	0.000	0.000
26	  M	  2.5	  0.3	0.493	0.000	0.000
27	  N	  2.0	  0.4	0.738	0.000	0.000
28	  R	  0.1	  0.4	0.540	0.000	0.000
29	  K	  0.9	  0.2	0.402	0.000	0.000
30	  C	  1.5	  0.3	0.245	0.000	0.000
31	  K	  2.1	  0.1	0.245	0.000	0.000
32	  C	  2.1	  0.5	0.245	0.000	0.000
33	  F	  1.6	  0.5	0.124	0.000	0.000
34	  G	  0.9	  0.5	0.000	0.000	0.000
35	  R	  0.1	  0.5	0.000	0.000	0.000
