res	aa	Beta	Turn	Helix	Aggregation	Conc-Stab_Aggregation
01	  G	  0.0	  0.0	0.000	0.000	0.000
02	  L	  0.3	  0.0	0.000	0.000	0.000
03	  L	  2.4	  0.0	0.000	0.000	0.000
04	  D	  3.5	  0.0	0.000	0.000	0.000
05	  V	  4.2	  0.0	0.000	0.475	0.475
06	  V	  2.2	  1.4	0.000	0.475	0.475
07	  G	  1.1	  1.4	0.000	0.475	0.475
08	  N	  0.1	  1.5	0.000	0.475	0.475
09	  L	  0.1	  1.5	0.000	0.475	0.475
10	  L	  0.1	  0.7	0.000	0.475	0.475
11	  G	  0.1	  0.7	0.000	0.000	0.000
12	  G	  0.0	  0.6	0.000	0.000	0.000
13	  L	  0.1	  0.6	0.000	0.000	0.000
14	  G	  0.1	  0.1	0.000	0.000	0.000
15	  L	  0.1	  0.0	0.000	0.000	0.000
