res	aa	Beta	Turn	Helix	Aggregation	Conc-Stab_Aggregation
01	  G	  0.0	  0.0	0.000	0.000	0.000
02	  L	  0.7	  0.0	0.000	0.417	0.417
03	  V	  2.1	  0.0	0.000	0.417	0.417
04	  S	  2.2	  0.1	0.000	0.417	0.417
05	  S	  1.6	  0.4	0.367	0.417	0.417
06	  I	  0.4	  0.5	0.367	0.417	0.417
07	  G	  0.3	  0.5	0.498	0.000	0.000
08	  K	  0.2	  0.7	0.498	0.000	0.000
09	  A	  0.2	  0.3	0.498	0.368	0.368
10	  L	  0.1	  0.7	0.498	0.800	0.800
11	  G	  0.1	  0.7	0.616	0.800	0.800
12	  G	  0.0	  0.6	0.628	0.800	0.800
13	  L	  0.2	  0.6	0.315	1.290	1.290
14	  L	  0.2	  0.3	0.315	1.290	1.290
15	  A	  0.3	  0.3	0.315	0.858	0.858
16	  D	  1.2	  0.3	0.315	0.490	0.490
17	  V	  3.9	  0.3	0.197	0.490	0.490
18	  V	  5.3	  0.0	0.197	0.490	0.490
19	  K	  4.9	  0.0	0.197	0.490	0.490
20	  T	  2.8	  0.1	0.000	0.375	0.375
21	  K	  1.5	  0.1	0.000	0.000	0.000
22	  E	  0.8	  0.1	0.000	0.000	0.000
23	  Q	  0.2	  0.1	0.000	0.000	0.000
24	  P	  0.0	  0.0	0.000	0.000	0.000
25	  A	  0.0	  0.0	0.000	0.000	0.000
