res	aa	Beta	Turn	Helix	Aggregation	Conc-Stab_Aggregation
01	  G	  0.0	  0.0	0.000	0.000	0.000
02	  L	  0.1	  0.0	0.000	16.419	16.419
03	  L	  0.2	  0.0	0.000	16.419	16.419
04	  G	  0.2	  0.0	0.000	16.419	16.419
05	  V	  0.6	  0.0	0.000	16.818	16.818
06	  L	  0.6	  0.1	0.000	16.818	16.818
07	  G	  0.6	  0.1	0.221	3.187	3.187
08	  S	  0.6	  0.1	0.221	1.955	1.955
09	  V	  1.3	  0.1	0.221	1.800	1.800
10	  A	  1.4	  0.1	0.221	0.827	0.827
11	  K	  1.0	  0.1	0.221	0.000	0.000
12	  H	  3.6	  0.1	0.221	0.000	0.000
13	  V	  3.9	  0.1	0.000	0.000	0.000
14	  L	  3.7	  0.2	0.000	0.000	0.000
15	  P	  0.4	  0.2	0.000	0.000	0.000
16	  H	  3.3	  0.2	0.000	0.000	0.000
17	  V	  3.8	  0.2	0.000	0.000	0.000
18	  V	  3.9	  0.0	0.000	0.000	0.000
19	  P	  0.6	  0.0	0.000	0.000	0.000
20	  V	  4.1	  0.0	0.000	0.000	0.000
21	  I	  4.4	  0.0	0.000	0.000	0.000
22	  A	  4.5	  0.1	0.000	0.000	0.000
23	  E	  0.5	  0.1	0.000	0.000	0.000
24	  H	  0.1	  0.1	0.000	0.000	0.000
25	  L	  0.0	  0.1	0.000	0.000	0.000
