res	aa	Beta	Turn	Helix	Aggregation	Conc-Stab_Aggregation
01	  G	  0.0	  0.0	0.000	0.000	0.000
02	  L	  0.7	  0.0	0.000	0.416	0.416
03	  V	  2.1	  0.0	0.000	0.416	0.416
04	  S	  2.2	  0.1	0.000	0.416	0.416
05	  S	  1.6	  0.3	0.423	0.416	0.416
06	  I	  0.4	  0.6	0.423	0.416	0.416
07	  G	  0.3	  0.6	0.575	0.000	0.000
08	  R	  0.3	  0.7	0.575	0.000	0.000
09	  A	  0.3	  0.4	0.575	0.352	0.352
10	  L	  0.2	  0.7	0.575	0.766	0.766
11	  G	  0.1	  0.7	0.691	0.766	0.766
12	  G	  0.0	  0.6	0.818	0.766	0.766
13	  L	  0.2	  0.6	0.460	0.766	0.766
14	  L	  0.2	  0.3	0.460	0.766	0.766
15	  A	  0.3	  0.2	0.460	0.352	0.352
16	  D	  1.2	  0.2	0.662	0.000	0.000
17	  V	  3.8	  0.2	0.547	0.000	0.000
18	  V	  6.6	  0.1	0.547	0.000	0.000
19	  K	  6.1	  0.2	0.547	0.000	0.000
20	  S	  3.4	  1.2	0.354	0.000	0.000
21	  K	  0.6	  1.2	0.202	0.000	0.000
22	  G	  0.1	  1.2	0.000	0.000	0.000
23	  Q	  0.0	  1.0	0.000	0.000	0.000
24	  P	  0.0	  0.0	0.000	0.000	0.000
25	  A	  0.0	  0.0	0.000	0.000	0.000
