res	aa	Beta	Turn	Helix	Aggregation	Conc-Stab_Aggregation
01	  G	  0.0	  0.0	0.000	0.000	0.000
02	  L	  0.4	  0.0	0.000	28.439	28.439
03	  L	  2.3	  0.0	0.000	29.265	29.265
04	  S	  2.9	  0.0	0.000	29.535	29.535
05	  V	  3.0	  0.0	0.000	31.859	31.859
06	  L	  1.1	  0.1	0.000	32.036	32.036
07	  G	  0.6	  0.1	0.000	16.509	16.509
08	  S	  0.9	  0.1	0.000	15.008	15.008
09	  V	  3.5	  0.1	0.000	14.832	14.832
10	  V	  5.2	  0.0	0.000	13.792	13.792
11	  K	  4.6	  0.0	0.000	0.000	0.000
12	  H	  7.5	  0.0	0.000	0.000	0.000
13	  V	  6.3	  0.0	0.000	0.000	0.000
14	  I	  6.1	  0.0	0.000	0.000	0.000
15	  P	  0.6	  0.0	0.000	0.000	0.000
16	  H	  3.2	  0.0	0.000	0.000	0.000
17	  V	  3.8	  0.0	0.000	0.000	0.000
18	  V	  3.8	  0.0	0.000	0.000	0.000
19	  P	  0.6	  0.0	0.000	0.000	0.000
20	  V	  4.1	  0.0	0.000	0.000	0.000
21	  I	  4.4	  0.0	0.000	0.000	0.000
22	  A	  4.5	  0.1	0.000	0.000	0.000
23	  E	  0.5	  0.1	0.000	0.000	0.000
24	  H	  0.1	  0.1	0.000	0.000	0.000
25	  L	  0.0	  0.1	0.000	0.000	0.000
