res	aa	Beta	Turn	Helix	Aggregation	Conc-Stab_Aggregation
01	  G	  0.0	  0.0	0.000	0.000	0.000
02	  L	  0.4	  0.0	0.000	0.000	0.000
03	  F	  1.2	  0.0	0.000	0.000	0.000
04	  D	  1.2	  0.0	0.000	0.000	0.000
05	  A	  1.0	  0.0	0.000	0.000	0.000
06	  I	  0.2	  1.9	0.000	0.000	0.000
07	  G	  0.1	  1.9	0.000	0.000	0.000
08	  N	  0.0	  2.0	0.000	0.000	0.000
09	  L	  0.1	  2.0	0.000	0.000	0.000
10	  L	  0.1	  0.7	0.000	0.000	0.000
11	  G	  0.1	  0.7	0.000	0.000	0.000
12	  G	  0.0	  0.6	0.000	0.000	0.000
13	  L	  0.1	  0.6	0.000	0.000	0.000
14	  G	  0.1	  0.1	0.000	0.000	0.000
15	  L	  0.1	  0.0	0.000	0.000	0.000
