res	aa	Beta	Turn	Helix	Aggregation	Conc-Stab_Aggregation
01	  G	  0.0	  0.0	0.579	0.000	0.000
02	  L	  0.2	  0.0	0.579	0.000	0.000
03	  W	  1.2	  0.1	1.277	0.000	0.000
04	  Q	  1.4	  0.1	1.277	0.000	0.000
05	  K	  3.8	  0.1	1.277	0.000	0.000
06	  I	  3.0	  0.2	1.277	0.000	0.000
07	  K	  2.9	  0.1	1.277	0.000	0.000
08	  N	  0.3	  0.4	1.398	0.000	0.000
09	  A	  0.1	  0.7	0.849	0.000	0.000
10	  A	  0.0	  1.7	0.470	0.000	0.000
11	  G	  0.0	  1.7	0.470	0.000	0.000
12	  D	  0.0	  1.5	0.121	0.000	0.000
13	  L	  0.1	  1.5	0.121	0.000	0.000
14	  A	  0.2	  0.6	0.121	0.000	0.000
15	  S	  0.2	  0.6	0.121	0.000	0.000
16	  G	  0.2	  0.6	0.000	0.000	0.000
17	  I	  2.9	  0.2	0.000	0.000	0.000
18	  V	  3.1	  0.2	0.000	0.000	0.000
19	  E	  3.0	  0.2	0.000	0.000	0.000
20	  G	  0.3	  0.2	0.000	0.000	0.000
21	  I	  1.4	  0.2	0.000	0.000	0.000
22	  K	  1.4	  0.1	0.000	0.000	0.000
23	  S	  1.3	  0.0	0.000	0.000	0.000
