res	aa	Beta	Turn	Helix	Aggregation	Conc-Stab_Aggregation
01	  G	  0.0	  0.0	0.000	0.000	0.000
02	  L	  0.4	  0.0	0.000	22.618	22.618
03	  L	  2.3	  0.0	0.000	23.018	23.018
04	  S	  2.9	  0.0	0.000	23.018	23.018
05	  V	  3.0	  0.0	0.000	23.886	23.886
06	  L	  1.1	  0.1	0.000	23.886	23.886
07	  G	  0.6	  0.1	0.000	7.197	7.197
08	  S	  0.6	  0.1	0.000	5.587	5.587
09	  V	  2.0	  0.1	0.000	5.398	5.398
10	  A	  2.2	  0.0	0.000	2.479	2.479
11	  Q	  2.2	  0.0	0.000	0.000	0.000
12	  H	  3.9	  0.0	0.000	0.000	0.000
13	  V	  4.2	  0.0	0.000	0.000	0.000
14	  L	  3.6	  0.2	0.000	0.000	0.000
15	  P	  0.4	  0.2	0.000	0.000	0.000
16	  H	  3.3	  0.2	0.000	0.000	0.000
17	  V	  3.8	  0.2	0.000	0.000	0.000
18	  V	  3.9	  0.0	0.000	0.000	0.000
19	  P	  0.6	  0.0	0.000	0.000	0.000
20	  V	  4.1	  0.0	0.000	0.000	0.000
21	  I	  4.4	  0.0	0.000	0.000	0.000
22	  A	  4.5	  0.1	0.000	0.000	0.000
23	  E	  0.5	  0.1	0.000	0.000	0.000
24	  H	  0.1	  0.1	0.000	0.000	0.000
25	  L	  0.0	  0.1	0.000	0.000	0.000
