res	aa	Beta	Turn	Helix	Aggregation	Conc-Stab_Aggregation
01	  A	  0.1	  0.0	0.000	0.000	0.000
02	  L	  0.4	  0.0	0.000	0.000	0.000
03	  C	  1.6	  0.0	0.000	0.000	0.000
04	  N	  1.9	  0.6	0.000	0.000	0.000
05	  C	  1.8	  0.6	0.000	0.000	0.000
06	  N	  0.7	  0.6	0.000	0.000	0.000
07	  R	  5.5	  0.6	0.000	0.000	0.000
08	  I	 13.9	  0.0	0.000	0.000	0.000
09	  I	 14.1	  0.0	0.000	0.000	0.000
10	  I	  9.3	  0.0	0.000	0.000	0.000
11	  P	  0.4	  0.0	0.000	0.000	0.000
12	  H	  0.6	  0.0	0.000	0.000	0.000
13	  M	  1.6	  0.0	0.000	0.000	0.000
14	  C	  4.2	  0.0	0.000	0.000	0.000
15	  W	  3.8	  0.1	0.000	0.000	0.000
16	  K	  3.0	  0.2	0.000	0.000	0.000
17	  K	  0.7	  0.6	0.000	0.000	0.000
18	  C	  0.7	  0.6	0.000	0.000	0.000
19	  G	  0.5	  0.6	0.000	0.000	0.000
20	  K	  0.2	  0.5	0.000	0.000	0.000
21	  K	  0.0	  0.1	0.000	0.000	0.000
