res	aa	Beta	Turn	Helix	Aggregation	Conc-Stab_Aggregation
01	  S	  0.9	  0.0	0.000	0.000	0.000
02	  I	  1.5	  0.0	0.000	0.000	0.000
03	  V	  1.5	  0.0	0.000	0.000	0.000
04	  P	  0.6	  0.0	0.000	0.000	0.000
05	  I	  4.1	  0.0	0.000	0.000	0.000
06	  R	  5.1	  0.0	0.000	0.000	0.000
07	  C	  6.1	  0.2	0.000	0.000	0.000
08	  R	  2.3	  0.4	0.000	0.000	0.000
09	  S	  1.2	  0.5	0.000	0.000	0.000
10	  N	  0.2	  3.6	0.186	0.000	0.000
11	  R	  0.0	  3.4	0.186	0.000	0.000
12	  D	  0.7	  3.2	0.186	0.000	0.000
13	  C	  1.8	  3.3	0.186	0.000	0.000
14	  R	  2.6	  0.1	0.186	0.000	0.000
15	  R	  2.0	  0.1	0.186	0.000	0.000
16	  F	  2.5	  0.1	0.186	0.000	0.000
17	  C	  1.7	  0.0	0.000	0.000	0.000
18	  G	  1.7	  0.0	0.000	0.000	0.000
19	  F	  1.4	  0.1	0.000	0.000	0.000
20	  R	  1.3	  1.5	0.000	0.000	0.000
21	  G	  1.3	  1.6	0.000	0.000	0.000
22	  G	  0.0	  1.6	0.108	0.000	0.000
23	  R	  1.5	  1.5	0.108	0.000	0.000
24	  C	  4.3	  0.1	0.108	0.000	0.000
25	  T	  7.7	  0.0	0.250	0.000	0.000
26	  Y	  6.8	  0.0	0.250	0.000	0.000
27	  A	  4.2	  0.1	0.250	0.000	0.000
28	  R	  0.8	  0.1	0.250	0.000	0.000
29	  Q	  0.7	  0.1	0.250	0.000	0.000
30	  C	  1.8	  0.1	0.142	0.000	0.000
31	  L	  1.9	  0.4	0.142	0.000	0.000
32	  C	  1.5	  0.4	0.142	0.000	0.000
33	  G	  0.2	  0.4	0.142	0.000	0.000
34	  Y	  0.1	  0.4	0.000	0.000	0.000
