res	aa	Beta	Turn	Helix	Aggregation	Conc-Stab_Aggregation
01	  G	  0.1	  0.0	0.000	0.000	0.000
02	  C	  9.3	  0.0	0.000	0.000	0.000
03	  C	 11.3	  0.0	0.000	0.000	0.000
04	  S	 11.2	  0.0	0.000	0.000	0.000
05	  Y	  2.3	  0.0	0.000	0.000	0.000
06	  P	  0.0	  0.1	0.000	0.000	0.000
07	  P	  0.0	  0.1	0.000	0.000	0.000
08	  C	  6.2	  0.1	0.000	0.000	0.000
09	  F	  6.5	  0.3	0.000	0.000	0.000
10	  A	  6.5	  0.2	0.000	0.000	0.000
11	  T	  1.2	  0.3	0.000	0.000	0.000
12	  N	  0.8	  0.5	0.000	0.000	0.000
13	  S	  0.8	  0.4	0.000	0.000	0.000
14	  G	  0.1	  0.3	0.000	0.000	0.000
15	  Y	  0.1	  0.2	0.000	0.000	0.000
16	  C	  0.0	  0.0	0.000	0.000	0.000
