res	aa	Beta	Turn	Helix	Aggregation	Conc-Stab_Aggregation
01	  S	  0.5	  0.1	0.000	0.000	0.000
02	  K	  1.2	  0.1	0.000	0.000	0.000
03	  C	  7.7	  0.1	0.000	0.000	0.000
04	  F	  7.5	  0.1	0.000	0.000	0.000
05	  S	  6.9	  1.4	0.123	0.000	0.000
06	  P	  0.3	  1.5	0.123	0.000	0.000
07	  G	  0.1	  1.5	0.123	0.000	0.000
08	  T	  9.1	  1.5	0.123	0.000	0.000
09	  F	 10.5	  0.5	0.123	0.000	0.000
10	  C	 10.7	  0.4	0.123	0.000	0.000
11	  G	  2.0	  0.4	0.123	0.000	0.000
12	  I	  0.8	  0.4	0.000	0.000	0.000
13	  K	  0.5	  0.6	0.000	0.000	0.000
14	  P	  0.4	  0.5	0.000	0.000	0.000
15	  G	  0.0	  0.5	0.000	0.000	0.000
16	  L	  4.5	  0.5	0.000	0.000	0.000
17	  C	 12.4	  0.0	0.000	0.000	0.000
18	  C	 14.3	  0.0	0.000	0.000	0.000
19	  S	 12.8	  0.0	0.000	0.000	0.000
20	  V	  8.0	  0.0	0.000	0.000	0.000
21	  R	  7.9	  0.0	0.000	0.000	0.000
22	  C	  8.2	  0.0	0.000	15.204	15.204
23	  F	  7.9	  0.1	0.000	59.238	59.238
24	  S	  6.1	  0.0	0.000	60.530	60.530
25	  L	  4.3	  0.0	0.000	64.935	64.935
26	  F	  4.9	  0.0	0.000	65.678	65.678
27	  C	  7.1	  0.0	0.000	65.282	65.282
28	  I	  9.6	  0.0	0.000	64.761	64.761
29	  S	  9.2	  0.0	0.000	57.993	57.993
30	  F	  6.8	  0.0	0.000	56.288	56.288
31	  E	  2.9	  0.0	0.000	0.000	0.000
