res	aa	Beta	Turn	Helix	Aggregation	Conc-Stab_Aggregation
01	  G	  0.0	  0.0	0.000	0.000	0.000
02	  I	  0.0	  0.2	0.000	0.000	0.000
03	  P	  0.0	  0.2	0.000	0.000	0.000
04	  C	  0.1	  0.3	0.000	0.000	0.000
05	  G	  0.1	  0.6	0.000	0.000	0.000
06	  E	  0.3	  0.5	0.000	0.000	0.000
07	  S	  1.7	  0.5	0.000	0.000	0.000
08	  C	  2.3	  0.3	0.000	0.131	0.131
09	  V	  5.1	  0.0	0.000	0.131	0.131
10	  W	  3.7	  0.0	0.000	0.131	0.131
11	  I	  3.1	  0.0	0.000	0.131	0.131
12	  P	  0.1	  0.0	0.151	0.131	0.131
13	  C	  2.7	  0.0	0.507	0.122	0.122
14	  I	  4.2	  0.0	0.507	0.483	0.483
15	  S	  4.2	  0.0	0.776	0.483	0.483
16	  A	  1.7	  0.2	0.776	0.483	0.483
17	  A	  0.2	  0.3	0.776	0.483	0.483
18	  L	  0.3	  0.7	0.776	0.483	0.483
19	  G	  0.2	  0.7	0.776	0.000	0.000
20	  C	  4.1	  0.6	0.269	0.000	0.000
21	  S	  5.3	  0.5	0.000	0.000	0.000
22	  C	  5.4	  0.6	0.000	0.000	0.000
23	  K	  1.6	  0.6	0.000	0.000	0.000
24	  N	  0.4	  0.5	0.000	0.000	0.000
25	  K	  1.0	  0.5	0.000	0.000	0.000
26	  V	  2.0	  0.0	0.000	0.000	0.000
27	  C	  5.0	  0.0	0.000	0.000	0.000
28	  Y	  5.6	  0.0	0.000	0.000	0.000
29	  R	  4.6	  0.0	0.000	0.000	0.000
30	  N	  1.5	  0.0	0.000	0.000	0.000
