res	aa	Beta	Turn	Helix	Aggregation	Conc-Stab_Aggregation
01	  S	  0.1	  0.0	0.000	0.000	0.000
02	  I	  0.1	  0.2	0.000	0.000	0.000
03	  P	  0.1	  0.2	0.000	0.000	0.000
04	  C	  0.1	  0.3	0.000	0.000	0.000
05	  G	  0.1	  0.6	0.000	0.000	0.000
06	  E	  0.3	  0.5	0.000	0.000	0.000
07	  S	  1.7	  0.5	0.000	0.000	0.000
08	  C	  2.4	  0.3	0.000	0.000	0.000
09	  V	  6.3	  0.0	0.000	0.000	0.000
10	  F	  5.0	  0.0	0.000	0.000	0.000
11	  I	  4.3	  0.0	0.000	0.000	0.000
12	  P	  0.1	  0.0	0.105	0.000	0.000
13	  C	  4.6	  0.0	0.354	2.511	2.511
14	  T	 14.8	  0.0	2.147	10.070	10.070
15	  V	 17.3	  0.0	2.147	20.871	20.871
16	  T	 13.3	  0.0	2.307	20.871	20.871
17	  A	  3.3	  0.0	2.307	20.871	20.871
18	  L	  0.7	  0.1	2.307	20.871	20.871
19	  L	  0.4	  0.5	2.307	19.481	19.481
20	  G	  0.2	  0.5	2.307	2.036	2.036
21	  C	  4.0	  0.6	0.512	0.461	0.461
22	  S	  5.2	  0.4	0.000	0.000	0.000
23	  C	  5.5	  0.3	0.000	0.000	0.000
24	  K	  2.1	  0.4	0.000	0.000	0.000
25	  S	  1.1	  0.3	0.000	0.000	0.000
26	  K	  1.6	  0.3	0.000	0.000	0.000
27	  V	  2.2	  0.0	0.000	0.000	0.000
28	  C	  5.6	  0.0	0.000	0.000	0.000
29	  Y	  5.4	  0.0	0.000	0.000	0.000
30	  K	  4.4	  0.0	0.000	0.000	0.000
31	  N	  0.8	  0.0	0.000	0.000	0.000
