res	aa	Beta	Turn	Helix	Aggregation	Conc-Stab_Aggregation
01	  L	  0.1	  0.0	0.000	0.000	0.000
02	  L	  0.1	  0.0	0.000	0.000	0.000
03	  P	  0.1	  0.0	0.000	0.000	0.000
04	  I	  3.0	  0.0	0.000	1.273	1.273
05	  V	  3.1	  1.4	0.000	1.273	1.273
06	  G	  3.1	  1.4	0.000	1.273	1.273
07	  N	  0.1	  1.4	0.000	1.273	1.273
08	  L	  0.4	  1.5	0.000	1.273	1.273
09	  L	  0.9	  0.1	0.000	1.086	1.086
10	  N	  0.9	  0.2	0.000	0.000	0.000
11	  S	  0.6	  0.2	0.000	0.000	0.000
12	  L	  0.2	  0.1	0.000	0.000	0.000
13	  L	  0.2	  0.0	0.000	0.000	0.000
