res	aa	Beta	Turn	Helix	Aggregation	Conc-Stab_Aggregation
01	  V	  0.4	  0.0	0.000	0.000	0.000
02	  L	  0.5	  0.0	0.000	0.000	0.000
03	  P	  0.5	  0.0	0.000	0.000	0.000
04	  I	  2.0	  0.0	0.000	1.207	1.207
05	  I	  2.0	  1.8	0.000	1.207	1.207
06	  G	  2.0	  1.9	0.000	1.207	1.207
07	  N	  0.0	  1.9	0.000	1.207	1.207
08	  L	  0.4	  1.9	0.000	1.207	1.207
09	  L	  0.9	  0.1	0.000	1.030	1.030
10	  N	  0.9	  0.2	0.000	0.000	0.000
11	  S	  0.6	  0.2	0.000	0.000	0.000
12	  L	  0.2	  0.1	0.000	0.000	0.000
13	  L	  0.2	  0.0	0.000	0.000	0.000
