res	aa	Beta	Turn	Helix	Aggregation	Conc-Stab_Aggregation
01	  F	  0.1	  0.0	0.000	0.000	0.000
02	  L	  0.2	  0.0	0.000	0.000	0.000
03	  P	  0.2	  0.0	0.000	0.000	0.000
04	  L	  0.1	  0.2	0.000	0.000	0.000
05	  I	  0.1	  0.2	0.000	0.000	0.000
06	  G	  0.2	  0.2	0.000	0.000	0.000
07	  K	  0.9	  0.2	0.000	0.000	0.000
08	  V	  3.8	  0.1	0.000	3.128	3.128
09	  L	  4.0	  0.2	0.000	3.128	3.128
10	  S	  3.1	  0.3	0.000	3.128	3.128
11	  G	  0.2	  0.3	0.000	3.128	3.128
12	  I	  0.1	  0.3	0.000	3.128	3.128
13	  L	  0.0	  0.1	0.000	0.000	0.000
