res	aa	Beta	Turn	Helix	Aggregation	Conc-Stab_Aggregation
01	  F	  1.3	  0.0	0.000	0.000	0.000
02	  V	  4.0	  0.0	0.000	0.143	0.143
03	  Q	  6.1	  0.0	0.000	0.143	0.143
04	  W	  6.0	  0.0	0.000	0.143	0.143
05	  F	  5.4	  0.1	0.000	0.143	0.143
06	  S	  3.6	  0.1	0.000	0.143	0.143
07	  K	  2.5	  0.1	0.000	0.000	0.000
08	  F	  0.8	  0.2	0.000	0.000	0.000
09	  L	  0.6	  0.2	0.000	0.000	0.000
10	  G	  0.4	  0.2	0.000	0.000	0.000
11	  R	  3.1	  0.2	0.000	0.000	0.000
12	  I	  3.1	  0.1	0.000	0.000	0.000
13	  L	  3.0	  0.0	0.000	0.000	0.000
