res	aa	Beta	Turn	Helix	Aggregation	Conc-Stab_Aggregation
01	  T	  1.2	  0.0	0.000	0.000	0.000
02	  A	  1.3	  0.0	0.000	0.000	0.000
03	  T	  2.5	  0.0	0.118	0.000	0.000
04	  T	  2.1	  0.1	0.118	0.000	0.000
05	  R	  2.4	  0.2	0.118	0.000	0.000
06	  R	  1.4	  0.4	0.118	0.000	0.000
07	  R	  0.6	  0.4	0.118	0.000	0.000
08	  G	  0.2	  0.3	0.118	0.000	0.000
09	  R	  0.1	  0.2	0.000	0.000	0.000
10	  P	  0.0	  2.1	0.000	0.000	0.000
11	  P	  0.0	  2.1	0.000	0.000	0.000
12	  G	  0.1	  2.1	0.000	0.000	0.000
13	  F	  0.5	  2.1	0.000	0.000	0.000
14	  S	  0.5	  0.2	0.000	0.000	0.000
15	  P	  0.4	  0.2	0.000	0.000	0.000
16	  F	  0.0	  0.2	0.000	0.000	0.000
17	  R	  0.0	  0.2	0.000	0.000	0.000
