res	aa	Beta	Turn	Helix	Aggregation	Conc-Stab_Aggregation
01	  A	  0.1	  0.2	0.000	0.000	0.000
02	  K	  0.1	  0.3	0.000	0.000	0.000
03	  T	  0.2	  0.4	0.000	0.000	0.000
04	  G	  0.1	  0.4	0.000	0.000	0.000
05	  I	  0.5	  0.2	0.000	0.000	0.000
06	  L	  0.7	  0.2	0.000	0.000	0.000
07	  D	  0.7	 10.8	0.000	0.000	0.000
08	  S	  0.3	 10.8	0.000	0.000	0.000
09	  D	  0.0	 10.9	0.000	0.000	0.000
10	  G	  0.0	 11.1	0.000	0.000	0.000
11	  P	  0.0	  0.4	0.000	0.000	0.000
12	  T	  3.5	  0.4	0.000	0.000	0.000
13	  V	  4.1	  0.3	0.000	0.000	0.000
14	  A	  4.1	  1.2	0.000	0.000	0.000
15	  G	  0.6	  1.3	0.000	0.000	0.000
16	  N	  0.0	  1.3	0.000	0.000	0.000
17	  S	  5.4	  2.5	0.000	0.000	0.000
18	  L	  5.6	  1.4	0.000	0.000	0.000
19	  S	  5.6	  1.3	0.000	0.000	0.000
20	  G	  0.2	  1.3	0.000	0.000	0.000
21	  T	  0.1	  0.1	0.000	0.000	0.000
