res	aa	Beta	Turn	Helix	Aggregation	Conc-Stab_Aggregation
01	  E	  0.0	  0.0	0.000	0.000	0.000
02	  C	  0.1	  0.1	0.000	0.423	0.423
03	  G	  0.1	  0.1	0.000	0.423	0.423
04	  T	  1.1	  0.1	0.000	0.423	0.423
05	  L	  1.7	  0.1	0.000	0.423	0.423
06	  F	  3.0	  0.5	0.000	0.423	0.423
07	  S	  2.0	  1.4	0.000	0.000	0.000
08	  G	  1.4	  1.4	0.000	0.000	0.000
09	  C	  0.3	  1.6	0.000	0.000	0.000
10	  S	  0.7	  1.1	0.000	0.000	0.000
11	  T	  1.3	  0.2	0.000	0.000	0.000
12	  H	  1.1	  1.4	0.000	0.000	0.000
13	  A	  0.7	  1.2	0.000	0.000	0.000
14	  D	  1.2	  1.2	0.000	0.000	0.000
15	  C	 13.0	  1.2	0.000	0.000	0.000
16	  C	 13.1	  0.9	0.000	0.000	0.000
17	  E	 12.0	  0.8	0.000	0.000	0.000
18	  G	  0.2	  0.8	0.675	0.000	0.000
19	  F	  1.3	  0.8	0.675	0.000	0.000
20	  I	  1.5	  0.0	0.675	0.000	0.000
21	  C	  2.0	  0.0	0.675	0.000	0.000
22	  K	  0.9	  0.0	0.675	0.000	0.000
23	  L	  1.8	  0.0	0.675	0.000	0.000
24	  W	  2.6	  0.0	0.490	0.000	0.000
25	  C	  3.1	  0.0	0.092	0.000	0.000
26	  R	  3.3	  0.0	0.000	0.000	0.000
27	  Y	  4.2	  0.0	0.000	0.000	0.000
28	  E	  3.7	  0.0	0.000	0.000	0.000
29	  R	  2.9	  0.0	0.000	0.000	0.000
30	  T	  0.8	  0.0	0.000	0.000	0.000
31	  W	  0.5	  0.0	0.000	0.000	0.000
