res	aa	Beta	Turn	Helix	Aggregation	Conc-Stab_Aggregation
01	  D	  0.0	  0.2	0.000	0.000	0.000
02	  D	  0.0	  0.7	0.169	0.000	0.000
03	  C	  0.3	  0.8	0.169	0.000	0.000
04	  G	  0.2	  0.8	0.169	0.000	0.000
05	  K	  0.5	  0.6	0.169	0.000	0.000
06	  L	  0.8	  0.2	0.169	0.000	0.000
07	  F	  2.2	  0.5	0.169	0.000	0.000
08	  S	  2.0	  1.3	0.169	0.000	0.000
09	  G	  1.4	  1.3	0.000	0.000	0.000
10	  C	  0.2	  1.5	0.000	0.000	0.000
11	  D	  0.3	  1.8	0.000	0.000	0.000
12	  T	  0.3	  1.0	0.000	0.000	0.000
13	  N	  0.2	  5.8	0.000	0.000	0.000
14	  A	  0.1	  5.7	0.000	0.000	0.000
15	  D	  1.1	  4.9	0.000	0.000	0.000
16	  C	 12.5	  4.9	0.000	0.000	0.000
17	  C	 12.6	  0.7	0.000	0.000	0.000
18	  E	 11.6	  0.6	0.000	0.000	0.000
19	  G	  0.1	  0.6	0.382	0.000	0.000
20	  Y	  1.9	  0.6	0.382	0.000	0.000
21	  V	  2.4	  0.0	0.382	0.000	0.000
22	  C	  3.5	  0.0	0.382	0.000	0.000
23	  R	  2.1	  0.0	0.382	0.000	0.000
24	  L	  2.7	  0.0	0.382	0.000	0.000
25	  W	  2.3	  0.0	0.267	0.000	0.000
26	  C	  2.3	  0.1	0.000	0.000	0.000
27	  K	  1.8	  0.3	0.000	0.000	0.000
28	  L	  1.8	  0.3	0.000	0.000	0.000
29	  D	  1.3	  0.3	0.000	0.000	0.000
30	  W	  0.7	  0.2	0.000	0.000	0.000
