res	aa	Beta	Turn	Helix	Aggregation	Conc-Stab_Aggregation
01	  V	  0.8	  0.1	0.000	0.000	0.000
02	  R	  0.8	  0.1	0.000	0.000	0.000
03	  D	  0.9	  0.1	0.000	0.000	0.000
04	  A	  0.4	  0.1	0.000	0.000	0.000
05	  Y	  1.9	  0.0	0.000	0.000	0.000
06	  I	  2.2	  0.0	0.000	0.000	0.000
07	  A	  1.9	  0.3	0.000	0.000	0.000
08	  E	  0.4	  0.3	0.000	0.000	0.000
09	  D	  0.4	  1.7	0.000	0.000	0.000
10	  Y	  5.3	  1.7	0.000	0.000	0.000
11	  D	  5.5	  1.4	0.000	0.000	0.000
12	  C	  5.8	  1.4	0.000	0.000	0.000
13	  V	  3.9	  0.0	0.000	0.000	0.000
14	  Y	  7.9	  0.0	0.000	0.000	0.000
15	  H	  7.9	  0.0	0.000	0.000	0.000
16	  C	  5.7	  0.2	0.000	0.000	0.000
17	  A	  1.3	  0.4	0.000	0.000	0.000
18	  R	  0.6	  0.4	0.000	0.000	0.000
19	  D	  0.1	  0.4	0.000	0.000	0.000
20	  A	  0.0	  0.2	0.000	0.000	0.000
