res	aa	Beta	Turn	Helix	Aggregation	Conc-Stab_Aggregation
01	  V	  1.6	  0.0	0.000	0.000	0.000
02	  A	  1.8	  0.0	0.000	0.000	0.000
03	  C	  2.5	  0.0	0.000	0.000	0.000
04	  V	  3.2	  0.0	0.000	0.000	0.000
05	  Y	  3.5	  0.1	0.000	0.000	0.000
06	  R	  2.8	  0.1	0.000	0.000	0.000
07	  T	  2.4	  0.1	0.000	0.000	0.000
08	  C	  2.2	  0.2	0.000	0.000	0.000
09	  D	  2.2	  5.8	0.000	0.000	0.000
10	  K	  0.4	  5.8	0.000	0.000	0.000
11	  D	  0.6	  5.8	0.000	0.000	0.000
12	  C	  1.9	  5.8	0.000	0.000	0.000
13	  T	  2.3	  0.1	0.000	0.000	0.000
14	  S	  1.9	  0.2	0.179	0.000	0.000
15	  R	  1.1	  0.2	0.179	0.000	0.000
16	  K	  1.4	  0.1	0.179	0.000	0.000
17	  Y	  3.1	  0.3	0.179	0.000	0.000
18	  R	  2.8	  0.6	0.179	0.000	0.000
19	  S	  2.0	  0.8	0.179	0.000	0.000
20	  G	  0.2	  0.8	0.000	0.000	0.000
21	  K	  1.4	  0.5	0.000	0.000	0.000
22	  C	  5.1	  0.3	0.000	0.000	0.000
23	  I	  5.3	  0.2	0.000	0.000	0.000
24	  N	  4.0	  0.2	0.228	0.000	0.000
25	  N	  0.2	  0.2	0.406	0.000	0.000
26	  A	  0.1	  0.1	0.406	0.000	0.000
27	  C	  0.8	  0.1	0.406	0.000	0.000
28	  K	  1.8	  0.1	0.406	0.000	0.000
29	  C	  2.0	  0.1	0.406	0.000	0.000
30	  Y	  1.4	  0.1	0.291	0.000	0.000
31	  P	  0.3	  0.0	0.000	0.000	0.000
32	  Y	  0.0	  0.0	0.000	0.000	0.000
