res	aa	Beta	Turn	Helix	Aggregation	Conc-Stab_Aggregation
01	  S	  0.1	  0.0	0.370	0.000	0.000
02	  A	  0.2	  0.0	0.370	5.404	5.404
03	  A	  0.3	  0.0	0.370	7.953	7.953
04	  L	  0.2	  0.2	0.370	8.826	8.826
05	  A	  0.1	  0.3	0.370	8.977	8.977
06	  G	  0.1	  0.3	0.370	8.977	8.977
07	  T	  2.5	  0.3	0.000	8.977	8.977
08	  I	  3.3	  0.1	0.000	8.977	8.977
09	  I	  3.9	  0.4	0.000	8.341	8.341
10	  D	  1.4	  0.6	0.402	0.000	0.000
11	  G	  0.7	  0.9	0.402	0.000	0.000
12	  A	  0.4	  0.9	0.402	0.000	0.000
13	  S	  0.6	  0.7	0.402	0.000	0.000
14	  L	  0.6	  0.5	0.402	0.000	0.000
15	  G	  0.3	  0.3	0.567	0.000	0.000
16	  F	  3.4	  0.2	0.411	0.000	0.000
17	  D	  3.4	  0.0	0.165	0.000	0.000
18	  I	  3.9	  0.1	0.165	0.000	0.000
19	  L	  0.7	  0.1	0.165	0.000	0.000
20	  N	  0.7	  0.1	0.165	0.000	0.000
21	  K	  0.2	  0.1	0.165	0.000	0.000
22	  V	  0.1	  0.0	0.000	0.000	0.000
