res	aa	Beta	Turn	Helix	Aggregation	Conc-Stab_Aggregation
01	  C	  7.7	  0.0	0.000	0.000	0.000
02	  C	  8.1	  0.1	0.000	0.000	0.000
03	  K	  8.2	  0.2	0.000	0.000	0.000
04	  Q	  1.1	  0.2	0.000	0.000	0.000
05	  S	  7.3	  0.2	0.000	0.000	0.000
06	  C	  7.6	  0.2	0.000	0.000	0.000
07	  T	  9.1	  0.1	0.000	0.000	0.000
08	  T	  6.3	  0.1	0.000	0.000	0.000
09	  C	  6.1	  0.1	0.000	0.000	0.000
10	  M	  4.2	  0.2	0.000	0.000	0.000
11	  P	  0.2	  0.2	0.000	0.000	0.000
12	  C	  4.9	  0.2	0.000	0.000	0.000
13	  C	  4.8	  0.2	0.000	0.000	0.000
14	  W	  4.8	  0.0	0.000	0.000	0.000
