res	aa	Beta	Turn	Helix	Aggregation	Conc-Stab_Aggregation
01	  G	  0.1	  0.0	0.000	0.000	0.000
02	  C	  3.5	  0.0	0.000	0.000	0.000
03	  C	  3.5	  0.1	0.000	0.000	0.000
04	  G	  3.4	  0.1	0.000	0.000	0.000
05	  P	  0.0	  0.1	0.000	0.000	0.000
06	  Y	  0.0	  1.0	0.000	0.000	0.000
07	  P	  0.0	  0.9	0.000	0.000	0.000
08	  N	  0.0	  1.0	0.000	0.000	0.000
09	  A	  0.0	  1.0	0.000	0.000	0.000
10	  A	  0.5	  0.1	0.000	0.000	0.000
11	  C	  0.6	  0.1	0.000	0.000	0.000
12	  H	  0.6	  0.9	0.000	0.000	0.000
13	  P	  0.2	  0.9	0.000	0.000	0.000
14	  C	  0.2	  1.1	0.000	0.000	0.000
15	  G	  0.2	  1.1	0.000	0.000	0.000
16	  C	  1.2	  0.2	0.000	0.000	0.000
17	  K	  1.4	  0.3	0.000	0.000	0.000
18	  V	  1.6	  0.1	0.000	0.000	0.000
19	  G	  0.6	  0.1	0.000	0.000	0.000
20	  R	  0.2	  0.1	0.000	0.000	0.000
21	  P	  0.0	  0.3	0.000	0.000	0.000
22	  P	  0.0	  0.3	0.000	0.000	0.000
23	  Y	  1.5	  0.4	0.000	0.000	0.000
24	  C	  1.8	  0.4	0.000	0.000	0.000
25	  D	  1.8	  0.1	0.000	0.000	0.000
26	  R	  0.3	  1.4	0.000	0.000	0.000
27	  P	  0.0	  1.5	0.000	0.000	0.000
28	  S	  0.0	  1.5	0.000	0.000	0.000
29	  G	  0.0	  1.5	0.000	0.000	0.000
30	  G	  0.0	  0.2	0.000	0.000	0.000
