res	aa	Beta	Turn	Helix	Aggregation	Conc-Stab_Aggregation
01	  G	  0.0	  0.5	0.000	0.000	0.000
02	  P	  0.0	  0.6	0.000	0.000	0.000
03	  M	  0.2	  0.6	0.000	0.000	0.000
04	  G	  0.2	  0.6	0.000	0.000	0.000
05	  W	  0.3	  0.2	0.000	0.000	0.000
06	  V	  0.2	  0.0	0.000	0.000	0.000
07	  P	  0.2	  0.0	0.000	0.000	0.000
08	  V	  2.1	  0.0	0.000	0.000	0.000
09	  F	  3.9	  0.0	0.000	0.000	0.000
10	  Y	  6.6	  0.0	0.000	0.000	0.000
11	  R	  4.6	  0.0	0.000	0.000	0.000
12	  F	  2.7	  0.0	0.000	0.000	0.000
