res	aa	Beta	Turn	Helix	Aggregation	Conc-Stab_Aggregation
01	  V	  0.4	  0.0	0.000	0.000	0.000
02	  G	  0.4	  0.0	0.000	0.000	0.000
03	  V	  4.0	  0.0	0.000	0.000	0.000
04	  C	  6.8	  0.2	0.000	0.000	0.000
05	  C	  6.8	  0.2	0.000	0.000	0.000
06	  G	  3.3	  0.2	0.162	0.000	0.000
07	  Y	  1.4	  0.3	0.162	0.000	0.000
08	  K	  1.8	  0.1	0.162	0.000	0.000
09	  L	  2.8	  0.1	0.162	0.000	0.000
10	  C	  1.7	  0.1	0.162	0.000	0.000
11	  H	  1.2	  0.0	0.162	0.000	0.000
12	  P	  0.2	  0.0	0.000	0.000	0.000
13	  C	  0.0	  0.0	0.000	0.000	0.000
