res	aa	Beta	Turn	Helix	Aggregation	Conc-Stab_Aggregation
01	  C	  0.1	  1.5	0.000	0.000	0.000
02	  K	  0.1	  1.7	0.000	0.000	0.000
03	  G	  0.1	  2.4	0.000	0.000	0.000
04	  K	  0.0	  2.4	0.000	0.000	0.000
05	  G	  0.0	  1.1	0.000	0.000	0.000
06	  Q	  0.5	  0.9	0.000	0.000	0.000
07	  S	 21.0	  0.4	0.000	0.000	0.000
08	  C	 22.4	  0.5	0.000	0.000	0.000
09	  S	 22.1	  0.4	0.000	0.000	0.000
10	  K	  2.6	  0.3	0.000	0.000	0.000
11	  L	  0.8	  0.1	0.000	0.000	0.000
12	  M	  1.0	  0.0	0.000	0.000	0.000
13	  Y	  6.1	  0.0	0.000	0.000	0.000
14	  D	  6.8	  0.0	0.141	0.000	0.000
15	  C	  8.4	  0.1	0.141	0.000	0.000
16	  C	  3.7	  0.4	0.141	0.000	0.000
17	  T	  2.4	  0.6	0.141	0.000	0.000
18	  G	  0.4	  0.6	0.141	0.000	0.000
19	  S	 20.1	  0.7	0.141	0.000	0.000
20	  C	 20.6	  0.6	0.000	0.000	0.000
21	  S	 20.9	  0.5	0.000	0.000	0.000
22	  R	  1.4	  0.7	0.000	0.000	0.000
23	  R	  0.5	  0.5	0.000	0.000	0.000
24	  G	  0.1	  0.4	0.000	0.000	0.000
25	  K	  0.0	  0.2	0.000	0.000	0.000
26	  C	  0.0	  0.0	0.000	0.000	0.000
