res	aa	Beta	Turn	Helix	Aggregation	Conc-Stab_Aggregation
01	  S	  0.1	  0.1	0.000	0.000	0.000
02	  L	  0.2	  2.7	0.000	0.000	0.000
03	  G	  0.2	  2.7	0.000	0.000	0.000
04	  G	  0.0	  2.7	0.000	0.000	0.000
05	  K	  0.0	  4.1	0.000	0.000	0.000
06	  P	  0.0	  1.6	0.000	0.000	0.000
07	  D	  0.7	  1.6	0.000	0.000	0.000
08	  L	  0.8	  1.6	0.000	0.000	0.000
09	  R	  0.8	  0.2	0.000	0.000	0.000
10	  P	  0.1	  0.1	0.000	0.000	0.000
11	  C	  0.0	  0.1	0.000	0.000	0.000
12	  Y	  0.0	  0.1	0.000	0.000	0.000
13	  P	  0.0	  0.2	0.000	0.000	0.000
14	  P	  0.0	  0.2	0.000	0.000	0.000
15	  C	  1.4	  0.2	0.000	0.000	0.000
16	  H	  5.8	  0.2	0.000	0.000	0.000
17	  Y	  6.0	  0.0	0.000	0.000	0.000
18	  I	  4.7	  0.0	0.000	0.000	0.000
19	  P	  0.2	  0.0	0.000	0.000	0.000
20	  R	  0.0	  0.0	0.000	0.000	0.000
21	  P	  0.0	  0.0	0.000	0.000	0.000
22	  K	  0.0	  0.0	0.000	0.000	0.000
23	  P	  0.0	  0.0	0.000	0.000	0.000
24	  R	  0.0	  0.0	0.000	0.000	0.000
