res	aa	Beta	Turn	Helix	Aggregation	Conc-Stab_Aggregation
01	  C	  0.1	  1.6	0.000	0.000	0.000
02	  K	  0.1	  1.7	0.000	0.000	0.000
03	  G	  0.1	  2.3	0.000	0.000	0.000
04	  K	  0.1	  2.3	0.000	0.000	0.000
05	  G	  0.0	  0.8	0.000	0.000	0.000
06	  A	  0.0	  0.6	0.000	0.000	0.000
07	  P	  0.0	  0.0	0.000	0.000	0.000
08	  C	  1.5	  0.0	0.000	0.000	0.000
09	  T	  1.9	  0.1	0.000	0.000	0.000
10	  R	  2.3	  0.1	0.000	0.000	0.000
11	  L	  1.3	  0.1	0.000	0.000	0.000
12	  M	  1.3	  0.0	0.000	0.000	0.000
13	  Y	  5.8	  0.0	0.000	0.000	0.000
14	  D	  6.3	  0.0	0.000	0.000	0.000
15	  C	 13.5	  0.1	0.000	0.000	0.000
16	  C	  9.2	  0.5	0.000	0.000	0.000
17	  H	  7.9	  0.8	0.000	0.000	0.000
18	  G	  0.5	  0.8	0.000	0.000	0.000
19	  S	 18.5	  0.9	0.000	0.000	0.000
20	  C	 19.0	  0.7	0.000	0.000	0.000
21	  S	 19.7	  1.2	0.000	0.000	0.000
22	  S	  1.6	  1.4	0.000	0.000	0.000
23	  S	  0.9	  1.9	0.000	0.000	0.000
24	  K	  0.2	  1.8	0.000	0.000	0.000
25	  G	  0.1	  1.2	0.000	0.000	0.000
26	  R	  0.4	  0.9	0.000	0.000	0.000
27	  C	  0.4	  0.2	0.000	0.000	0.000
28	  G	  0.4	  0.1	0.000	0.000	0.000
