res	aa	Beta	Turn	Helix	Aggregation	Conc-Stab_Aggregation
01	  T	  3.0	  0.0	0.000	0.000	0.000
02	  V	  7.4	  0.0	0.000	0.127	0.127
03	  I	 13.3	  0.0	0.000	0.127	0.127
04	  D	 11.4	  0.0	0.000	0.127	0.127
05	  V	 11.9	  0.0	0.000	0.127	0.127
06	  K	  8.4	  0.0	0.000	0.127	0.127
07	  C	  9.4	  0.0	0.000	0.000	0.000
08	  T	  5.0	  0.0	0.000	0.000	0.000
09	  S	  2.4	  0.2	0.000	0.000	0.000
10	  P	  0.1	  0.4	0.000	0.000	0.000
11	  K	  0.2	  0.4	0.000	0.000	0.000
12	  Q	  1.3	  0.4	0.000	0.000	0.000
13	  C	  1.3	  0.1	0.000	0.000	0.000
14	  L	  1.1	  0.0	0.000	0.000	0.000
15	  P	  0.0	  0.2	0.000	0.000	0.000
16	  P	  0.0	  0.2	0.000	0.000	0.000
17	  C	  0.9	  0.3	0.000	0.000	0.000
18	  A	  1.0	  0.3	0.000	0.000	0.000
19	  K	  1.0	  0.1	0.000	0.000	0.000
20	  Q	  0.1	  0.1	0.000	0.000	0.000
