res	aa	Beta	Turn	Helix	Aggregation	Conc-Stab_Aggregation
01	  M	  3.1	  0.0	0.000	0.000	0.000
02	  C	  3.3	  0.0	0.000	0.000	0.000
03	  M	  3.3	  0.3	0.000	0.000	0.000
04	  P	  0.3	  0.3	0.000	0.000	0.000
05	  C	  1.0	  0.3	0.000	0.000	0.000
06	  F	  2.5	  0.3	0.000	0.000	0.000
07	  T	  3.3	  0.0	0.000	0.000	0.000
08	  T	  2.4	  0.0	0.000	0.000	0.000
09	  D	  0.8	  4.6	0.862	0.000	0.000
10	  P	  0.0	  4.6	0.862	0.000	0.000
11	  N	  0.0	  4.6	1.344	0.000	0.000
12	  M	  0.1	  4.9	1.344	0.000	0.000
13	  A	  0.1	  0.3	1.344	0.000	0.000
14	  N	  0.1	  0.4	1.344	0.000	0.000
15	  K	  0.9	  0.4	1.058	0.000	0.000
16	  C	  1.3	  0.8	0.481	0.000	0.000
17	  R	  1.2	  0.8	0.175	0.000	0.000
18	  D	  1.6	  0.7	0.000	0.000	0.000
19	  C	  4.4	  0.7	0.000	0.000	0.000
20	  C	  4.5	  0.3	0.000	0.000	0.000
21	  G	  3.3	  1.0	0.000	0.000	0.000
22	  G	  0.1	  1.1	0.000	0.000	0.000
23	  G	  0.0	  1.2	0.000	0.000	0.000
24	  K	  0.2	  1.0	0.000	0.000	0.000
25	  K	  0.8	  0.2	0.000	0.000	0.000
26	  C	  1.6	  0.2	0.000	0.000	0.000
27	  F	  1.4	  0.2	0.000	0.000	0.000
28	  G	  0.8	  0.6	0.222	0.000	0.000
29	  P	  0.0	  0.7	0.222	0.000	0.000
30	  Q	  0.5	  0.7	0.222	0.000	0.000
31	  C	  1.8	  0.5	0.222	0.000	0.000
32	  L	  2.0	  0.0	0.222	0.000	0.000
33	  C	  2.2	  0.0	0.222	0.000	0.000
34	  N	  1.0	  0.0	0.222	0.000	0.000
35	  R	  0.7	  0.0	0.000	0.000	0.000
