res	aa	Beta	Turn	Helix	Aggregation	Conc-Stab_Aggregation
01	  G	  0.0	  0.0	0.000	0.000	0.000
02	  D	  0.1	  0.0	0.000	0.000	0.000
03	  C	  0.3	  0.0	0.000	0.000	0.000
04	  L	  0.3	  0.2	0.000	0.000	0.000
05	  P	  0.2	  0.2	0.000	0.000	0.000
06	  H	  0.6	  0.2	0.000	0.000	0.000
07	  L	  1.9	  0.3	0.000	0.000	0.000
08	  K	  2.5	  0.1	0.000	0.000	0.000
09	  L	  2.0	  0.1	0.000	0.000	0.000
10	  C	  0.9	  0.2	0.000	0.000	0.000
11	  K	  0.4	  0.4	0.000	0.000	0.000
12	  E	  0.4	  0.4	0.000	0.000	0.000
13	  N	  0.2	  4.3	0.000	0.000	0.000
14	  K	  0.2	  4.1	0.000	0.000	0.000
15	  D	  1.2	  3.9	0.000	0.000	0.000
16	  C	  9.8	  3.9	0.000	0.000	0.000
17	  C	 11.2	  0.1	0.000	0.000	0.000
18	  S	 10.2	  0.2	0.137	0.000	0.000
19	  K	  2.1	  0.3	0.137	0.000	0.000
20	  K	  1.0	  0.3	0.137	0.000	0.000
21	  C	  1.2	  0.3	0.137	0.000	0.000
22	  K	  1.4	  0.2	0.137	0.000	0.000
23	  R	  0.8	  0.3	0.137	0.000	0.000
24	  R	  0.5	  0.4	0.000	0.000	0.000
25	  G	  0.2	  0.4	0.000	0.000	0.000
26	  T	  0.4	  0.3	0.232	0.000	0.000
27	  N	  3.3	  0.1	0.348	0.000	0.000
28	  I	  3.9	  0.1	0.348	0.000	0.000
29	  E	  3.6	  0.1	0.348	0.000	0.000
30	  K	  1.2	  0.1	0.348	0.000	0.000
31	  R	  1.7	  0.1	0.348	0.000	0.000
32	  C	  1.6	  0.1	0.117	0.000	0.000
33	  R	  1.1	  0.0	0.000	0.000	0.000
