res	aa	Beta	Turn	Helix	Aggregation	Conc-Stab_Aggregation
01	  K	  0.0	  0.8	0.000	0.000	0.000
02	  D	  0.0	  0.8	0.000	0.000	0.000
03	  G	  0.0	  0.8	0.000	0.000	0.000
04	  Y	  0.8	  0.8	0.000	0.000	0.000
05	  L	  1.0	  0.1	0.000	0.000	0.000
06	  M	  1.0	  0.3	0.000	0.000	0.000
07	  G	  0.3	  1.9	0.000	0.000	0.000
08	  A	  0.1	  2.4	0.000	0.000	0.000
09	  D	  0.0	  2.5	0.000	0.000	0.000
10	  G	  0.0	  2.3	0.000	0.000	0.000
11	  C	  0.5	  0.8	0.000	0.000	0.000
12	  K	  1.0	  0.4	0.000	0.000	0.000
13	  L	  1.8	  0.1	0.000	2.218	2.218
14	  C	  2.9	  0.1	0.000	2.218	2.218
15	  V	  4.0	  0.0	0.000	2.218	2.218
16	  L	  4.9	  0.0	0.000	2.218	2.218
17	  T	  3.4	  0.0	0.000	2.218	2.218
18	  A	  1.9	  0.2	0.000	0.000	0.000
19	  P	  0.1	  0.3	0.000	0.000	0.000
20	  Y	  2.2	  0.3	0.000	0.000	0.000
21	  D	  2.7	  0.3	0.000	0.000	0.000
22	  Y	  5.4	  0.1	0.000	0.000	0.000
23	  C	  3.8	  0.0	0.000	0.000	0.000
24	  A	  3.3	  0.0	0.000	0.000	0.000
25	  C	  0.6	  0.0	0.000	0.000	0.000
26	  E	  0.0	  0.0	0.000	0.000	0.000
