res	aa	Beta	Turn	Helix	Aggregation	Conc-Stab_Aggregation
01	  K	  0.0	  0.8	0.000	0.000	0.000
02	  D	  0.0	  0.8	0.000	0.000	0.000
03	  G	  0.0	  0.8	0.000	0.576	0.576
04	  Y	  1.1	  0.8	0.000	0.744	0.744
05	  L	  1.2	  0.0	0.000	0.744	0.744
06	  V	  1.3	  0.3	0.000	0.744	0.744
07	  G	  0.3	  0.6	0.000	0.744	0.744
08	  T	  0.1	  1.1	0.226	0.385	0.385
09	  D	  0.0	  1.4	0.226	0.000	0.000
10	  G	  0.0	  1.1	0.226	0.000	0.000
11	  C	  0.2	  1.0	0.226	0.000	0.000
12	  K	  0.4	  0.7	0.226	0.000	0.000
13	  Y	  0.9	  1.6	0.226	0.000	0.000
14	  G	  0.7	  1.6	0.226	0.000	0.000
15	  C	  1.5	  1.3	0.000	0.000	0.000
16	  F	  7.0	  1.2	0.000	0.000	0.000
17	  T	  7.1	  0.0	0.000	0.000	0.000
18	  R	  6.1	  1.7	0.000	0.000	0.000
19	  P	  0.1	  1.8	0.000	0.000	0.000
20	  G	  0.0	  1.8	0.000	0.000	0.000
21	  H	  3.0	  1.8	0.000	0.000	0.000
22	  F	  5.7	  0.1	0.000	0.000	0.000
23	  C	  5.9	  0.5	0.000	0.000	0.000
24	  A	  2.9	  0.6	0.000	0.000	0.000
25	  N	  0.3	  0.8	0.000	0.000	0.000
26	  E	  0.0	  0.8	0.000	0.000	0.000
27	  E	  0.1	  0.3	0.000	0.000	0.000
28	  C	  0.1	  0.3	0.000	0.000	0.000
29	  L	  0.1	  0.0	0.000	0.000	0.000
