res	aa	Beta	Turn	Helix	Aggregation	Conc-Stab_Aggregation
01	  K	  0.0	  0.8	0.000	0.000	0.000
02	  D	  0.0	  0.8	0.000	0.000	0.000
03	  G	  0.0	  0.8	0.000	0.000	0.000
04	  Y	  0.8	  0.8	0.000	0.000	0.000
05	  L	  1.0	  0.0	0.000	0.000	0.000
06	  M	  1.1	  0.0	0.000	0.000	0.000
07	  E	  0.3	  1.6	0.000	0.000	0.000
08	  P	  0.1	  2.0	0.000	0.000	0.000
09	  N	  0.0	  2.2	0.000	0.000	0.000
10	  G	  0.0	  2.2	0.000	0.000	0.000
11	  C	  0.5	  0.9	0.000	0.000	0.000
12	  K	  0.6	  0.7	0.000	0.000	0.000
13	  L	  0.7	  0.7	0.000	0.000	0.000
14	  G	  0.2	  0.7	0.000	0.000	0.000
15	  C	  0.5	  0.5	0.000	0.000	0.000
16	  L	  0.7	  0.3	0.000	0.000	0.000
17	  T	  0.8	  0.0	0.000	0.000	0.000
18	  R	  0.4	  0.0	0.000	0.000	0.000
19	  P	  0.1	  0.0	0.000	0.000	0.000
20	  A	  0.2	  0.0	0.000	0.000	0.000
21	  K	  1.0	  0.0	0.000	0.000	0.000
22	  Y	  3.7	  0.0	0.000	0.000	0.000
23	  C	  7.8	  0.0	0.000	0.000	0.000
24	  W	  7.2	  0.0	0.000	0.000	0.000
25	  A	  4.6	  0.0	0.000	0.000	0.000
26	  E	  0.2	  0.0	0.000	0.000	0.000
27	  E	  0.0	  0.0	0.000	0.000	0.000
