res	aa	Beta	Turn	Helix	Aggregation	Conc-Stab_Aggregation
01	  V	  0.2	  0.3	0.000	0.000	0.000
02	  G	  0.4	  0.3	0.000	0.000	0.000
03	  C	  0.7	  0.6	0.000	0.000	0.000
04	  A	  0.6	  0.6	0.000	0.000	0.000
05	  E	  0.4	  0.3	0.000	0.000	0.000
06	  C	  0.1	  0.5	0.124	0.000	0.000
07	  P	  0.0	  0.2	0.124	0.000	0.000
08	  M	  2.2	  0.2	0.124	0.000	0.000
09	  H	  2.7	  0.2	0.124	0.000	0.000
10	  C	  2.8	  1.5	0.124	0.000	0.000
11	  K	  0.6	  1.6	0.124	0.000	0.000
12	  G	  0.1	  1.6	0.000	0.000	0.000
13	  K	  0.4	  1.6	0.000	0.000	0.000
14	  M	  0.5	  0.1	0.000	0.000	0.000
15	  A	  0.5	  0.0	0.000	0.000	0.000
16	  K	  0.2	  0.4	0.000	0.000	0.000
17	  P	  0.0	  0.4	0.000	0.000	0.000
18	  T	  4.4	  0.4	0.000	0.000	0.000
19	  C	  5.0	  0.8	0.000	0.000	0.000
20	  E	  5.0	  0.5	0.000	0.000	0.000
21	  N	  0.7	  0.5	0.875	0.000	0.000
22	  E	  0.9	  0.5	0.875	0.000	0.000
23	  V	  1.1	  0.0	0.875	0.000	0.000
24	  C	  1.7	  0.1	0.875	0.000	0.000
25	  K	  1.5	  0.1	0.875	0.000	0.000
26	  C	  2.9	  0.1	0.875	0.000	0.000
27	  N	  2.3	  0.5	0.332	0.000	0.000
28	  I	  1.7	  0.6	0.129	0.000	0.000
29	  G	  0.1	  0.7	0.129	0.000	0.000
30	  K	  0.1	  0.7	0.000	0.000	0.000
31	  K	  0.1	  0.3	0.000	0.000	0.000
32	  D	  0.1	  0.1	0.000	0.000	0.000
