res	aa	Beta	Turn	Helix	Aggregation	Conc-Stab_Aggregation
01	  D	  0.0	  0.0	0.000	0.000	0.000
02	  D	  0.8	  0.0	0.000	0.000	0.000
03	  C	 13.1	  0.0	0.000	0.000	0.000
04	  I	 13.4	  0.0	0.000	0.000	0.000
05	  K	 12.7	  0.4	0.000	0.000	0.000
06	  P	  0.4	  0.5	0.000	0.000	0.000
07	  Y	  0.2	  0.5	0.000	0.000	0.000
08	  G	  0.2	  0.5	0.000	0.000	0.000
09	  F	  2.6	  0.2	0.000	0.000	0.000
10	  C	  5.2	  0.1	0.000	0.000	0.000
11	  S	  5.3	  0.1	0.000	0.000	0.000
12	  L	  3.1	  0.1	0.000	0.000	0.000
13	  P	  0.1	  0.0	0.000	0.000	0.000
14	  I	  0.8	  0.0	0.000	0.000	0.000
15	  L	  0.9	  0.6	0.000	0.000	0.000
16	  K	  0.9	  2.3	0.000	0.000	0.000
17	  N	  0.2	  2.4	0.000	0.000	0.000
18	  G	  0.0	  2.4	0.000	0.000	0.000
19	  L	  4.7	  1.8	0.000	0.000	0.000
20	  C	 13.1	  0.2	0.000	0.000	0.000
21	  C	 13.3	  0.6	0.000	0.000	0.000
22	  S	  8.7	  0.8	0.000	0.000	0.000
23	  G	  0.3	  0.8	0.000	0.000	0.000
24	  A	  0.2	  0.6	0.000	0.234	0.234
25	  C	  0.5	  0.4	0.000	0.234	0.234
26	  V	  0.9	  0.2	0.000	0.234	0.234
27	  G	  0.8	  0.2	0.000	0.234	0.234
28	  V	  1.1	  0.2	0.000	0.234	0.234
29	  C	  0.9	  0.8	0.000	0.000	0.000
30	  A	  1.0	  0.8	0.000	0.000	0.000
31	  D	  0.3	  0.8	0.000	0.000	0.000
32	  L	  0.0	  0.8	0.000	0.000	0.000
