res	aa	Beta	Turn	Helix	Aggregation	Conc-Stab_Aggregation
01	  E	  0.3	  0.0	0.000	0.000	0.000
02	  C	  1.0	  0.0	0.000	0.000	0.000
03	  R	  1.6	  0.0	0.000	0.000	0.000
04	  Y	  2.0	  0.0	0.000	0.000	0.000
05	  L	  1.4	  0.0	0.000	0.000	0.000
06	  F	  0.9	  0.4	0.000	0.000	0.000
07	  G	  0.2	  0.7	0.000	0.000	0.000
08	  G	  0.1	  0.7	0.000	0.000	0.000
09	  C	  0.7	  0.9	0.000	0.000	0.000
10	  S	  1.0	  0.7	0.000	0.000	0.000
11	  S	  2.8	  0.6	0.000	0.000	0.000
12	  T	  2.2	  1.1	0.000	0.000	0.000
13	  S	  1.9	  0.9	0.152	0.000	0.000
14	  D	  1.2	  0.8	0.152	0.000	0.000
15	  C	  8.6	  0.5	0.152	0.000	0.000
16	  C	  8.8	  0.2	0.152	0.000	0.000
17	  K	  7.7	  0.1	0.152	0.000	0.000
18	  H	  0.9	  0.3	0.152	0.000	0.000
19	  L	  6.0	  0.3	0.000	0.000	0.000
20	  S	 12.9	  0.2	0.000	0.000	0.000
21	  C	 13.2	  0.4	0.000	0.000	0.000
22	  R	  8.3	  0.7	0.000	0.000	0.000
23	  S	  1.2	  0.7	0.000	0.000	0.000
24	  D	  0.4	  0.7	0.000	0.000	0.000
25	  W	  1.0	  0.5	0.000	0.000	0.000
26	  K	  1.8	  0.0	0.000	0.000	0.000
27	  Y	  4.3	  0.0	0.000	0.000	0.000
28	  C	  3.8	  0.1	0.000	0.000	0.000
29	  A	  3.1	  0.3	0.000	0.000	0.000
30	  W	  0.4	  0.4	0.000	0.000	0.000
31	  D	  0.1	  0.5	0.000	0.000	0.000
32	  G	  0.1	  0.4	0.000	0.000	0.000
33	  T	 21.2	  0.2	0.000	0.000	0.000
34	  F	 21.2	  0.1	0.000	0.000	0.000
35	  S	 21.1	  0.0	0.000	0.000	0.000
