res	aa	Beta	Turn	Helix	Aggregation	Conc-Stab_Aggregation
01	  D	  0.5	  0.0	0.000	0.000	0.000
02	  C	  2.0	  0.0	0.000	0.000	0.000
03	  T	  2.4	  0.0	0.000	0.000	0.000
04	  R	  2.6	  0.0	0.000	0.000	0.000
05	  M	  1.3	  0.2	0.000	0.000	0.000
06	  F	  1.0	  0.4	0.000	0.000	0.000
07	  G	  0.3	  0.4	0.153	0.000	0.000
08	  A	  0.3	  0.4	0.153	0.000	0.000
09	  C	  1.2	  0.4	0.153	0.000	0.000
10	  R	  1.7	  0.4	0.153	0.000	0.000
11	  R	  1.6	  0.5	0.153	0.000	0.000
12	  D	  0.6	  6.3	0.153	0.000	0.000
13	  S	  0.1	  6.3	0.000	0.000	0.000
14	  D	  1.8	  6.0	0.000	0.000	0.000
15	  C	  2.8	  5.9	0.000	0.000	0.000
16	  C	  2.8	  0.5	0.000	0.000	0.000
17	  P	  1.0	  0.5	0.000	0.000	0.000
18	  H	  0.1	  0.9	0.000	0.000	0.000
19	  L	  0.3	  1.1	0.000	0.000	0.000
20	  G	  0.3	  0.7	0.000	0.000	0.000
21	  C	  0.2	  0.6	0.000	0.000	0.000
22	  K	  0.1	  0.4	0.000	0.000	0.000
23	  P	  0.1	  0.3	0.000	0.000	0.000
24	  T	  1.3	  0.3	0.000	0.000	0.000
25	  S	  1.5	  0.4	0.000	0.000	0.000
26	  K	  2.3	  0.2	0.000	0.000	0.000
27	  Y	  3.8	  0.2	0.000	0.000	0.000
28	  C	  3.8	  0.3	0.000	0.000	0.000
29	  A	  3.1	  0.4	0.000	0.000	0.000
30	  W	  0.5	  0.5	0.000	0.000	0.000
31	  D	  0.2	  0.6	0.000	0.000	0.000
32	  G	  0.1	  0.4	0.000	0.000	0.000
33	  T	  0.0	  0.2	0.000	0.000	0.000
34	  I	  0.0	  0.0	0.000	0.000	0.000
