res	aa	Beta	Turn	Helix	Aggregation	Conc-Stab_Aggregation
01	  E	  0.1	  0.0	0.000	0.000	0.000
02	  C	  0.4	  0.2	0.000	0.000	0.000
03	  L	  0.4	  0.2	0.000	0.000	0.000
04	  G	  0.4	  0.6	0.000	0.000	0.000
05	  F	  0.2	  1.3	0.000	0.000	0.000
06	  G	  0.1	  2.1	0.000	0.000	0.000
07	  K	  0.1	  2.4	0.000	0.000	0.000
08	  G	  0.1	  2.1	0.000	0.000	0.000
09	  C	  0.2	  1.4	0.000	0.000	0.000
10	  N	  0.2	  5.2	0.000	0.000	0.000
11	  P	  0.1	  5.2	0.000	0.000	0.000
12	  S	  0.0	  5.6	0.000	0.000	0.000
13	  N	  0.0	  5.8	0.000	0.000	0.000
14	  D	  0.1	  1.0	0.109	0.000	0.000
15	  Q	  1.8	  0.7	0.109	0.000	0.000
16	  C	  9.6	  0.3	0.109	0.000	0.000
17	  C	  9.9	  0.4	0.109	0.000	0.000
18	  K	  8.5	  0.3	0.109	0.000	0.000
19	  S	  1.2	  2.3	0.109	0.000	0.000
20	  A	  0.8	  2.3	0.000	0.000	0.000
21	  N	  0.7	  2.0	0.000	0.000	0.000
22	  L	  1.6	  2.0	0.000	0.000	0.000
23	  V	  2.5	  0.0	0.000	0.000	0.000
24	  C	  2.9	  0.1	0.000	0.000	0.000
25	  S	  1.8	  0.2	0.122	0.000	0.000
26	  R	  1.0	  0.2	0.122	0.000	0.000
27	  K	  0.4	  0.2	0.122	0.000	0.000
28	  H	  0.9	  0.1	0.122	0.000	0.000
29	  R	  0.8	  0.1	0.122	0.000	0.000
30	  W	  1.3	  0.0	0.122	0.000	0.000
31	  C	  0.9	  0.0	0.000	0.000	0.000
32	  K	  4.3	  0.0	0.000	0.000	0.000
33	  Y	  7.1	  0.0	0.000	0.000	0.000
34	  E	  6.9	  0.0	0.000	0.000	0.000
35	  I	  3.5	  0.0	0.000	0.000	0.000
