res	aa	Beta	Turn	Helix	Aggregation	Conc-Stab_Aggregation
01	  R	  1.2	  0.4	0.000	0.000	0.000
02	  Q	  1.3	  0.4	0.000	0.000	0.000
03	  D	  1.5	  0.4	0.000	0.000	0.000
04	  M	  0.9	  0.4	0.000	0.000	0.000
05	  V	  1.0	  0.0	0.000	0.000	0.000
06	  D	  0.8	  0.7	0.000	0.000	0.000
07	  E	  0.2	  0.8	0.000	0.000	0.000
08	  S	  0.8	  0.8	0.000	0.000	0.000
09	  V	  1.9	  0.7	0.000	1.261	1.261
10	  C	  3.2	  0.0	0.000	1.261	1.261
11	  Y	  3.2	  0.0	0.000	1.261	1.261
12	  I	  2.6	  0.0	0.000	1.261	1.261
13	  T	  1.3	  0.3	0.000	1.261	1.261
14	  D	  0.5	  1.6	0.000	0.000	0.000
15	  N	  0.1	  1.6	0.000	0.000	0.000
16	  N	  0.5	  3.6	0.000	0.000	0.000
17	  C	  0.6	  4.2	0.000	0.000	0.000
18	  N	  0.6	  4.0	0.000	0.000	0.000
19	  G	  0.1	  4.0	0.000	0.000	0.000
20	  G	  0.0	  2.0	0.158	0.000	0.000
21	  K	  0.5	  1.2	0.158	0.000	0.000
22	  C	  2.1	  0.1	0.158	0.000	0.000
23	  L	  2.6	  0.1	0.158	0.000	0.000
24	  R	  2.4	  0.1	0.158	0.000	0.000
25	  S	  0.9	  0.2	0.158	0.000	0.000
26	  K	  0.4	  0.2	0.000	0.000	0.000
27	  A	  0.5	  0.1	0.000	0.000	0.000
28	  C	  4.1	  0.1	0.000	0.000	0.000
29	  H	  4.1	  0.0	0.000	0.000	0.000
30	  A	  3.9	  0.0	0.000	0.000	0.000
31	  D	  0.2	  0.4	0.000	0.000	0.000
32	  P	  0.0	  0.4	0.000	0.000	0.000
33	  W	  1.3	  0.4	0.000	0.000	0.000
34	  E	  1.3	  0.4	0.000	0.000	0.000
35	  L	  1.3	  0.0	0.000	0.000	0.000
