res	aa	Beta	Turn	Helix	Aggregation	Conc-Stab_Aggregation
01	  K	  2.6	  0.0	0.000	0.000	0.000
02	  I	  5.1	  0.0	0.000	0.000	0.000
03	  K	  5.3	  0.0	0.000	0.000	0.000
04	  W	  3.4	  0.0	0.000	0.000	0.000
05	  F	  1.2	  0.2	0.000	0.000	0.000
06	  K	  1.2	  0.2	0.000	0.000	0.000
07	  T	  4.0	  0.2	0.128	0.000	0.000
08	  M	  4.1	  0.3	0.128	0.000	0.000
09	  K	  4.2	  0.1	0.128	0.000	0.000
10	  S	  1.1	  0.1	0.272	0.000	0.000
11	  I	  1.2	  0.1	0.272	0.000	0.000
12	  A	  0.9	  0.0	0.272	0.000	0.000
13	  K	  1.1	  0.0	0.272	0.000	0.000
14	  F	  2.2	  0.0	0.144	0.000	0.000
15	  I	  2.5	  0.0	0.144	0.000	0.000
16	  A	  2.1	  0.1	0.266	0.000	0.000
17	  K	  0.6	  0.1	0.378	0.000	0.000
18	  E	  0.1	  0.1	0.234	0.000	0.000
19	  Q	  1.2	  0.1	0.234	0.000	0.000
20	  M	  1.2	  0.1	0.234	0.000	0.000
21	  K	  1.2	  0.1	0.234	0.000	0.000
22	  K	  0.2	  0.1	0.234	0.000	0.000
23	  H	  0.3	  0.3	0.234	0.000	0.000
24	  L	  0.2	  1.1	0.000	0.000	0.000
25	  G	  0.1	  1.1	0.000	0.000	0.000
26	  G	  0.0	  1.0	0.000	0.000	0.000
27	  E	  0.0	  0.9	0.000	0.000	0.000
