res	aa	Beta	Turn	Helix	Aggregation	Conc-Stab_Aggregation
01	  D	  0.0	  0.2	0.000	0.000	0.000
02	  D	  0.0	  0.2	0.188	0.000	0.000
03	  C	  0.1	  0.4	0.188	0.000	0.000
04	  G	  0.0	  0.4	0.188	0.000	0.000
05	  T	  1.1	  0.1	0.188	0.000	0.000
06	  L	  1.7	  0.1	0.188	0.000	0.000
07	  F	  3.0	  0.5	0.188	0.000	0.000
08	  S	  2.0	  1.3	0.188	0.000	0.000
09	  G	  1.4	  1.3	0.000	0.000	0.000
10	  C	  0.2	  1.4	0.000	0.000	0.000
11	  D	  0.3	  1.4	0.000	0.000	0.000
12	  T	  1.3	  0.6	0.000	0.000	0.000
13	  S	  1.6	  3.3	0.000	0.000	0.000
14	  K	  1.6	  3.3	0.000	0.000	0.000
15	  D	  1.6	  2.9	0.104	0.000	0.000
16	  C	 12.8	  2.8	0.104	0.000	0.000
17	  C	 12.7	  0.7	0.104	0.000	0.000
18	  E	 11.7	  0.7	0.104	0.000	0.000
19	  G	  0.1	  0.7	0.104	1.247	1.247
20	  Y	  1.9	  0.7	0.104	15.398	15.398
21	  V	  2.9	  0.0	0.000	15.918	15.918
22	  C	  4.2	  0.0	0.000	15.918	15.918
23	  H	  2.8	  0.0	0.000	15.918	15.918
24	  L	  2.9	  0.0	0.000	15.918	15.918
25	  W	  2.2	  0.0	0.000	15.918	15.918
26	  C	  2.0	  0.0	0.000	6.186	6.186
27	  K	  1.9	  0.0	0.000	0.000	0.000
28	  Y	  1.3	  0.0	0.000	0.000	0.000
29	  K	  1.0	  0.0	0.000	0.000	0.000
