res	aa	Beta	Turn	Helix	Aggregation	Conc-Stab_Aggregation
01	  G	  0.0	  0.0	0.000	0.000	0.000
02	  L	  0.7	  0.0	0.000	0.416	0.416
03	  V	  2.1	  0.0	0.000	0.416	0.416
04	  S	  2.2	  0.1	0.000	0.416	0.416
05	  S	  1.6	  0.3	0.423	0.416	0.416
06	  I	  0.4	  0.6	0.423	0.416	0.416
07	  G	  0.3	  0.6	0.576	0.000	0.000
08	  R	  0.3	  0.7	0.576	0.000	0.000
09	  A	  0.3	  0.4	0.576	0.367	0.367
10	  L	  0.2	  0.7	0.576	0.799	0.799
11	  G	  0.1	  0.7	0.691	0.799	0.799
12	  G	  0.0	  0.6	0.795	0.799	0.799
13	  L	  0.2	  0.6	0.437	0.914	0.914
14	  L	  0.2	  0.3	0.437	0.914	0.914
15	  A	  0.3	  0.2	0.437	0.482	0.482
16	  D	  1.2	  0.2	0.585	0.115	0.115
17	  V	  3.9	  0.2	0.469	0.115	0.115
18	  V	  6.7	  0.1	0.469	0.115	0.115
19	  K	  6.1	  0.1	0.469	0.115	0.115
20	  S	  3.8	  0.2	0.275	0.000	0.000
21	  K	  1.1	  0.2	0.148	0.000	0.000
22	  E	  0.6	  0.1	0.000	0.000	0.000
23	  Q	  0.2	  0.1	0.000	0.000	0.000
24	  P	  0.0	  0.0	0.000	0.000	0.000
25	  A	  0.0	  0.0	0.000	0.000	0.000
