res	aa	Beta	Turn	Helix	Aggregation	Conc-Stab_Aggregation
01	  G	  0.0	  0.0	0.000	0.000	0.000
02	  L	  0.6	  0.0	0.000	47.526	47.526
03	  F	  5.6	  0.0	0.000	49.070	49.070
04	  S	  6.1	  0.0	0.286	49.273	49.273
05	  V	  6.0	  0.0	0.286	50.887	50.887
06	  L	  1.1	  0.0	0.286	50.948	50.948
07	  G	  0.6	  0.0	0.823	25.683	25.683
08	  A	  0.4	  0.0	0.823	23.240	23.240
09	  V	  1.1	  0.0	0.823	21.160	21.160
10	  A	  1.1	  0.1	0.823	9.762	9.762
11	  K	  1.0	  0.1	0.823	0.000	0.000
12	  H	  3.6	  0.1	0.650	0.000	0.000
13	  V	  3.9	  0.1	0.000	0.000	0.000
14	  L	  3.7	  0.2	0.000	0.000	0.000
15	  P	  0.4	  0.2	0.000	0.000	0.000
16	  H	  3.3	  0.2	0.000	0.000	0.000
17	  V	  3.8	  0.2	0.000	0.000	0.000
18	  V	  3.9	  0.0	0.000	0.000	0.000
19	  P	  0.6	  0.0	0.000	0.000	0.000
20	  V	  4.1	  0.0	0.000	0.000	0.000
21	  I	  4.4	  0.0	0.000	0.000	0.000
22	  A	  4.5	  0.1	0.000	0.000	0.000
23	  E	  0.4	  0.1	0.000	0.000	0.000
24	  K	  0.1	  0.1	0.000	0.000	0.000
25	  L	  0.0	  0.1	0.000	0.000	0.000
