res	aa	Beta	Turn	Helix	Aggregation	Conc-Stab_Aggregation
01	  G	  0.0	  0.0	0.000	0.000	0.000
02	  L	  0.4	  0.0	0.000	0.233	0.233
03	  L	  0.7	  0.1	0.000	0.233	0.233
04	  S	  0.8	  0.2	0.000	0.233	0.233
05	  S	  5.8	  0.5	0.000	0.233	0.233
06	  L	  5.8	  0.6	0.000	0.233	0.233
07	  S	  5.9	  0.5	0.445	0.000	0.000
08	  S	  1.0	  0.4	0.445	0.000	0.000
09	  V	  1.4	  0.1	0.445	0.000	0.000
10	  A	  1.3	  0.1	0.445	0.000	0.000
11	  K	  1.0	  0.1	0.445	0.000	0.000
12	  H	  3.6	  0.1	0.445	0.000	0.000
13	  V	  3.9	  0.1	0.000	0.000	0.000
14	  L	  3.7	  0.2	0.000	0.000	0.000
15	  P	  0.4	  0.2	0.000	0.000	0.000
16	  H	  3.3	  0.2	0.000	0.000	0.000
17	  V	  3.8	  0.2	0.000	0.000	0.000
18	  V	  3.9	  0.0	0.000	0.000	0.000
19	  P	  0.6	  0.0	0.000	0.000	0.000
20	  V	  4.1	  0.0	0.000	0.000	0.000
21	  I	  4.4	  0.0	0.000	0.000	0.000
22	  A	  4.5	  0.1	0.000	0.000	0.000
23	  E	  0.5	  0.1	0.000	0.000	0.000
24	  H	  0.1	  0.1	0.000	0.000	0.000
25	  L	  0.0	  0.1	0.000	0.000	0.000
