res	aa	Beta	Turn	Helix	Aggregation	Conc-Stab_Aggregation
01	  G	  0.0	  0.0	0.000	0.000	0.000
02	  L	  0.4	  0.3	0.000	0.000	0.000
03	  L	  0.4	  0.6	0.000	0.000	0.000
04	  D	  0.4	  0.6	0.000	0.000	0.000
05	  G	  0.1	  0.6	0.000	0.000	0.000
06	  L	  0.1	  0.3	0.000	0.000	0.000
07	  L	  0.1	  0.2	0.000	0.000	0.000
08	  G	  0.1	  0.2	0.000	0.000	0.000
09	  T	  0.1	  0.2	0.000	0.000	0.000
10	  L	  0.2	  0.2	0.000	0.000	0.000
11	  G	  0.2	  0.1	0.000	0.000	0.000
12	  L	  0.1	  0.0	0.000	0.000	0.000
