res	aa	Beta	Turn	Helix	Aggregation	Conc-Stab_Aggregation
01	  I	  2.0	  0.0	0.000	0.000	0.000
02	  I	  3.5	  0.0	0.000	0.000	0.000
03	  C	  3.7	  0.0	0.000	0.000	0.000
04	  A	  1.7	  0.7	0.000	0.000	0.000
05	  P	  0.1	  1.0	0.000	0.000	0.000
06	  E	  0.0	  1.0	0.000	0.000	0.000
07	  G	  0.0	  1.1	0.000	0.000	0.000
08	  G	  0.0	  0.5	0.000	0.000	0.000
09	  P	  0.0	  0.2	0.000	0.000	0.000
10	  C	  5.9	  0.2	0.000	0.217	0.217
11	  V	  6.4	  0.1	0.000	0.217	0.217
12	  A	  6.5	  0.1	0.000	0.217	0.217
13	  G	  0.7	  0.3	0.000	0.217	0.217
14	  I	  0.2	  0.6	0.000	0.217	0.217
15	  G	  0.2	  0.6	0.000	0.000	0.000
16	  C	 21.3	  0.5	0.000	0.000	0.000
17	  C	 21.3	  0.6	0.000	0.000	0.000
18	  A	 21.3	  0.3	0.000	0.000	0.000
19	  G	  0.4	  0.3	0.000	0.000	0.000
20	  L	  2.6	  0.3	0.000	0.000	0.000
21	  R	  3.4	  0.0	0.000	0.000	0.000
22	  C	  3.7	  0.5	0.113	0.000	0.000
23	  S	  1.2	  0.7	0.113	0.000	0.000
24	  G	  0.3	  0.7	0.236	0.000	0.000
25	  A	  0.3	  0.9	0.236	0.000	0.000
26	  K	  0.4	  0.4	0.236	0.000	0.000
27	  L	  0.4	  0.2	0.236	0.000	0.000
28	  G	  0.3	  0.2	0.236	0.000	0.000
29	  L	  0.2	  0.5	0.123	0.000	0.000
30	  A	  0.1	  0.7	0.000	0.000	0.000
31	  G	  0.1	  0.8	0.000	0.000	0.000
32	  S	  3.0	  0.8	0.000	0.000	0.000
33	  C	  3.0	  0.3	0.000	0.000	0.000
34	  Q	  2.9	  0.0	0.000	0.000	0.000
