res	aa	Beta	Turn	Helix	Aggregation	Conc-Stab_Aggregation
01	  G	  0.0	  0.0	0.559	0.000	0.000
02	  L	  0.1	  0.0	0.559	1.705	1.705
03	  L	  0.2	  0.0	0.559	1.705	1.705
04	  Q	  0.3	  0.0	0.559	1.705	1.705
05	  T	 11.1	  0.0	3.428	1.705	1.705
06	  I	 11.7	  0.1	3.428	1.705	1.705
07	  K	 11.8	  0.1	3.553	0.000	0.000
08	  E	  1.0	  0.1	3.643	0.000	0.000
09	  K	  1.1	  0.1	3.643	0.000	0.000
10	  L	  1.0	  0.2	3.444	0.000	0.000
11	  K	  1.1	  0.1	3.180	0.000	0.000
12	  E	  0.5	  0.1	2.405	0.000	0.000
13	  F	  0.8	  0.4	1.951	3.583	3.583
14	  A	  0.7	  1.2	0.605	3.583	3.583
15	  G	  0.4	  1.2	0.420	3.583	3.583
16	  G	  0.0	  1.2	0.131	3.807	3.807
17	  V	  2.9	  0.9	0.000	6.543	6.543
18	  V	  3.5	  0.0	0.000	6.393	6.393
19	  T	  3.5	  0.0	0.000	4.561	4.561
20	  G	  0.7	  0.0	0.000	3.451	3.451
21	  V	  1.7	  0.0	0.000	3.451	3.451
22	  Q	  1.6	  0.0	0.000	0.258	0.258
23	  S	  1.6	  0.0	0.000	0.000	0.000
