res	aa	Beta	Turn	Helix	Aggregation	Conc-Stab_Aggregation
01	  I	  3.7	  0.0	0.000	0.000	0.000
02	  N	  4.2	  0.0	3.890	0.000	0.000
03	  W	  4.7	  0.0	4.145	0.000	0.000
04	  K	  1.3	  0.0	4.145	0.000	0.000
05	  A	  1.4	  0.0	4.145	0.000	0.000
06	  I	  2.4	  0.0	4.145	0.000	0.000
07	  I	  3.1	  0.0	4.531	0.000	0.000
08	  E	  2.5	  0.0	4.531	0.000	0.000
09	  A	  1.0	  0.0	4.340	0.000	0.000
10	  A	  0.2	  0.1	3.974	0.000	0.000
11	  K	  0.3	  0.1	3.162	0.000	0.000
12	  Q	  0.3	  0.1	1.672	0.000	0.000
13	  A	  0.3	  0.1	0.307	0.000	0.000
14	  L	  0.1	  0.0	0.116	0.000	0.000
