res	aa	Beta	Turn	Helix	Aggregation	Conc-Stab_Aggregation
01	  I	  3.8	  0.0	0.000	0.000	0.000
02	  N	  3.8	  0.0	0.244	0.000	0.000
03	  W	  4.2	  0.0	0.362	0.000	0.000
04	  L	  1.8	  0.1	0.362	0.000	0.000
05	  K	  1.9	  0.2	0.362	0.000	0.000
06	  L	  1.4	  0.3	0.362	0.000	0.000
07	  G	  0.1	  0.4	0.362	0.000	0.000
08	  K	  0.2	  0.3	0.233	0.000	0.000
09	  K	  1.4	  0.1	0.000	0.000	0.000
10	  V	  3.4	  0.1	0.000	0.000	0.000
11	  S	  3.5	  0.0	0.000	0.000	0.000
12	  A	  2.8	  0.0	0.000	0.000	0.000
13	  I	  0.8	  0.0	0.000	0.000	0.000
14	  L	  0.5	  0.0	0.000	0.000	0.000
