res	aa	Beta	Turn	Helix	Aggregation	Conc-Stab_Aggregation
01	  G	  0.0	  0.0	0.000	0.000	0.000
02	  L	  0.5	  0.0	0.000	0.000	0.000
03	  M	  0.9	  0.1	0.000	0.000	0.000
04	  S	  1.0	  0.1	0.000	0.000	0.000
05	  S	  0.7	  0.4	0.367	0.000	0.000
06	  I	  0.4	  0.6	0.367	0.000	0.000
07	  G	  0.3	  0.5	0.496	0.000	0.000
08	  K	  0.2	  0.7	0.496	0.000	0.000
09	  A	  0.2	  0.3	0.496	4.567	4.567
10	  L	  0.1	  0.7	0.496	9.944	9.944
11	  G	  0.1	  0.6	0.496	10.098	10.098
12	  G	  0.0	  0.5	0.433	10.098	10.098
13	  L	  1.3	  0.5	0.122	10.098	10.098
14	  I	  2.2	  0.0	0.122	10.098	10.098
15	  V	 10.4	  0.0	0.122	9.341	9.341
16	  D	  9.2	  0.0	0.122	0.000	0.000
17	  V	 10.5	  0.0	0.122	0.000	0.000
18	  L	  2.3	  0.0	0.122	0.000	0.000
19	  K	  2.2	  0.1	0.122	0.000	0.000
20	  P	  0.1	  0.1	0.000	0.000	0.000
21	  K	  0.1	  0.1	0.000	0.000	0.000
22	  T	  0.1	  0.1	0.000	0.000	0.000
23	  P	  0.1	  0.0	0.000	0.000	0.000
24	  A	  0.0	  0.0	0.000	0.000	0.000
25	  S	  0.0	  0.0	0.000	0.000	0.000
