res	aa	Beta	Turn	Helix	Aggregation	Conc-Stab_Aggregation
01	  K	  0.5	  0.0	0.000	0.000	0.000
02	  W	  2.4	  0.0	0.000	0.000	0.000
03	  C	  5.4	  0.0	0.000	0.000	0.000
04	  F	  8.5	  0.0	0.000	0.000	0.000
05	  R	  6.8	  0.0	0.000	0.000	0.000
06	  V	  4.8	  0.0	0.000	0.000	0.000
07	  C	  4.0	  0.0	0.263	0.000	0.000
08	  Y	  5.0	  0.3	0.263	0.000	0.000
09	  R	  4.2	  0.3	0.263	0.000	0.000
10	  G	  1.4	  0.3	0.263	0.000	0.000
11	  I	  1.4	  0.3	0.263	0.000	0.000
12	  C	  4.3	  0.0	0.263	0.000	0.000
13	  Y	  6.1	  0.1	0.263	0.000	0.000
14	  R	  5.0	  0.1	0.263	0.000	0.000
15	  R	  3.0	  0.1	0.109	0.000	0.000
16	  C	  1.1	  0.1	0.000	0.000	0.000
17	  R	  1.0	  0.0	0.000	0.000	0.000
