res	aa	Beta	Turn	Helix	Aggregation	Conc-Stab_Aggregation
01	  R	  2.6	  0.0	0.000	0.000	0.000
02	  I	  7.7	  0.0	0.000	0.000	0.000
03	  K	  8.0	  0.0	0.000	0.000	0.000
04	  I	  5.7	  0.2	0.000	0.000	0.000
05	  G	  0.5	  0.2	0.000	0.000	0.000
06	  L	  0.6	  0.2	0.000	0.000	0.000
07	  F	  1.3	  0.3	0.000	0.000	0.000
08	  D	  1.3	  0.2	0.000	0.000	0.000
09	  Q	  1.7	  0.2	0.000	0.000	0.000
10	  L	  0.8	  0.2	0.000	0.000	0.000
11	  S	  0.9	  0.1	0.000	0.000	0.000
12	  R	  0.2	  0.0	0.000	0.000	0.000
13	  L	  0.1	  0.0	0.000	0.000	0.000
