res	aa	Beta	Turn	Helix	Aggregation	Conc-Stab_Aggregation
01	  K	  0.1	  0.1	0.000	0.000	0.000
02	  A	  0.3	  0.3	0.000	0.000	0.000
03	  S	  1.2	  1.2	0.000	0.000	0.000
04	  S	  1.2	  1.2	0.000	0.000	0.000
05	  S	  1.1	  1.1	0.000	0.000	0.000
06	  A	  0.3	  1.6	0.000	0.000	0.000
07	  P	  0.1	  1.1	0.000	0.000	0.000
08	  K	  0.0	  1.1	0.000	0.000	0.000
09	  G	  0.1	  1.1	0.000	0.000	0.000
10	  W	  2.4	  0.6	0.000	0.000	0.000
11	  T	  3.8	  0.1	0.000	0.000	0.000
12	  H	  3.9	  0.5	0.000	0.000	0.000
13	  H	  1.7	  1.1	0.000	0.000	0.000
14	  G	  0.3	  1.1	0.000	0.000	0.000
15	  S	  0.2	  1.1	0.000	0.000	0.000
16	  R	  1.7	  0.6	0.000	0.000	0.000
17	  F	 13.6	  0.1	0.000	0.000	0.000
18	  T	 19.8	  0.0	0.000	0.000	0.000
19	  F	 19.5	  0.0	0.000	0.000	0.000
20	  H	  8.0	  0.5	0.000	0.000	0.000
21	  R	  1.4	  0.6	0.000	0.000	0.000
22	  G	  0.2	  0.6	0.000	0.000	0.000
23	  S	  0.0	  0.6	0.000	0.000	0.000
24	  M	  0.0	  0.2	0.000	0.000	0.000
