res	aa	Beta	Turn	Helix	Aggregation	Conc-Stab_Aggregation
01	  I	  1.1	  0.0	0.000	0.000	0.000
02	  L	  1.1	  0.1	0.000	3.500	3.500
03	  G	  1.2	  0.1	0.116	3.614	3.614
04	  T	  2.7	  0.1	0.459	7.085	7.085
05	  I	  3.8	  0.1	0.580	11.941	11.941
06	  L	  3.9	  0.0	0.580	11.941	11.941
07	  G	  1.2	  0.0	0.580	10.492	10.492
08	  L	  0.3	  0.0	0.580	10.360	10.360
09	  L	  0.3	  0.3	0.580	9.568	9.568
10	  K	  0.3	  0.2	0.580	0.000	0.000
11	  G	  0.1	  0.2	0.580	0.000	0.000
12	  L	  0.0	  0.2	0.000	0.000	0.000
