res	aa	Beta	Turn	Helix	Aggregation	Conc-Stab_Aggregation
01	  E	  0.1	  0.0	0.000	0.000	0.000
02	  A	  0.3	  0.0	0.000	0.000	0.000
03	  C	  3.4	  0.1	0.000	0.000	0.000
04	  Y	  4.4	  0.1	0.000	0.000	0.000
05	  N	  4.2	  0.6	0.409	0.000	0.000
06	  A	  1.1	  0.8	0.409	0.000	0.000
07	  G	  0.1	  0.7	0.409	0.000	0.000
08	  T	  9.1	  0.7	0.409	0.000	0.000
09	  F	 10.5	  0.5	0.409	0.000	0.000
10	  C	 10.7	  0.4	0.409	0.000	0.000
11	  G	  2.0	  0.4	0.409	0.000	0.000
12	  I	  0.8	  0.4	0.129	0.000	0.000
13	  K	  0.5	  0.6	0.129	0.000	0.000
14	  P	  0.4	  0.5	0.000	0.000	0.000
15	  G	  0.0	  0.5	0.000	0.267	0.267
16	  L	  4.6	  0.5	0.000	2.501	2.501
17	  C	 13.3	  0.0	0.000	2.851	2.851
18	  C	 16.7	  0.0	0.000	3.973	3.973
19	  S	 12.4	  0.0	0.347	7.346	7.346
20	  A	  4.3	  0.0	0.347	34.739	34.739
21	  I	  1.7	  0.0	0.347	67.816	67.816
22	  C	  2.9	  0.1	0.347	70.650	70.650
23	  L	  4.8	  0.1	0.347	77.721	77.721
24	  S	  4.2	  0.1	0.347	78.846	78.846
25	  F	  4.6	  0.1	0.177	81.189	81.189
26	  V	  4.2	  0.0	0.000	80.525	80.525
27	  C	  5.8	  0.0	0.000	69.935	69.935
28	  I	  7.9	  0.0	0.000	65.926	65.926
29	  S	 13.2	  0.3	0.000	18.575	18.575
30	  F	 12.3	  0.3	0.000	15.672	15.672
31	  D	  8.6	  0.3	0.000	0.000	0.000
32	  F	  1.6	  0.3	0.000	0.000	0.000
