res	aa	Beta	Turn	Helix	Aggregation	Conc-Stab_Aggregation
01	  I	  0.1	  1.2	0.000	0.000	0.000
02	  G	  0.1	  1.2	0.000	0.211	0.211
03	  G	  0.2	  1.2	0.000	1.345	1.345
04	  I	  2.1	  1.3	0.000	25.520	25.520
05	  I	  6.1	  0.0	0.000	25.520	25.520
06	  S	  7.0	  0.0	0.000	25.520	25.520
07	  F	  6.3	  0.0	0.000	25.520	25.520
08	  F	  3.1	  0.1	0.000	25.328	25.328
09	  K	  2.2	  0.2	0.000	0.000	0.000
10	  R	  1.9	  0.2	0.000	0.000	0.000
11	  L	  1.0	  0.2	0.000	0.000	0.000
12	  F	  0.9	  0.0	0.000	0.000	0.000
