res	aa	Beta	Turn	Helix	Aggregation	Conc-Stab_Aggregation
01	  F	  0.4	  0.0	0.000	0.000	0.000
02	  I	  0.5	  1.2	0.000	4.359	4.359
03	  G	  0.5	  1.2	0.000	4.458	4.458
04	  G	  0.2	  1.2	0.000	6.859	6.859
05	  I	  2.1	  1.3	0.000	29.122	29.122
06	  I	  6.1	  0.0	0.000	29.122	29.122
07	  S	  7.0	  0.0	0.000	28.287	28.287
08	  F	  6.3	  0.0	0.000	28.181	28.181
09	  F	  3.1	  0.1	0.000	27.214	27.214
10	  K	  2.2	  0.2	0.000	0.000	0.000
11	  R	  1.9	  0.2	0.000	0.000	0.000
12	  L	  1.0	  0.2	0.000	0.000	0.000
13	  F	  0.9	  0.0	0.000	0.000	0.000
