res	aa	Beta	Turn	Helix	Aggregation	Conc-Stab_Aggregation
01	  F	  0.4	  0.0	0.000	0.000	0.000
02	  I	  0.5	  1.2	0.000	2.773	2.773
03	  G	  0.5	  1.2	0.000	2.773	2.773
04	  G	  0.2	  1.2	0.295	3.930	3.930
05	  I	  2.1	  1.2	0.295	14.446	14.446
06	  I	  5.6	  0.0	0.295	14.446	14.446
07	  S	  5.8	  0.0	1.032	13.448	13.448
08	  L	  4.2	  0.0	1.032	13.322	13.322
09	  I	  1.1	  0.0	1.032	12.808	12.808
10	  K	  0.8	  0.1	1.032	0.000	0.000
11	  K	  0.8	  0.1	0.844	0.000	0.000
12	  L	  0.4	  0.1	0.737	0.000	0.000
13	  F	  0.4	  0.0	0.375	0.000	0.000
