res	aa	Beta	Turn	Helix	Aggregation	Conc-Stab_Aggregation
01	  L	  0.1	  0.4	0.000	0.000	0.000
02	  F	  0.3	  0.4	0.000	0.907	0.907
03	  G	  0.3	  0.4	0.000	0.907	0.907
04	  F	  1.6	  0.4	0.000	0.907	0.907
05	  L	  1.5	  0.0	0.000	0.907	0.907
06	  I	  1.5	  0.0	0.000	0.907	0.907
07	  P	  0.1	  0.0	0.000	0.428	0.428
08	  L	  0.1	  0.0	0.000	0.000	0.000
09	  L	  0.1	  0.2	0.000	0.000	0.000
10	  P	  0.1	  0.2	0.000	0.000	0.000
11	  H	  1.0	  0.2	0.000	0.000	0.000
12	  L	  1.1	  0.2	0.000	0.000	0.000
13	  I	  1.1	  0.1	0.000	0.000	0.000
14	  G	  0.2	  0.1	0.000	0.000	0.000
15	  A	  0.1	  0.1	0.000	0.000	0.000
16	  I	  0.1	  0.1	0.000	0.000	0.000
17	  P	  0.1	  0.0	0.000	0.000	0.000
18	  Q	  0.3	  0.0	0.000	1.250	1.250
19	  V	  1.3	  0.0	0.000	31.367	31.367
20	  I	  1.4	  0.1	0.000	31.367	31.367
21	  G	  1.1	  0.1	0.000	31.367	31.367
22	  A	  0.4	  0.1	0.000	31.367	31.367
23	  I	  0.4	  0.1	0.000	31.367	31.367
24	  R	  0.4	  0.0	0.000	0.000	0.000
