res	aa	Beta	Turn	Helix	Aggregation	Conc-Stab_Aggregation
01	  L	  0.1	  0.3	0.000	0.000	0.000
02	  F	  0.3	  0.4	0.000	24.289	24.289
03	  G	  0.3	  0.4	0.356	24.289	24.289
04	  F	  1.0	  0.4	0.356	24.289	24.289
05	  L	  1.1	  0.0	0.356	24.289	24.289
06	  I	  6.5	  0.0	0.356	24.289	24.289
07	  K	  6.6	  0.0	0.356	0.000	0.000
08	  L	  6.3	  0.0	0.356	0.000	0.000
09	  I	  1.1	  0.2	0.248	0.000	0.000
10	  P	  0.1	  0.3	0.000	0.000	0.000
11	  S	  0.3	  0.3	0.000	0.248	0.248
12	  L	  0.4	  0.4	0.000	2.479	2.479
13	  F	  0.6	  1.2	0.000	2.479	2.479
14	  G	  0.3	  1.2	0.000	2.479	2.479
15	  A	  0.4	  1.2	0.000	2.479	2.479
16	  L	  0.3	  1.2	0.000	2.479	2.479
17	  S	  0.3	  0.2	0.000	0.247	0.247
18	  N	  0.1	  0.5	0.000	0.000	0.000
19	  I	  0.2	  1.2	0.000	0.000	0.000
20	  G	  0.1	  1.2	0.000	0.000	0.000
21	  R	  0.1	  1.3	0.000	0.000	0.000
22	  N	  0.1	  2.4	0.000	0.000	0.000
23	  R	  0.1	  1.8	0.000	0.000	0.000
24	  N	  0.1	  1.5	0.000	0.000	0.000
25	  Q	  0.1	  1.5	0.000	0.000	0.000
