res	aa	Beta	Turn	Helix	Aggregation	Conc-Stab_Aggregation
01	  W	  0.7	  0.0	1.927	0.000	0.000
02	  W	  1.0	  0.1	5.282	0.000	0.000
03	  R	  1.1	  0.1	6.930	0.000	0.000
04	  E	  0.4	  0.1	7.726	0.000	0.000
05	  L	  0.3	  0.1	7.887	0.000	0.000
06	  L	  0.3	  0.1	8.098	0.000	0.000
07	  K	  0.3	  0.1	8.098	0.000	0.000
08	  K	  0.4	  0.1	7.567	0.000	0.000
09	  L	  0.5	  0.1	6.355	0.623	0.623
10	  A	  0.8	  0.0	5.984	0.740	0.740
11	  F	  5.6	  0.0	5.070	0.740	0.740
12	  T	  5.6	  0.1	0.225	0.740	0.740
13	  A	  5.4	  0.6	0.225	0.740	0.740
14	  A	  0.3	  0.7	0.225	0.403	0.403
15	  G	  0.1	  0.7	0.097	0.000	0.000
16	  H	  0.2	  0.9	0.144	0.000	0.000
17	  L	  0.2	  0.6	0.144	0.231	0.231
18	  G	  0.2	  0.5	1.118	0.231	0.231
19	  S	  0.6	  0.4	2.122	0.397	0.397
20	  V	  1.6	  0.1	2.282	0.397	0.397
21	  L	  1.7	  0.0	2.282	0.397	0.397
22	  A	  1.2	  0.0	2.282	0.166	0.166
23	  A	  0.2	  0.1	2.282	0.166	0.166
24	  K	  0.2	  0.3	2.038	0.000	0.000
25	  Q	  0.2	  0.5	0.637	0.000	0.000
26	  S	  0.1	  0.5	0.000	0.000	0.000
27	  G	  0.0	  0.4	0.000	0.000	0.000
28	  W	  0.0	  0.2	0.000	0.000	0.000
