res	aa	Beta	Turn	Helix	Aggregation	Conc-Stab_Aggregation
01	  F	  0.4	  0.0	0.000	0.000	0.000
02	  I	  0.5	  1.2	0.000	4.157	4.157
03	  G	  0.5	  1.2	0.000	4.247	4.247
04	  G	  0.2	  1.2	0.000	6.484	6.484
05	  I	  2.1	  1.3	0.000	26.823	26.823
06	  I	  6.1	  0.0	0.000	26.823	26.823
07	  S	  6.8	  0.0	0.475	25.965	25.965
08	  F	  6.0	  0.0	0.475	25.856	25.856
09	  I	  2.4	  0.0	0.475	24.862	24.862
10	  K	  1.6	  0.1	0.475	0.000	0.000
11	  K	  0.8	  0.1	0.475	0.000	0.000
12	  L	  0.4	  0.1	0.475	0.000	0.000
13	  F	  0.4	  0.0	0.219	0.000	0.000
