res	aa	Beta	Turn	Helix	Aggregation	Conc-Stab_Aggregation
01	  C	  4.0	  0.1	0.000	0.000	0.000
02	  S	  5.0	  0.1	0.000	0.000	0.000
03	  C	  5.2	  0.7	0.000	0.000	0.000
04	  A	  1.2	  0.7	0.000	0.000	0.000
05	  D	  0.4	  0.8	0.000	0.000	0.000
06	  M	  0.5	  0.9	0.000	0.000	0.000
07	  T	  0.6	  0.3	2.923	0.000	0.000
08	  D	  0.5	  0.5	3.529	0.000	0.000
09	  K	  0.4	  0.4	3.529	0.000	0.000
10	  E	  0.3	  0.3	3.529	0.000	0.000
11	  C	  0.7	  0.3	3.529	4.434	4.434
12	  L	  1.1	  0.0	3.529	4.434	4.434
13	  Y	  5.4	  0.0	3.151	4.434	4.434
14	  F	  6.8	  0.0	1.838	4.434	4.434
15	  C	  8.2	  0.0	0.102	4.434	4.434
16	  H	  4.0	  0.4	0.000	0.129	0.129
17	  Q	  2.5	  0.4	0.000	0.000	0.000
18	  D	  2.3	  0.4	0.000	0.000	0.000
19	  V	  5.8	  0.3	0.000	0.000	0.000
20	  I	  5.5	  0.0	0.000	0.000	0.000
21	  W	  3.8	  0.0	0.000	0.000	0.000
