res	aa	Beta	Turn	Helix	Aggregation	Conc-Stab_Aggregation
01	  R	  0.2	  0.3	0.000	0.000	0.000
02	  A	  0.2	  0.4	0.000	0.000	0.000
03	  D	  0.3	  0.4	0.100	0.000	0.000
04	  T	  0.7	  0.4	0.100	0.000	0.000
05	  Q	  1.3	  0.1	0.100	0.000	0.000
06	  T	 35.4	  0.1	0.100	0.000	0.000
07	  Y	 35.2	  0.0	0.100	0.000	0.000
08	  Q	 34.5	  0.1	0.100	0.000	0.000
09	  P	  0.4	  0.1	0.000	0.000	0.000
10	  Y	  0.4	  0.1	0.000	0.000	0.000
11	  N	  0.4	  1.3	0.864	0.000	0.000
12	  K	  0.5	  1.2	0.864	0.000	0.000
13	  D	  0.4	  1.2	2.803	0.000	0.000
14	  W	  1.0	  1.2	4.297	0.000	0.000
15	  I	  1.6	  0.0	5.333	0.000	0.000
16	  K	  1.6	  0.1	5.456	0.000	0.000
17	  E	  1.0	  0.1	5.733	0.024	0.024
18	  K	  0.6	  0.1	5.733	0.024	0.024
19	  I	  1.7	  0.0	5.465	82.081	82.081
20	  Y	  3.2	  0.0	5.598	82.081	82.081
21	  V	  6.3	  0.0	5.280	82.081	82.081
22	  L	  5.1	  0.0	5.280	82.081	82.081
23	  L	  3.8	  0.0	5.552	82.081	82.081
24	  R	  0.7	  0.1	5.552	0.000	0.000
25	  R	  0.7	  0.1	3.378	0.000	0.000
26	  Q	  0.8	  0.1	1.808	0.000	0.000
27	  A	  0.4	  0.1	0.740	0.000	0.000
28	  Q	  0.3	  0.1	0.740	0.000	0.000
29	  Q	  0.2	  0.6	0.221	0.000	0.000
30	  A	  0.1	  0.6	0.000	0.000	0.000
31	  G	  0.0	  0.5	0.000	0.000	0.000
32	  K	  0.0	  0.5	0.000	0.000	0.000
