res	aa	Beta	Turn	Helix	Aggregation	Conc-Stab_Aggregation
01	  A	  0.1	  0.0	0.000	0.000	0.000
02	  L	  0.5	  0.0	0.000	19.577	19.577
03	  W	  1.2	  0.0	0.111	20.542	20.542
04	  F	  6.0	  0.0	0.111	20.542	20.542
05	  T	  6.4	  0.0	1.103	20.542	20.542
06	  M	  6.0	  0.0	1.103	20.542	20.542
07	  L	  1.2	  0.0	1.103	14.837	14.837
08	  K	  0.4	  0.1	1.103	0.000	0.000
09	  K	  0.3	  0.1	1.103	0.000	0.000
10	  L	  0.2	  0.4	0.992	0.000	0.000
11	  G	  0.1	  0.3	1.205	0.000	0.000
12	  T	  0.5	  0.2	1.058	0.000	0.000
13	  M	  0.9	  0.2	1.058	0.000	0.000
14	  A	  1.1	  0.0	1.058	0.000	0.000
15	  L	  1.0	  0.0	1.058	0.000	0.000
16	  H	  0.7	  1.3	1.203	0.000	0.000
17	  A	  0.4	  1.4	0.865	0.000	0.000
18	  G	  0.2	  1.4	1.275	0.000	0.000
19	  K	  0.2	  1.4	0.971	0.000	0.000
20	  A	  0.3	  0.3	0.678	0.000	0.000
21	  A	  0.3	  0.2	0.678	0.000	0.000
22	  L	  0.2	  0.3	0.678	0.000	0.000
23	  G	  0.1	  0.3	0.532	0.000	0.000
24	  A	  0.1	  0.1	0.222	0.000	0.000
25	  A	  0.1	  0.3	0.000	0.000	0.000
26	  A	  0.1	  0.2	0.000	0.000	0.000
27	  N	  1.2	  0.2	0.000	0.000	0.000
28	  T	 14.4	  0.2	0.000	0.000	0.000
29	  I	 15.3	  0.1	0.000	0.000	0.000
30	  S	 14.3	  0.3	0.000	0.000	0.000
31	  Q	  1.2	  0.4	0.000	0.000	0.000
32	  G	  0.0	  0.4	0.000	0.000	0.000
33	  T	  0.0	  0.3	0.000	0.000	0.000
34	  Q	  0.0	  0.1	0.000	0.000	0.000
