res	aa	Beta	Turn	Helix	Aggregation	Conc-Stab_Aggregation
01	  G	  0.0	  0.0	0.000	0.000	0.000
02	  L	  0.4	  0.0	0.000	0.000	0.000
03	  W	  1.7	  0.1	0.000	0.000	0.000
04	  S	  2.0	  0.1	0.120	0.000	0.000
05	  K	  4.1	  0.1	0.120	0.000	0.000
06	  I	  4.4	  0.1	0.120	0.000	0.000
07	  K	  4.4	  0.1	0.120	0.000	0.000
08	  T	  1.9	  0.7	0.120	0.000	0.000
09	  A	  0.5	  0.8	0.120	0.000	0.000
10	  G	  0.1	  0.9	0.120	0.000	0.000
11	  K	  0.5	  0.9	0.000	0.000	0.000
12	  S	  1.1	  0.3	0.460	0.000	0.000
13	  V	  1.8	  0.1	0.674	0.000	0.000
14	  A	  1.4	  0.0	0.967	0.000	0.000
15	  K	  0.9	  0.0	1.203	0.000	0.000
16	  A	  0.2	  0.0	1.203	0.000	0.000
17	  A	  0.2	  0.0	1.203	0.000	0.000
18	  A	  0.2	  0.0	1.203	0.000	0.000
19	  K	  0.2	  0.0	1.071	0.000	0.000
20	  A	  0.3	  0.0	0.236	0.000	0.000
21	  A	  0.9	  0.0	0.236	0.000	0.000
22	  V	  2.9	  0.0	0.124	0.000	0.000
23	  K	  3.0	  0.0	0.124	0.000	0.000
24	  A	  2.8	  0.0	0.000	0.000	0.000
25	  V	  2.5	  0.0	0.000	0.000	0.000
26	  T	  2.3	  0.0	0.000	0.000	0.000
27	  N	  2.0	  0.0	0.000	0.000	0.000
28	  A	  0.2	  0.0	0.000	0.000	0.000
29	  V	  0.1	  0.0	0.000	0.000	0.000
