res	aa	Beta	Turn	Helix	Aggregation	Conc-Stab_Aggregation
01	  G	  0.1	  0.0	0.000	0.000	0.000
02	  Y	  2.6	  0.0	0.000	0.000	0.000
03	  Q	  3.0	  0.0	0.000	0.000	0.000
04	  V	  5.1	  0.0	0.000	0.000	0.000
05	  D	  2.8	  0.0	0.000	0.000	0.000
06	  C	  3.8	  0.0	0.000	0.000	0.000
07	  V	  5.4	  0.0	0.000	0.000	0.000
08	  S	 13.4	  0.4	0.000	0.000	0.000
09	  Y	 15.0	  0.4	0.000	0.000	0.000
10	  N	 12.1	  1.1	0.121	0.000	0.000
11	  Y	  4.1	  1.3	0.121	0.000	0.000
12	  D	  1.0	  0.9	0.121	0.000	0.000
13	  N	  1.7	  1.3	0.229	0.000	0.000
14	  V	  1.7	  0.6	0.229	0.000	0.000
15	  N	  1.6	  1.6	1.229	0.000	0.000
16	  E	  0.3	  1.6	1.108	0.000	0.000
17	  N	  0.0	  1.2	1.108	0.000	0.000
18	  L	  0.1	  1.2	1.108	0.000	0.000
19	  A	  0.1	  0.1	1.108	0.000	0.000
20	  Q	  1.3	  0.1	1.108	0.000	0.000
21	  Q	  2.7	  0.1	0.244	0.000	0.000
22	  F	  3.9	  0.1	0.000	0.000	0.000
23	  V	  3.6	  0.1	0.000	0.000	0.000
24	  D	  2.3	  0.2	0.000	0.000	0.000
25	  T	  1.1	  0.2	0.000	0.000	0.000
26	  Q	  0.3	  0.2	0.000	0.000	0.000
27	  G	  0.1	  0.2	0.000	0.000	0.000
