res	aa	Beta	Turn	Helix	Aggregation	Conc-Stab_Aggregation
01	  G	  0.0	  0.0	0.000	0.000	0.000
02	  I	  1.6	  0.0	0.000	31.266	31.266
03	  M	  3.4	  0.0	0.000	31.266	31.266
04	  S	  4.0	  0.0	0.000	31.266	31.266
05	  I	  5.2	  0.0	0.000	31.266	31.266
06	  V	  4.7	  0.1	0.000	31.266	31.266
07	  K	  4.3	  0.1	0.000	0.000	0.000
08	  D	  1.8	  0.1	0.139	0.000	0.000
09	  V	  1.1	  0.1	0.139	0.000	0.000
10	  A	  0.9	  0.3	0.139	0.000	0.000
11	  K	  0.8	  0.3	0.139	0.000	0.000
12	  N	  0.1	  0.3	2.226	0.000	0.000
13	  A	  0.1	  0.3	2.439	0.000	0.000
14	  A	  0.1	  0.1	2.600	0.000	0.000
15	  K	  0.2	  0.1	2.743	0.000	0.000
16	  E	  0.2	  0.1	2.605	0.000	0.000
17	  A	  0.2	  0.3	2.605	0.000	0.000
18	  A	  0.1	  0.7	2.354	0.000	0.000
19	  K	  0.1	  0.7	1.984	0.000	0.000
20	  G	  0.0	  0.7	0.516	0.000	0.000
21	  A	  0.2	  0.5	0.134	0.000	0.000
22	  L	  0.4	  0.2	0.000	0.000	0.000
23	  S	  0.5	  0.1	0.125	0.000	0.000
24	  T	  6.1	  0.1	0.660	0.000	0.000
25	  L	 11.4	  0.1	0.660	0.000	0.000
26	  S	 12.5	  0.0	1.276	0.000	0.000
27	  C	  7.9	  0.1	1.276	0.000	0.000
28	  K	  2.0	  0.1	1.276	0.000	0.000
29	  L	  0.8	  0.1	1.276	0.000	0.000
30	  A	  0.4	  0.2	1.276	0.000	0.000
31	  K	  0.7	  0.1	1.106	0.000	0.000
32	  T	  0.6	  0.1	0.000	0.000	0.000
33	  C	  0.6	  0.1	0.000	0.000	0.000
