res	aa	Beta	Turn	Helix	Aggregation	Conc-Stab_Aggregation
01	  F	  0.8	  0.1	0.000	0.000	0.000
02	  K	  1.0	  0.1	0.000	0.000	0.000
03	  S	 16.2	  0.3	0.000	0.000	0.000
04	  W	 18.5	  0.3	0.000	0.000	0.000
05	  S	 20.5	  0.2	0.000	0.000	0.000
06	  F	  7.9	  0.2	0.000	0.000	0.000
07	  C	  4.2	  0.0	0.000	0.000	0.000
08	  T	  1.8	  2.8	0.000	0.000	0.000
09	  P	  0.2	  3.0	0.000	0.000	0.000
10	  G	  0.1	  3.0	0.000	0.000	0.000
11	  C	  1.1	  3.0	0.000	0.000	0.000
12	  A	  1.1	  0.4	0.000	0.000	0.000
13	  K	  1.0	  0.3	0.000	0.000	0.000
14	  T	  0.3	  1.0	0.000	0.000	0.000
15	  G	  0.2	  1.0	0.000	0.000	0.000
16	  S	  8.3	  1.0	0.000	0.000	0.000
17	  F	  9.3	  0.9	0.000	0.000	0.000
18	  N	 10.1	  0.4	0.000	0.000	0.000
19	  S	  4.7	  0.4	0.000	0.000	0.000
20	  Y	 10.3	  0.2	0.000	0.000	0.000
21	  C	  9.4	  0.1	0.000	0.000	0.000
22	  C	  7.0	  0.0	0.000	0.000	0.000
