res	aa	Beta	Turn	Helix	Aggregation	Conc-Stab_Aggregation
01	  S	  0.3	  0.0	0.984	0.000	0.000
02	  L	  0.9	  0.0	0.984	18.482	18.482
03	  F	  3.9	  0.1	1.113	18.482	18.482
04	  S	  3.9	  0.1	1.784	18.482	18.482
05	  L	  3.7	  0.1	1.784	18.482	18.482
06	  I	  2.1	  0.1	1.784	18.482	18.482
07	  K	  1.8	  0.3	1.784	0.000	0.000
08	  A	  1.5	  0.4	1.526	0.000	0.000
09	  G	  0.1	  0.4	1.659	0.000	0.000
10	  A	  0.2	  0.4	0.408	0.000	0.000
11	  K	  0.4	  0.1	0.263	0.000	0.000
12	  F	  0.7	  0.2	0.132	0.000	0.000
13	  L	  0.6	  0.4	0.132	0.000	0.000
14	  G	  0.4	  0.7	0.892	0.000	0.000
15	  K	  0.1	  0.7	0.892	0.000	0.000
16	  N	  0.1	  0.5	0.760	0.000	0.000
17	  L	  0.3	  0.3	0.760	0.000	0.000
18	  L	  0.3	  0.2	0.760	0.000	0.000
19	  K	  0.3	  0.4	0.760	0.000	0.000
20	  Q	  0.1	  0.5	0.348	0.000	0.000
21	  G	  0.0	  0.6	0.266	0.000	0.000
22	  A	  0.3	  0.4	0.134	0.000	0.000
23	  Q	  0.8	  0.2	0.134	0.000	0.000
24	  Y	  1.4	  0.1	0.134	0.000	0.000
25	  A	  1.2	  0.0	0.134	0.000	0.000
26	  A	  0.8	  0.0	0.134	0.000	0.000
27	  C	  1.1	  0.0	0.134	0.000	0.000
28	  K	  2.2	  0.0	0.000	0.000	0.000
29	  V	  3.1	  0.0	0.000	0.000	0.000
30	  S	  2.5	  0.2	0.000	0.000	0.000
31	  K	  1.6	  0.2	0.000	0.000	0.000
32	  E	  0.7	  0.2	0.000	0.000	0.000
33	  C	  0.2	  0.2	0.000	0.000	0.000
