res	aa	Beta	Turn	Helix	Aggregation	Conc-Stab_Aggregation
01	  G	  0.0	  0.3	0.000	0.000	0.000
02	  M	  0.2	  0.8	0.000	0.000	0.000
03	  S	  0.2	  0.8	0.000	0.000	0.000
04	  G	  0.2	  0.8	0.000	0.000	0.000
05	  Y	  0.5	  0.5	0.000	0.000	0.000
06	  I	  0.6	  0.1	0.000	0.000	0.000
07	  Q	  0.6	  0.1	0.000	0.000	0.000
08	  G	  0.2	  0.1	0.000	0.000	0.000
09	  I	  0.0	  1.4	0.000	0.000	0.000
10	  P	  0.0	  1.3	0.000	0.000	0.000
11	  D	  0.0	  1.3	0.224	0.000	0.000
12	  F	  0.8	  1.3	0.224	0.000	0.000
13	  L	  0.9	  1.3	0.224	0.000	0.000
14	  K	  0.9	  1.3	0.224	0.000	0.000
15	  G	  0.1	  1.3	0.224	0.000	0.000
16	  Y	  0.6	  1.3	0.224	0.000	0.000
17	  L	  0.7	  0.5	0.000	0.000	0.000
18	  H	  1.0	  0.7	0.000	0.000	0.000
19	  G	  0.4	  0.7	0.125	0.000	0.000
20	  I	  1.8	  0.7	0.125	0.000	0.000
21	  S	  1.6	  0.1	1.955	0.000	0.000
22	  A	  1.6	  0.3	1.955	0.000	0.000
23	  A	  0.1	  0.4	1.955	0.000	0.000
24	  N	  0.0	  0.5	1.955	0.000	0.000
25	  K	  0.3	  0.5	1.955	0.000	0.000
26	  H	  0.5	  0.6	1.830	0.000	0.000
27	  K	  0.5	  1.5	0.709	0.000	0.000
28	  K	  0.2	  1.5	0.237	0.000	0.000
29	  G	  0.0	  1.5	0.000	0.000	0.000
30	  R	  0.0	  1.1	0.000	0.000	0.000
31	  L	  0.0	  0.1	0.000	0.000	0.000
