res	aa	Beta	Turn	Helix	Aggregation	Conc-Stab_Aggregation
01	  R	  0.4	  0.0	0.000	0.000	0.000
02	  Q	  1.0	  0.0	0.000	0.000	0.000
03	  R	  3.0	  0.0	0.107	0.000	0.000
04	  V	  3.1	  0.1	0.107	0.000	0.000
05	  E	  2.6	  0.1	0.312	0.000	0.000
06	  E	  0.9	  0.1	0.312	0.000	0.000
07	  L	  0.6	  0.2	0.312	0.000	0.000
08	  S	  0.8	  0.1	0.487	0.000	0.000
09	  K	  1.2	  0.1	0.487	0.000	0.000
10	  F	  3.1	  0.2	0.487	0.000	0.000
11	  S	  2.9	  0.3	0.719	0.000	0.000
12	  K	  2.3	  0.7	0.719	0.000	0.000
13	  K	  0.1	  0.8	0.719	0.000	0.000
14	  G	  0.1	  0.7	1.229	0.000	0.000
15	  A	  0.1	  0.4	1.368	0.000	0.000
16	  A	  0.1	  0.1	1.368	0.000	0.000
17	  A	  0.2	  0.0	1.368	0.000	0.000
18	  R	  0.6	  0.1	1.368	0.000	0.000
19	  R	  0.8	  0.1	1.110	0.000	0.000
20	  R	  0.6	  0.1	0.543	0.000	0.000
21	  K	  0.2	  0.0	0.000	0.000	0.000
