res	aa	Beta	Turn	Helix	Aggregation	Conc-Stab_Aggregation
01	  G	  0.0	  0.2	0.000	0.000	0.000
02	  A	  0.1	  0.4	0.000	0.000	0.000
03	  F	  0.2	  0.7	0.000	0.000	0.000
04	  G	  0.3	  0.7	0.116	0.000	0.000
05	  K	  0.3	  0.5	0.116	0.000	0.000
06	  A	  0.3	  0.3	0.116	0.368	0.368
07	  F	  0.9	  0.3	0.116	0.368	0.368
08	  A	  1.3	  0.3	0.116	0.368	0.368
09	  S	 11.4	  0.5	0.116	0.368	0.368
10	  V	 10.9	  0.8	0.000	0.368	0.368
11	  S	 10.5	  0.5	0.596	0.000	0.000
12	  N	  0.4	  0.5	1.479	0.000	0.000
13	  F	  0.6	  0.3	1.479	0.000	0.000
14	  A	  0.6	  0.1	1.479	0.000	0.000
15	  K	  0.6	  0.1	1.479	0.000	0.000
16	  K	  0.4	  0.1	1.479	0.000	0.000
17	  H	  0.6	  0.3	1.117	0.000	0.000
18	  K	  0.9	  0.3	0.238	0.000	0.000
19	  T	  0.7	  0.2	0.000	0.000	0.000
20	  A	  0.4	  0.2	0.000	0.000	0.000
