res	aa	Beta	Turn	Helix	Aggregation	Conc-Stab_Aggregation
01	  V	  6.9	  0.0	0.000	0.000	0.000
02	  T	 10.9	  0.0	0.000	0.000	0.000
03	  C	 13.8	  0.0	0.000	0.000	0.000
04	  F	  9.1	  0.0	0.000	0.000	0.000
05	  C	  5.9	  0.1	0.000	0.000	0.000
06	  R	  3.3	  0.2	0.000	0.000	0.000
07	  R	  1.4	  0.5	0.000	0.000	0.000
08	  R	  0.5	  0.5	0.000	0.000	0.000
09	  G	  0.3	  0.4	0.000	0.000	0.000
10	  C	  0.9	  0.7	0.107	0.000	0.000
11	  A	  1.0	  0.4	0.107	0.000	0.000
12	  S	  1.0	  0.4	2.121	0.000	0.000
13	  R	  0.3	  0.5	2.121	0.000	0.000
14	  E	  0.2	  0.2	2.121	0.000	0.000
15	  R	  0.7	  0.1	2.121	0.000	0.000
16	  L	  0.7	  0.3	2.121	0.427	0.427
17	  I	  0.8	  0.2	2.121	0.427	0.427
18	  G	  0.3	  0.2	2.121	0.427	0.427
19	  Y	  2.3	  0.2	0.809	0.427	0.427
20	  C	  2.8	  0.1	0.150	0.427	0.427
21	  R	  3.0	  0.1	0.000	0.000	0.000
22	  F	  1.0	  5.9	0.000	0.000	0.000
23	  G	  0.3	  6.0	0.000	0.000	0.000
24	  N	  1.2	  5.8	0.000	0.000	0.000
25	  T	  3.6	  5.8	0.000	0.896	0.896
26	  I	  4.3	  0.0	0.000	1.240	1.240
27	  Y	  3.3	  0.1	0.000	1.240	1.240
28	  G	  1.0	  0.1	0.000	1.240	1.240
29	  L	  4.8	  0.1	0.000	1.240	1.240
30	  C	 13.3	  0.1	0.000	0.464	0.464
31	  C	 14.2	  0.0	0.000	0.144	0.144
32	  R	  9.7	  0.0	0.000	0.000	0.000
33	  R	  1.1	  0.0	0.000	0.000	0.000
