res	aa	Beta	Turn	Helix	Aggregation	Conc-Stab_Aggregation
01	  G	  0.0	  0.0	0.000	0.000	0.000
02	  L	  0.3	  0.0	0.000	0.000	0.000
03	  W	  0.7	  0.0	0.000	0.000	0.000
04	  N	  0.8	  0.0	1.014	0.000	0.000
05	  K	  3.1	  0.0	1.014	0.000	0.000
06	  I	  3.4	  0.1	1.014	0.000	0.000
07	  K	  3.4	  0.1	1.134	0.000	0.000
08	  E	  0.9	  0.1	1.257	0.000	0.000
09	  A	  0.3	  0.2	1.257	0.000	0.000
10	  A	  0.3	  0.3	1.104	0.000	0.000
11	  S	  0.4	  0.3	1.556	0.000	0.000
12	  K	  0.4	  0.3	1.276	0.000	0.000
13	  A	  0.2	  0.7	0.939	0.000	0.000
14	  A	  0.2	  0.7	0.939	0.000	0.000
15	  G	  0.1	  0.7	1.721	0.000	0.000
16	  K	  0.2	  0.7	1.614	0.000	0.000
17	  A	  0.3	  0.3	0.891	7.780	7.780
18	  A	  0.3	  0.3	0.891	16.800	16.800
19	  L	  0.2	  0.3	0.891	16.800	16.800
20	  G	  0.1	  0.3	0.891	16.800	16.800
21	  F	  1.7	  0.2	0.484	16.800	16.800
22	  V	  1.9	  0.1	0.000	16.688	16.688
23	  N	  1.9	  0.1	0.000	0.650	0.650
24	  E	  0.3	  0.1	0.000	0.000	0.000
25	  M	  0.1	  0.0	0.000	0.000	0.000
26	  V	  0.1	  0.0	0.000	0.000	0.000
