res	aa	Beta	Turn	Helix	Aggregation	Conc-Stab_Aggregation
01	  G	  0.0	  0.0	0.000	0.000	0.000
02	  R	  0.0	  0.0	0.000	0.000	0.000
03	  P	  0.0	  0.0	0.000	0.000	0.000
04	  N	  0.0	  0.0	0.000	0.000	0.000
05	  P	  0.0	  0.0	0.000	0.000	0.000
06	  V	  1.3	  0.1	0.000	0.000	0.000
07	  N	  2.2	  0.1	0.000	0.000	0.000
08	  T	  2.4	  0.1	0.000	0.000	0.000
09	  K	  1.2	  0.0	0.000	0.000	0.000
10	  P	  0.2	  0.0	0.000	0.000	0.000
11	  T	  0.1	  0.0	0.000	0.000	0.000
12	  P	  0.0	  0.0	0.000	0.000	0.000
13	  Y	  0.0	  0.4	0.000	0.000	0.000
14	  P	  0.0	  0.4	0.000	0.000	0.000
15	  R	  0.0	  0.4	0.000	0.000	0.000
16	  L	  0.0	  0.4	0.000	0.000	0.000
