res	aa	Beta	Turn	Helix	Aggregation	Conc-Stab_Aggregation
01	  M	  0.7	  0.0	0.000	0.000	0.000
02	  F	  3.0	  0.0	0.000	0.000	0.000
03	  F	  4.5	  0.2	0.000	0.000	0.000
04	  S	  3.9	  0.3	0.000	0.000	0.000
05	  S	  1.8	  0.4	0.000	0.000	0.000
06	  K	  0.4	  0.4	0.000	0.000	0.000
07	  K	  1.0	  0.3	0.000	0.000	0.000
08	  C	  1.0	  0.3	0.000	0.000	0.000
09	  K	  1.6	  0.2	0.000	0.000	0.000
10	  T	  4.3	  0.1	0.000	0.000	0.000
11	  V	  4.8	  0.1	0.000	0.000	0.000
12	  A	  4.1	  0.1	0.000	0.000	0.000
13	  K	  1.2	  0.1	0.000	0.000	0.000
14	  T	 12.6	  0.1	0.000	0.000	0.000
15	  F	 13.7	  0.1	0.000	0.000	0.000
16	  R	 13.2	  0.0	0.000	0.000	0.000
17	  G	  1.3	  0.1	0.000	0.000	0.000
18	  P	  0.0	  0.1	0.000	0.000	0.000
19	  C	  1.6	  0.1	0.000	0.000	0.000
20	  V	  2.6	  0.2	0.000	0.000	0.000
21	  R	  2.6	  0.1	0.000	0.000	0.000
22	  N	  1.0	  0.1	0.000	0.000	0.000
23	  A	  0.1	  0.1	0.000	0.000	0.000
24	  N	  0.0	  0.0	0.000	0.000	0.000
