res	aa	Beta	Turn	Helix	Aggregation	Conc-Stab_Aggregation
01	  A	  0.3	  0.0	0.000	0.000	0.000
02	  T	  4.6	  0.0	0.000	0.000	0.000
03	  C	  6.2	  0.0	0.000	0.000	0.000
04	  E	  5.9	  0.0	0.000	0.000	0.000
05	  S	  1.7	  2.9	0.560	0.000	0.000
06	  P	  0.0	  3.0	0.560	0.000	0.000
07	  S	  0.4	  3.0	0.560	0.000	0.000
08	  H	  0.9	  3.0	0.560	0.000	0.000
09	  K	  1.9	  0.1	0.560	0.000	0.000
10	  F	  1.9	  0.0	0.560	0.000	0.000
11	  K	  1.3	  0.0	0.148	0.000	0.000
12	  G	  0.3	  0.2	0.000	0.000	0.000
13	  P	  0.0	  0.2	0.000	0.000	0.000
14	  C	  0.2	  0.5	0.000	0.000	0.000
15	  A	  0.2	  0.5	0.000	0.000	0.000
16	  T	  0.3	  0.3	0.000	0.000	0.000
17	  N	  0.2	  3.1	0.000	0.000	0.000
18	  R	  0.1	  2.9	0.000	0.000	0.000
19	  N	  2.0	  2.8	0.000	0.000	0.000
20	  C	  3.6	  2.8	0.000	0.000	0.000
21	  E	  3.6	  0.0	0.000	0.000	0.000
22	  S	  1.6	  0.0	0.000	0.000	0.000
