res	aa	Beta	Turn	Helix	Aggregation	Conc-Stab_Aggregation
01	  G	  0.0	  0.0	0.000	0.000	0.000
02	  I	  1.1	  0.0	0.000	0.000	0.000
03	  F	  1.4	  0.6	0.000	0.000	0.000
04	  S	  1.4	  0.6	0.210	0.000	0.000
05	  N	  0.9	  0.6	0.210	0.000	0.000
06	  M	  1.0	  0.6	0.210	0.000	0.000
07	  Y	  1.6	  0.1	0.210	0.000	0.000
08	  A	  1.1	  0.1	0.210	0.000	0.000
09	  R	  0.7	  0.1	0.210	0.000	0.000
10	  T	  0.1	  0.4	0.000	0.000	0.000
11	  P	  0.0	  0.7	0.000	0.000	0.000
12	  A	  0.0	  0.7	0.000	0.000	0.000
13	  G	  0.1	  0.7	0.000	0.000	0.000
14	  Y	  2.0	  0.4	0.000	0.000	0.000
15	  F	  3.2	  0.0	0.000	0.000	0.000
16	  R	  3.2	  0.0	0.000	0.000	0.000
17	  G	  1.3	  0.4	0.000	0.000	0.000
18	  P	  0.0	  0.8	0.000	0.000	0.000
19	  A	  0.0	  0.8	0.000	0.000	0.000
20	  G	  0.2	  0.8	0.000	0.000	0.000
21	  Y	  0.9	  0.4	0.000	0.000	0.000
22	  A	  0.9	  0.0	0.000	0.000	0.000
23	  A	  0.7	  0.0	0.000	0.000	0.000
24	  N	  0.0	  0.0	0.000	0.000	0.000
