res	aa	Beta	Turn	Helix	Aggregation	Conc-Stab_Aggregation
01	  G	  0.2	  0.0	0.000	0.000	0.000
02	  C	  0.9	  0.3	0.000	0.000	0.000
03	  A	  1.1	  0.4	0.000	0.000	0.000
04	  S	  1.3	  0.5	0.284	0.000	0.000
05	  R	  0.9	  0.5	0.284	0.000	0.000
06	  C	  1.7	  0.2	0.284	0.000	0.000
07	  K	  1.6	  0.1	0.284	0.000	0.000
08	  A	  1.4	  0.1	0.284	0.000	0.000
09	  K	  1.1	  0.1	0.284	0.000	0.000
10	  C	  1.1	  1.0	0.000	0.000	0.000
11	  A	  1.0	  1.2	0.000	0.000	0.000
12	  G	  0.2	  1.3	0.000	0.000	0.000
13	  R	  0.1	  1.3	0.000	0.000	0.000
14	  R	  0.5	  0.3	0.000	0.000	0.000
15	  C	  0.5	  1.1	0.000	0.000	0.000
16	  K	  0.4	  1.0	0.000	0.000	0.000
17	  G	  0.2	  0.9	0.000	0.000	0.000
18	  W	  0.5	  1.1	0.000	0.000	0.000
19	  A	  0.7	  0.2	0.000	0.000	0.000
20	  S	  3.4	  1.4	0.196	0.000	0.000
21	  A	  3.5	  1.4	0.196	0.000	0.000
22	  S	  9.5	  1.2	0.196	0.000	0.000
23	  F	  7.9	  1.4	0.196	0.000	0.000
24	  R	  7.3	  0.2	0.196	0.000	0.000
25	  G	  1.3	  0.3	0.196	0.000	0.000
26	  R	  2.3	  0.3	0.098	0.000	0.000
27	  C	  5.3	  0.1	0.000	0.000	0.000
28	  Y	  6.2	  0.0	0.000	0.000	0.000
29	  C	  4.6	  0.1	0.000	0.000	0.000
30	  K	  2.2	  0.1	0.000	0.000	0.000
31	  C	  4.2	  0.1	0.000	0.000	0.000
32	  F	  9.8	  0.1	0.000	0.000	0.000
33	  R	  9.2	  0.0	0.000	0.000	0.000
34	  C	  6.3	  0.0	0.000	0.000	0.000
