res	aa	Beta	Turn	Helix	Aggregation	Conc-Stab_Aggregation
01	  K	  0.9	  0.0	0.000	0.000	0.000
02	  V	  4.0	  0.0	0.000	0.000	0.000
03	  F	  6.0	  0.1	0.552	0.000	0.000
04	  E	  5.3	  0.1	3.806	0.000	0.000
05	  R	  2.2	  0.1	4.703	0.000	0.000
06	  A	  0.2	  0.1	5.089	0.000	0.000
07	  E	  0.2	  0.1	5.740	0.000	0.000
08	  L	  0.2	  0.0	5.740	0.000	0.000
09	  A	  0.1	  0.1	5.740	0.000	0.000
10	  R	  0.3	  0.1	5.604	0.000	0.000
11	  T	  3.2	  0.1	4.748	0.000	0.000
12	  L	  3.3	  0.1	4.748	0.000	0.000
13	  K	  3.1	  0.1	4.548	0.000	0.000
14	  R	  0.3	  0.1	1.965	0.000	0.000
15	  L	  0.3	  0.2	0.840	0.000	0.000
16	  G	  0.2	  0.6	0.688	0.000	0.000
17	  L	  0.2	  1.1	0.137	0.000	0.000
18	  D	  0.1	  1.1	0.000	0.000	0.000
19	  G	  0.1	  1.1	0.000	0.000	0.000
20	  F	  1.2	  0.9	0.000	0.000	0.000
21	  R	  1.3	  0.4	0.000	0.000	0.000
22	  G	  1.3	  0.4	0.000	0.000	0.000
23	  V	  9.2	  0.4	0.000	0.000	0.000
24	  S	  9.2	  0.0	0.000	0.000	0.000
25	  L	  9.2	  0.7	0.000	0.000	0.000
26	  P	  0.1	  0.7	0.000	0.000	0.000
27	  N	  0.1	  0.7	0.254	0.838	0.838
28	  A	  0.4	  0.7	0.254	14.880	14.880
29	  V	  3.8	  0.0	0.254	14.880	14.880
30	  A	  3.8	  0.0	0.254	14.880	14.880
31	  L	  3.5	  0.0	0.254	14.880	14.880
32	  A	  0.1	  0.0	0.254	14.612	14.612
33	  R	  0.0	  0.0	0.115	0.000	0.000
