res	aa	Beta	Turn	Helix	Aggregation	Conc-Stab_Aggregation
01	  G	  0.2	  0.0	0.311	0.000	0.000
02	  C	  0.4	  0.7	0.311	0.000	0.000
03	  A	  0.4	  0.7	0.311	0.000	0.000
04	  N	  0.4	  0.9	0.311	0.000	0.000
05	  A	  0.4	  0.9	0.311	0.000	0.000
06	  Y	  1.3	  0.3	0.311	0.000	0.000
07	  K	  2.1	  0.3	0.158	0.000	0.000
08	  S	  9.9	  1.6	0.000	0.000	0.000
09	  C	  9.1	  1.6	0.000	0.000	0.000
10	  N	  8.1	  1.5	0.000	0.000	0.000
11	  G	  0.1	  1.7	0.000	0.000	0.000
12	  P	  0.0	  0.3	0.000	0.000	0.000
13	  H	  1.7	  0.3	0.000	0.000	0.000
14	  T	 12.0	  0.3	0.000	0.000	0.000
15	  C	 16.1	  0.1	0.000	0.000	0.000
16	  C	 15.0	  0.3	0.000	0.000	0.000
17	  W	  4.8	  0.2	0.000	0.000	0.000
18	  G	  0.7	  0.5	0.000	0.000	0.000
19	  Y	  0.7	  8.1	0.000	0.000	0.000
20	  N	  0.6	  7.9	0.000	0.000	0.000
21	  G	  0.5	  7.9	0.000	0.000	0.000
22	  Y	  0.4	  7.7	0.000	0.000	0.000
23	  K	  0.5	  0.1	0.000	0.000	0.000
24	  K	  0.6	  0.1	0.000	0.000	0.000
25	  A	  0.5	  0.1	0.000	0.000	0.000
26	  C	  2.2	  0.0	0.000	0.000	0.000
27	  I	  2.6	  0.1	0.000	0.000	0.000
28	  C	  2.6	  0.5	0.000	0.000	0.000
29	  S	  0.9	  1.1	0.000	0.000	0.000
30	  G	  0.3	  1.6	0.000	0.000	0.000
31	  A	  0.1	  1.5	0.000	0.000	0.000
32	  N	  0.6	  1.0	0.000	0.000	0.000
33	  W	  0.6	  0.5	0.000	0.000	0.000
34	  K	  0.5	  0.0	0.000	0.000	0.000
