res	aa	Beta	Turn	Helix	Aggregation	Conc-Stab_Aggregation
01	  G	  0.0	  0.0	0.000	0.000	0.000
02	  C	  0.1	  2.0	0.000	0.000	0.000
03	  G	  0.1	  2.0	0.000	0.000	0.000
04	  G	  0.1	  2.0	0.000	0.000	0.000
05	  V	  0.7	  2.0	0.000	0.000	0.000
06	  C	  1.1	  0.4	0.000	0.000	0.000
07	  A	  1.2	  0.5	0.000	0.000	0.000
08	  Y	  0.6	  1.0	0.000	0.000	0.000
09	  G	  0.2	  1.3	0.000	0.000	0.000
10	  E	  0.5	  0.9	0.000	0.000	0.000
11	  S	  0.7	  0.8	0.000	0.000	0.000
12	  C	  0.7	  1.1	0.000	0.000	0.000
13	  P	  0.3	  1.0	0.000	0.000	0.000
14	  S	  0.6	  1.1	0.000	0.000	0.000
15	  S	  8.2	  1.4	0.106	0.000	0.000
16	  C	  8.3	  0.6	0.106	0.000	0.000
17	  N	  8.3	  0.4	0.106	0.000	0.000
18	  T	  4.7	  0.4	0.106	0.000	0.000
19	  C	  7.7	  0.1	0.106	0.000	0.000
20	  Y	 10.5	  0.0	0.106	0.000	0.000
21	  S	  6.9	  0.2	0.000	0.000	0.000
22	  A	  3.7	  0.2	0.000	0.000	0.000
23	  Q	  1.0	  0.2	0.000	0.000	0.000
24	  C	  6.6	  0.2	0.000	0.000	0.000
25	  T	  7.5	  0.0	0.000	0.000	0.000
26	  A	  6.9	  0.0	0.000	0.000	0.000
27	  Q	  1.2	  0.0	0.000	0.000	0.000
