res	aa	Beta	Turn	Helix	Aggregation	Conc-Stab_Aggregation
01	  D	  0.1	  0.0	0.000	0.000	0.000
02	  C	  0.3	  0.0	0.000	0.000	0.000
03	  L	  0.3	  3.1	0.000	0.000	0.000
04	  P	  0.2	  3.1	0.000	0.000	0.000
05	  G	  0.0	  3.1	0.000	0.130	0.130
06	  W	  2.8	  3.1	0.000	0.130	0.130
07	  S	  3.6	  0.0	0.108	0.130	0.130
08	  V	  6.6	  0.0	0.108	0.130	0.130
09	  Y	  4.2	  0.5	0.108	0.130	0.130
10	  E	  3.3	  0.7	0.108	0.000	0.000
11	  G	  0.3	  0.7	1.233	0.000	0.000
12	  R	  2.2	  0.7	1.233	0.000	0.000
13	  C	  5.6	  0.2	1.272	0.000	0.000
14	  Y	  7.8	  0.0	1.272	0.000	0.000
15	  K	  6.5	  0.0	1.272	0.000	0.000
16	  V	  6.6	  0.0	1.272	0.000	0.000
17	  F	  5.4	  0.0	1.272	0.000	0.000
18	  N	  4.7	  0.1	2.906	0.000	0.000
19	  Q	  1.6	  0.1	2.617	0.000	0.000
20	  K	  0.8	  0.1	1.874	0.000	0.000
21	  T	 10.3	  0.1	1.979	0.000	0.000
22	  W	 10.6	  0.0	2.092	0.000	0.000
23	  K	 10.3	  0.0	2.260	0.000	0.000
24	  A	  0.9	  0.0	1.414	0.000	0.000
25	  A	  0.2	  0.1	1.304	0.000	0.000
26	  E	  0.2	  0.1	1.151	0.000	0.000
27	  K	  1.1	  0.1	0.767	0.000	0.000
28	  F	  1.0	  0.1	0.303	0.000	0.000
29	  C	  0.8	  0.0	0.000	0.000	0.000
