res	aa	Beta	Turn	Helix	Aggregation	Conc-Stab_Aggregation
01	  G	  0.0	  0.0	1.029	0.000	0.000
02	  L	  0.4	  0.0	1.029	0.300	0.300
03	  F	  3.6	  0.0	1.178	0.300	0.300
04	  D	  5.0	  0.0	1.733	0.300	0.300
05	  I	  6.3	  0.0	1.733	0.300	0.300
06	  I	  3.6	  0.0	1.733	0.300	0.300
07	  K	  2.2	  0.0	1.733	0.300	0.300
08	  K	  2.5	  0.0	1.503	0.000	0.000
09	  V	  4.3	  0.0	0.839	3.291	3.291
10	  A	  4.5	  0.0	0.839	3.495	3.495
11	  S	  3.5	  0.0	0.459	3.495	3.495
12	  V	  2.3	  0.0	0.000	3.495	3.495
13	  V	  1.9	  0.7	0.000	3.495	3.495
14	  G	  1.1	  0.7	0.000	1.468	1.468
15	  G	  0.0	  0.7	0.000	0.233	0.233
16	  L	  0.0	  0.7	0.000	0.000	0.000
