res	aa	Beta	Turn	Helix	Aggregation	Conc-Stab_Aggregation
01	  G	  0.0	  0.0	0.393	0.000	0.000
02	  L	  0.3	  0.0	0.393	0.319	0.319
03	  F	  3.9	  0.0	0.499	0.319	0.319
04	  D	  5.6	  0.0	0.982	0.319	0.319
05	  V	  7.7	  0.0	0.982	0.319	0.319
06	  I	  4.6	  0.0	0.982	0.319	0.319
07	  K	  2.9	  0.0	0.982	0.319	0.319
08	  K	  2.5	  0.0	0.879	0.000	0.000
09	  V	  4.3	  0.0	0.484	3.156	3.156
10	  A	  4.5	  0.0	0.484	3.351	3.351
11	  S	  3.7	  0.0	0.266	3.351	3.351
12	  V	  2.5	  0.0	0.000	3.351	3.351
13	  I	  2.2	  0.8	0.000	3.351	3.351
14	  G	  1.1	  0.8	0.000	1.407	1.407
15	  G	  0.1	  0.8	0.000	0.223	0.223
16	  L	  0.0	  0.8	0.000	0.000	0.000
