res	aa	Beta	Turn	Helix	Aggregation	Conc-Stab_Aggregation
01	  V	  1.0	  0.0	0.000	0.000	0.000
02	  I	  1.1	  0.3	0.000	0.000	0.000
03	  G	  1.1	  1.0	0.000	0.000	0.000
04	  G	  0.1	  1.1	0.000	0.000	0.000
05	  D	  0.0	  1.2	0.338	0.000	0.000
06	  E	  0.9	  0.9	0.338	0.000	0.000
07	  C	  2.5	  0.2	0.338	0.000	0.000
08	  N	  4.1	  0.5	0.338	0.000	0.000
09	  I	  3.4	  0.4	0.338	0.000	0.000
10	  N	  1.8	  0.6	0.338	0.000	0.000
11	  E	  0.4	  0.6	0.125	0.000	0.000
12	  H	  0.7	  0.4	0.000	0.000	0.000
13	  R	  1.2	  0.4	0.000	0.000	0.000
14	  S	  1.1	  0.2	0.145	11.570	11.570
15	  L	  0.9	  0.2	0.145	11.570	11.570
16	  A	  0.7	  0.0	0.145	11.570	11.570
17	  L	  2.3	  0.0	0.145	11.570	11.570
18	  V	  2.0	  0.0	0.145	11.570	11.570
19	  Y	  1.7	  0.0	0.145	0.000	0.000
