res	aa	Beta	Turn	Helix	Aggregation	Conc-Stab_Aggregation
01	  G	  0.0	  0.0	1.055	0.000	0.000
02	  L	  0.4	  0.0	1.055	0.281	0.281
03	  F	  3.6	  0.0	1.203	0.281	0.281
04	  D	  5.0	  0.0	1.809	0.281	0.281
05	  I	  6.3	  0.0	1.809	0.281	0.281
06	  I	  3.6	  0.0	1.809	0.281	0.281
07	  K	  2.2	  0.0	1.809	0.281	0.281
08	  K	  2.5	  0.0	1.579	0.000	0.000
09	  V	  4.3	  0.0	0.915	8.932	8.932
10	  A	  4.5	  0.0	0.915	10.318	10.318
11	  S	  3.5	  0.0	0.508	11.069	11.069
12	  V	  2.4	  0.0	0.000	13.051	13.051
13	  V	  2.1	  0.0	0.000	13.051	13.051
14	  G	  1.4	  0.0	0.000	11.230	11.230
15	  L	  0.5	  0.2	0.000	11.065	11.065
16	  A	  0.4	  0.2	0.000	9.351	9.351
17	  S	  0.3	  0.1	0.000	2.190	2.190
18	  Q	  0.2	  0.1	0.000	0.000	0.000
