res	aa	Beta	Turn	Helix	Aggregation	Conc-Stab_Aggregation
01	  D	  0.3	  0.0	0.145	0.000	0.000
02	  L	  0.5	  0.0	0.145	77.354	77.354
03	  F	  3.1	  0.0	0.145	77.354	77.354
04	  Q	  3.1	  0.0	0.145	77.354	77.354
05	  V	  5.4	  0.0	0.145	77.354	77.354
06	  I	  3.5	  0.0	0.145	77.354	77.354
07	  K	  3.5	  0.1	0.145	0.027	0.027
08	  E	  1.0	  0.1	0.278	0.027	0.027
09	  K	  1.3	  0.1	0.278	0.000	0.000
10	  L	  1.1	  0.1	0.132	0.000	0.000
11	  K	  1.1	  0.1	0.132	0.000	0.000
12	  E	  0.7	  0.1	0.132	0.000	0.000
13	  L	  0.8	  0.1	0.132	0.269	0.269
14	  T	  0.7	  0.6	0.000	0.269	0.269
15	  G	  0.1	  0.6	0.000	0.269	0.269
16	  G	  0.1	  0.6	0.000	0.269	0.269
17	  V	  3.3	  0.5	0.000	0.269	0.269
18	  I	  3.6	  0.1	0.000	0.269	0.269
19	  E	  3.6	  0.2	0.000	0.000	0.000
20	  G	  0.4	  0.2	0.000	0.000	0.000
21	  I	  0.2	  0.3	0.000	0.000	0.000
22	  Q	  0.2	  0.2	0.000	0.000	0.000
23	  G	  0.1	  0.1	0.000	0.000	0.000
24	  V	  0.0	  0.1	0.000	0.000	0.000
