res	aa	Beta	Turn	Helix	Aggregation	Conc-Stab_Aggregation
01	  G	  0.0	  0.0	0.392	0.000	0.000
02	  L	  0.3	  0.0	0.392	0.304	0.304
03	  F	  3.9	  0.0	0.498	0.304	0.304
04	  D	  5.6	  0.0	1.027	0.304	0.304
05	  V	  7.7	  0.0	1.027	0.304	0.304
06	  I	  4.6	  0.0	1.027	0.304	0.304
07	  K	  2.9	  0.0	1.027	0.304	0.304
08	  K	  2.5	  0.0	0.923	0.000	0.000
09	  V	  4.3	  0.0	0.528	7.386	7.386
10	  A	  4.5	  0.0	0.528	8.471	8.471
11	  S	  3.7	  0.0	0.295	9.208	9.208
12	  V	  2.6	  0.0	0.000	10.689	10.689
13	  I	  2.3	  0.0	0.000	10.689	10.689
14	  G	  1.2	  0.0	0.000	8.895	8.895
15	  L	  0.5	  0.0	0.000	8.733	8.733
16	  A	  0.3	  0.0	0.000	7.047	7.047
17	  S	  0.3	  0.0	0.000	0.000	0.000
18	  P	  0.0	  0.0	0.000	0.000	0.000
