res	aa	Beta	Turn	Helix	Aggregation	Conc-Stab_Aggregation
01	  G	  0.0	  0.0	0.000	0.000	0.000
02	  L	  0.1	  0.1	0.000	0.283	0.283
03	  I	  0.2	  0.5	0.000	0.283	0.283
04	  G	  0.2	  0.5	0.000	0.283	0.283
05	  S	  0.3	  0.8	0.371	0.283	0.283
06	  I	  0.2	  0.8	0.371	0.283	0.283
07	  G	  0.3	  0.5	0.502	0.000	0.000
08	  K	  0.2	  0.7	0.502	0.000	0.000
09	  A	  0.2	  0.3	0.502	2.403	2.403
10	  L	  0.1	  0.7	0.502	5.232	5.232
11	  G	  0.1	  0.7	0.502	5.232	5.232
12	  G	  0.0	  0.5	0.504	5.232	5.232
13	  L	  0.8	  0.5	0.190	5.232	5.232
14	  L	  1.3	  0.0	0.190	5.232	5.232
15	  V	  9.6	  0.0	0.190	4.833	4.833
16	  D	  8.9	  0.0	0.190	0.000	0.000
17	  V	 10.6	  0.0	0.190	0.000	0.000
18	  L	  2.3	  0.0	0.190	0.000	0.000
19	  K	  2.2	  0.1	0.190	0.000	0.000
20	  P	  0.1	  0.2	0.000	0.000	0.000
21	  K	  0.5	  0.2	0.000	0.000	0.000
22	  L	  0.8	  0.2	0.000	0.000	0.000
23	  Q	  0.9	  0.1	0.000	0.000	0.000
24	  A	  0.4	  0.0	0.000	0.000	0.000
25	  A	  0.1	  0.0	0.000	0.000	0.000
26	  S	  0.1	  0.0	0.000	0.000	0.000
