res	aa	Beta	Turn	Helix	Aggregation	Conc-Stab_Aggregation
01	  G	  0.0	  0.8	0.000	0.000	0.000
02	  G	  0.0	  0.9	0.000	0.000	0.000
03	  G	  0.0	  1.3	0.000	0.000	0.000
04	  K	  0.1	  1.3	0.000	0.000	0.000
05	  D	  1.1	  0.5	0.240	0.000	0.000
06	  Y	  4.8	  0.4	0.240	1.168	1.168
07	  R	  6.5	  0.0	0.240	1.168	1.168
08	  V	 12.5	  0.0	0.240	1.168	1.168
09	  E	  9.1	  0.0	0.240	1.168	1.168
10	  I	  8.0	  0.0	0.240	1.168	1.168
11	  V	  1.4	  0.0	0.240	1.168	1.168
12	  D	  1.0	  0.3	0.816	0.000	0.000
13	  K	  0.3	  0.3	0.816	0.000	0.000
14	  H	  0.2	  0.3	0.695	0.000	0.000
15	  N	  0.2	  0.4	0.934	0.000	0.000
16	  A	  0.4	  0.2	0.934	0.000	0.000
17	  L	  0.4	  0.2	0.934	0.000	0.000
18	  R	  0.7	  0.2	0.710	0.000	0.000
19	  R	  1.2	  0.1	0.485	0.000	0.000
20	  S	  1.7	  0.1	0.484	0.000	0.000
21	  V	  2.6	  0.1	0.126	0.299	0.299
22	  A	  1.8	  0.0	0.126	0.299	0.299
23	  A	  1.4	  0.0	0.126	0.299	0.299
24	  T	  1.0	  0.0	0.126	0.299	0.299
25	  A	  1.0	  0.0	0.126	0.299	0.299
26	  R	  0.9	  0.0	0.126	0.000	0.000
27	  N	  0.1	  0.0	0.000	0.000	0.000
