res	aa	Beta	Turn	Helix	Aggregation	Conc-Stab_Aggregation
01	  P	  0.0	  0.0	0.000	0.000	0.000
02	  R	  0.0	  0.0	0.000	0.000	0.000
03	  N	  0.0	  0.2	0.000	0.000	0.000
04	  P	  0.0	  0.2	0.000	0.000	0.000
05	  E	  0.7	  0.2	0.000	0.000	0.000
06	  I	  0.8	  0.3	0.000	0.000	0.000
07	  Q	  0.8	  0.1	0.000	0.000	0.000
08	  N	  0.2	  0.1	0.000	0.000	0.000
09	  E	  0.3	  0.1	0.000	0.000	0.000
10	  I	  1.0	  0.0	0.000	0.000	0.000
11	  I	  3.8	  0.0	0.000	0.000	0.000
12	  D	  3.7	  0.0	0.579	0.000	0.000
13	  L	  3.1	  0.2	0.579	0.000	0.000
14	  H	  0.7	  0.1	0.579	0.000	0.000
15	  N	  0.7	  0.1	0.748	0.000	0.000
16	  Y	  1.4	  0.1	0.748	0.000	0.000
17	  L	  1.1	  0.0	0.748	0.000	0.000
18	  R	  1.4	  0.1	0.616	0.000	0.000
19	  R	  1.2	  0.1	0.354	0.000	0.000
20	  S	  9.0	  0.1	0.169	0.000	0.000
21	  V	  8.9	  0.1	0.000	0.000	0.000
22	  N	  8.2	  0.2	0.450	0.000	0.000
23	  P	  0.2	  0.2	0.450	0.000	0.000
24	  A	  0.1	  0.4	0.450	0.000	0.000
25	  A	  0.1	  0.6	0.450	0.000	0.000
26	  S	  0.1	  0.4	0.691	0.000	0.000
27	  N	  0.0	  0.4	0.857	0.000	0.000
28	  M	  0.2	  0.2	0.581	0.000	0.000
29	  L	  0.7	  0.1	0.407	0.000	0.000
30	  R	  1.0	  0.1	0.407	0.000	0.000
31	  S	  1.1	  0.1	0.407	0.000	0.000
32	  Q	  0.5	  0.1	0.165	0.000	0.000
33	  W	  0.2	  0.0	0.000	0.000	0.000
