res	aa	Beta	Turn	Helix	Aggregation	Conc-Stab_Aggregation
01	  S	  0.0	  0.0	0.298	0.000	0.000
02	  N	  0.0	  0.2	0.298	0.000	0.000
03	  K	  0.1	  0.7	0.298	0.000	0.000
04	  K	  0.1	  0.7	0.298	0.000	0.000
05	  D	  1.2	  0.7	1.071	0.000	0.000
06	  Y	  2.5	  0.5	1.071	0.000	0.000
07	  R	  2.6	  0.1	0.773	0.000	0.000
08	  K	  1.9	  0.1	0.773	0.000	0.000
09	  E	  0.8	  0.1	0.773	0.000	0.000
10	  I	  1.6	  0.1	0.773	0.000	0.000
11	  V	  1.4	  0.0	0.773	0.000	0.000
12	  D	  1.1	  0.3	1.063	0.000	0.000
13	  K	  0.3	  0.4	1.063	0.000	0.000
14	  H	  0.2	  0.3	0.668	0.000	0.000
15	  N	  0.2	  0.4	0.486	0.000	0.000
16	  A	  0.3	  0.2	0.486	0.000	0.000
17	  L	  0.3	  0.2	0.486	0.000	0.000
18	  S	  1.8	  0.7	0.315	0.000	0.000
19	  R	  2.4	  0.6	0.195	0.000	0.000
20	  S	  5.5	  0.6	0.195	0.000	0.000
21	  V	  4.6	  0.5	0.000	0.000	0.000
22	  K	  3.8	  0.2	0.000	0.000	0.000
23	  P	  0.6	  0.2	0.000	0.000	0.000
24	  T	  2.7	  0.5	0.000	0.000	0.000
25	  A	  2.7	  0.7	0.000	0.000	0.000
26	  S	  2.7	  0.5	0.000	0.000	0.000
27	  N	  0.0	  0.4	0.000	0.000	0.000
28	  M	  0.0	  0.2	0.000	0.000	0.000
