res	aa	Beta	Turn	Helix	Aggregation	Conc-Stab_Aggregation
01	  G	  0.0	  0.1	0.000	0.000	0.000
02	  I	  0.1	  3.9	0.000	0.000	0.000
03	  G	  0.1	  3.9	0.000	0.000	0.000
04	  G	  0.1	  3.9	0.000	0.000	0.000
05	  K	  0.0	  3.8	0.000	0.000	0.000
06	  P	  0.0	  0.0	0.000	0.000	0.000
07	  V	  0.4	  0.0	0.000	5.781	5.781
08	  Q	  0.5	  0.0	0.000	5.781	5.781
09	  T	  1.3	  0.0	0.000	5.781	5.781
10	  A	  1.1	  0.0	0.000	5.781	5.781
11	  F	  2.4	  0.1	0.000	5.781	5.781
12	  V	  2.0	  0.2	0.000	5.341	5.341
13	  D	  1.7	  3.2	0.000	0.000	0.000
14	  N	  0.4	  3.4	0.000	0.000	0.000
15	  D	  0.0	  3.4	0.000	0.000	0.000
16	  G	  0.1	  3.3	0.000	0.000	0.000
17	  I	  0.2	  0.2	0.000	0.000	0.000
18	  Y	  0.2	  0.0	0.000	0.000	0.000
19	  D	  0.1	  0.0	0.000	0.000	0.000
