res	aa	Beta	Turn	Helix	Aggregation	Conc-Stab_Aggregation
01	  G	  0.0	  0.0	0.000	0.000	0.000
02	  L	  0.4	  0.1	0.000	0.000	0.000
03	  L	  1.4	  0.1	0.000	0.000	0.000
04	  D	  1.6	  0.1	0.506	0.000	0.000
05	  M	  1.7	  0.1	0.506	0.852	0.852
06	  V	  1.3	  0.0	0.506	1.440	1.440
07	  T	  1.2	  0.1	0.506	1.440	1.440
08	  G	  0.7	  0.1	0.506	1.440	1.440
09	  L	  0.1	  0.1	0.506	1.440	1.440
10	  L	  0.1	  1.0	0.284	1.314	1.314
11	  G	  0.1	  0.9	0.284	0.000	0.000
12	  N	  0.0	  0.9	0.284	0.000	0.000
13	  L	  0.0	  0.9	0.000	0.000	0.000
