res	aa	Beta	Turn	Helix	Aggregation	Conc-Stab_Aggregation
01	  G	  0.0	  0.0	0.000	0.000	0.000
02	  I	  0.5	  0.0	0.000	1.155	1.155
03	  L	  2.6	  0.0	0.000	1.155	1.155
04	  D	  2.7	  0.0	0.709	1.155	1.155
05	  V	  3.0	  0.0	0.709	1.155	1.155
06	  A	  1.0	  0.1	0.709	1.155	1.155
07	  K	  1.0	  0.1	0.709	1.155	1.155
08	  T	  1.5	  0.1	0.831	1.155	1.155
09	  L	  1.6	  0.2	0.831	1.155	1.155
10	  V	  1.4	  0.3	0.831	0.967	0.967
11	  G	  0.2	  0.4	0.967	0.000	0.000
12	  K	  0.7	  0.4	0.431	0.000	0.000
13	  L	  0.9	  0.3	0.258	0.000	0.000
14	  R	  1.2	  0.2	0.258	0.000	0.000
15	  N	  0.7	  0.1	0.258	0.000	0.000
16	  V	  1.1	  0.1	0.135	0.000	0.000
17	  L	  0.8	  0.0	0.135	0.000	0.000
18	  G	  0.7	  0.0	0.135	0.000	0.000
19	  I	  0.1	  0.0	0.000	0.000	0.000
