res	aa	Beta	Turn	Helix	Aggregation	Conc-Stab_Aggregation
01	  G	  0.0	  0.0	0.114	0.000	0.000
02	  L	  0.2	  0.0	0.114	21.268	21.268
03	  F	  0.3	  0.1	0.114	21.947	21.947
04	  G	  0.3	  0.1	0.644	21.947	21.947
05	  V	  1.3	  0.1	0.644	21.947	21.947
06	  L	  1.1	  0.1	0.644	21.947	21.947
07	  A	  1.4	  0.0	0.644	10.443	10.443
08	  K	  2.3	  0.0	0.644	0.000	0.000
09	  V	  4.4	  0.0	0.530	0.000	0.000
10	  A	  4.5	  0.1	0.530	0.000	0.000
11	  S	  2.9	  0.1	0.365	0.000	0.000
12	  H	  4.1	  0.1	0.185	0.000	0.000
13	  V	  4.3	  0.1	0.000	0.000	0.000
14	  V	  3.9	  0.0	0.000	0.000	0.000
15	  P	  0.5	  0.0	0.000	0.000	0.000
16	  A	  0.2	  0.0	0.000	0.000	0.000
17	  I	  0.6	  0.0	0.000	0.000	0.000
18	  A	  0.6	  0.1	0.000	0.000	0.000
19	  E	  0.8	  0.1	0.000	0.000	0.000
20	  H	  3.8	  0.1	0.000	0.000	0.000
21	  F	  6.1	  0.1	0.000	0.000	0.000
22	  Q	  5.7	  0.0	0.000	0.000	0.000
23	  A	  2.4	  0.0	0.000	0.000	0.000
