res	aa	Beta	Turn	Helix	Aggregation	Conc-Stab_Aggregation
01	  G	  0.1	  0.0	0.328	0.000	0.000
02	  I	  0.9	  0.0	0.328	0.000	0.000
03	  I	  6.1	  0.0	0.570	0.000	0.000
04	  D	  6.2	  0.0	2.304	0.000	0.000
05	  I	  5.9	  0.0	2.304	0.000	0.000
06	  A	  0.7	  0.0	2.304	0.000	0.000
07	  K	  0.6	  0.1	2.304	0.000	0.000
08	  K	  0.7	  0.1	2.162	0.000	0.000
09	  L	  0.8	  0.1	1.735	0.000	0.000
10	  V	  0.8	  1.3	1.071	0.000	0.000
11	  G	  0.2	  1.3	0.947	0.000	0.000
12	  G	  0.1	  1.3	0.411	0.000	0.000
13	  I	  0.3	  1.4	0.121	0.000	0.000
14	  R	  0.6	  0.1	0.121	0.000	0.000
15	  N	  0.7	  0.1	0.121	0.000	0.000
16	  V	  1.1	  0.1	0.121	0.000	0.000
17	  L	  0.8	  0.0	0.121	0.000	0.000
18	  G	  0.7	  0.0	0.121	0.000	0.000
19	  I	  0.1	  0.0	0.000	0.000	0.000
