res	aa	Beta	Turn	Helix	Aggregation	Conc-Stab_Aggregation
01	  G	  0.1	  0.0	0.000	0.000	0.000
02	  L	  0.1	  0.3	0.000	0.314	0.314
03	  A	  0.1	  0.4	0.000	0.314	0.314
04	  G	  0.1	  0.4	0.000	0.314	0.314
05	  A	  0.4	  0.4	0.000	0.314	0.314
06	  I	  0.9	  0.1	0.000	0.435	0.435
07	  S	  1.0	  0.1	0.739	0.121	0.121
08	  S	  0.8	  0.1	5.683	0.121	0.121
09	  A	  0.3	  0.2	5.807	0.121	0.121
10	  L	  0.3	  0.2	5.944	0.121	0.121
11	  D	  0.2	  0.3	6.396	0.000	0.000
12	  K	  1.0	  0.3	6.396	0.000	0.000
13	  L	  1.0	  0.2	6.204	0.000	0.000
14	  K	  1.1	  0.2	5.505	0.000	0.000
15	  Q	  0.4	  0.2	4.332	0.000	0.000
16	  S	  0.4	  0.2	4.843	0.000	0.000
17	  Q	  0.6	  0.1	3.575	0.000	0.000
18	  L	  0.7	  0.1	3.154	0.000	0.000
19	  I	  0.8	  0.3	3.046	0.000	0.000
20	  K	  0.7	  0.3	3.046	0.000	0.000
21	  N	  0.5	  0.3	3.583	0.000	0.000
22	  Y	  0.7	  0.3	2.704	0.000	0.000
23	  A	  0.7	  0.1	1.977	0.000	0.000
24	  K	  0.6	  0.2	1.747	0.000	0.000
25	  K	  0.2	  0.2	1.050	0.000	0.000
26	  L	  0.3	  0.2	0.882	0.000	0.000
27	  G	  0.2	  0.1	0.882	0.000	0.000
28	  Y	  0.1	  0.0	0.683	0.000	0.000
29	  P	  0.0	  0.0	0.000	0.000	0.000
30	  R	  0.0	  0.0	0.000	0.000	0.000
