res	aa	Beta	Turn	Helix	Aggregation	Conc-Stab_Aggregation
01	  G	  0.0	  0.0	0.000	0.000	0.000
02	  L	  0.4	  0.0	0.000	0.000	0.000
03	  L	  2.5	  0.0	0.000	0.000	0.000
04	  D	  3.6	  0.0	0.000	0.000	0.000
05	  V	  4.2	  0.0	0.000	1.197	1.197
06	  V	  2.2	  0.4	0.000	1.197	1.197
07	  G	  1.1	  0.4	0.000	1.197	1.197
08	  N	  0.2	  0.4	0.000	1.197	1.197
09	  V	  2.6	  0.4	0.000	1.197	1.197
10	  L	  2.7	  0.0	0.000	1.021	1.021
11	  H	  2.7	  0.3	0.000	0.000	0.000
12	  S	  0.5	  0.3	0.000	0.000	0.000
13	  L	  0.4	  0.3	0.000	0.000	0.000
14	  G	  0.2	  0.3	0.000	0.000	0.000
15	  L	  0.1	  0.0	0.000	0.000	0.000
