res	aa	Beta	Turn	Helix	Aggregation	Conc-Stab_Aggregation
01	  G	  0.0	  0.2	0.000	0.000	0.000
02	  V	  0.1	  0.7	0.000	0.000	0.000
03	  G	  0.1	  0.7	0.462	0.000	0.000
04	  D	  1.2	  0.7	0.620	0.000	0.000
05	  I	  2.5	  0.6	0.620	0.000	0.000
06	  F	  3.8	  0.1	0.620	0.000	0.000
07	  R	  3.2	  0.1	0.620	0.000	0.000
08	  K	  3.2	  0.1	0.620	0.000	0.000
09	  I	  4.5	  0.1	0.271	0.574	0.574
10	  V	  4.7	  0.0	0.271	0.574	0.574
11	  S	  3.8	  0.0	0.271	0.574	0.574
12	  T	 11.8	  0.0	0.000	0.574	0.574
13	  I	 11.3	  0.1	0.000	0.574	0.574
14	  K	 11.2	  0.1	0.000	0.000	0.000
15	  N	  2.8	  0.1	0.000	0.000	0.000
16	  V	  2.6	  0.1	0.000	0.000	0.000
17	  V	  2.3	  0.0	0.000	0.000	0.000
