res	aa	Beta	Turn	Helix	Aggregation	Conc-Stab_Aggregation
01	  G	  0.0	  0.0	0.324	0.000	0.000
02	  F	  0.9	  0.1	0.324	0.000	0.000
03	  L	  1.0	  0.2	0.519	0.000	0.000
04	  D	  1.0	  0.3	1.287	0.000	0.000
05	  K	  1.1	  0.3	1.287	0.000	0.000
06	  L	  1.1	  0.3	1.287	0.000	0.000
07	  K	  1.1	  0.6	1.287	0.000	0.000
08	  K	  0.1	  0.6	1.130	0.000	0.000
09	  G	  0.0	  0.9	0.768	0.000	0.000
10	  A	  0.0	  1.1	0.137	0.000	0.000
11	  S	  0.0	  0.8	0.000	0.000	0.000
12	  D	  0.1	  0.6	0.127	0.000	0.000
13	  F	  0.4	  0.7	0.127	0.956	0.956
14	  A	  0.4	  0.4	0.127	0.956	0.956
15	  N	  0.3	  0.4	0.127	0.956	0.956
16	  A	  0.3	  0.4	0.127	0.956	0.956
17	  L	  0.9	  0.0	0.127	1.072	1.072
18	  V	  2.4	  0.0	0.000	1.072	1.072
19	  N	  2.5	  0.1	0.000	0.354	0.354
20	  S	  2.7	  0.1	0.000	0.354	0.354
21	  I	  2.2	  0.4	0.000	0.354	0.354
22	  K	  1.9	  0.4	0.000	0.000	0.000
23	  G	  1.1	  0.4	0.000	0.000	0.000
24	  T	  0.1	  0.4	0.000	0.000	0.000
