res	aa	Beta	Turn	Helix	Aggregation	Conc-Stab_Aggregation
01	  G	  0.0	  0.0	0.176	0.000	0.000
02	  V	  2.7	  0.0	0.176	0.000	0.000
03	  L	  2.9	  0.0	0.314	0.000	0.000
04	  D	  3.0	  0.0	0.698	0.000	0.000
05	  A	  0.7	  0.0	0.698	0.000	0.000
06	  F	  1.8	  0.1	0.698	0.000	0.000
07	  R	  2.3	  0.1	0.522	0.000	0.000
08	  K	  3.1	  0.1	0.522	0.000	0.000
09	  I	  2.8	  0.1	0.385	3.958	3.958
10	  A	  2.8	  0.0	0.385	3.958	3.958
11	  T	  6.9	  0.0	0.103	3.958	3.958
12	  V	  8.4	  0.0	0.103	3.958	3.958
13	  V	  9.4	  0.1	0.103	3.958	3.958
14	  K	  4.5	  0.1	0.103	0.000	0.000
15	  N	  4.2	  0.1	0.000	0.000	0.000
16	  V	  2.6	  0.1	0.000	0.000	0.000
17	  V	  2.3	  0.0	0.000	0.000	0.000
