res	aa	Beta	Turn	Helix	Aggregation	Conc-Stab_Aggregation
01	  G	  0.0	  0.0	0.000	0.000	0.000
02	  L	  0.1	  0.2	0.000	34.470	34.470
03	  L	  0.1	  0.2	0.000	35.330	35.330
04	  G	  0.2	  0.2	0.000	35.540	35.540
05	  F	  0.8	  0.4	0.000	38.463	38.463
06	  V	  0.9	  0.8	0.000	38.641	38.641
07	  G	  0.9	  0.9	0.000	17.758	17.758
08	  S	  0.3	  0.9	0.000	15.746	15.746
09	  L	  0.3	  0.7	0.000	15.511	15.511
10	  L	  0.3	  0.6	0.000	13.666	13.666
11	  G	  0.1	  0.6	0.000	2.644	2.644
12	  G	  0.0	  0.6	0.000	1.733	1.733
13	  L	  0.1	  0.6	0.000	1.733	1.733
14	  G	  0.1	  0.1	0.000	0.301	0.301
15	  I	  0.1	  0.0	0.000	0.000	0.000
