res	aa	Beta	Turn	Helix	Aggregation	Conc-Stab_Aggregation
01	  F	  5.4	  0.0	0.000	0.000	0.000
02	  Q	  6.7	  0.0	0.000	0.000	0.000
03	  F	  9.1	  0.0	0.000	0.000	0.000
04	  V	  4.1	  0.0	0.000	0.000	0.000
05	  N	  2.7	  4.5	0.110	0.000	0.000
06	  P	  0.2	  4.8	0.110	0.000	0.000
07	  S	  0.0	  4.8	0.110	0.000	0.000
08	  D	  1.1	  4.8	0.110	0.000	0.000
09	  I	  5.9	  0.2	0.110	0.000	0.000
10	  V	  6.8	  0.1	0.110	0.000	0.000
11	  F	  5.9	  0.1	0.110	0.000	0.000
12	  G	  1.1	  0.1	0.000	0.000	0.000
13	  S	  0.1	  0.1	0.000	0.000	0.000
