res	aa	Beta	Turn	Helix	Aggregation	Conc-Stab_Aggregation
01	  N	  0.0	  0.1	0.135	0.000	0.000
02	  E	  0.0	  0.2	0.135	0.000	0.000
03	  E	  0.1	  0.2	0.135	0.000	0.000
04	  E	  0.2	  0.2	0.135	0.000	0.000
05	  K	  4.1	  0.1	0.135	0.000	0.000
06	  V	  6.8	  0.0	0.135	0.000	0.000
07	  K	 12.3	  0.0	0.135	0.000	0.000
08	  W	  8.8	  0.0	0.000	0.000	0.000
09	  E	  6.4	  0.4	0.000	0.000	0.000
10	  P	  0.4	  0.4	0.000	0.000	0.000
11	  D	  0.1	  0.4	0.000	0.000	0.000
12	  V	  0.1	  0.4	0.000	0.000	0.000
13	  P	  0.1	  0.0	0.000	0.000	0.000
