res	aa	Beta	Turn	Helix	Aggregation	Conc-Stab_Aggregation
01	  G	  0.0	  0.0	0.115	0.000	0.000
02	  L	  0.2	  0.0	0.115	21.245	21.245
03	  F	  0.3	  0.1	0.115	21.924	21.924
04	  G	  0.3	  0.1	0.912	21.924	21.924
05	  V	  1.3	  0.1	0.912	21.924	21.924
06	  L	  1.1	  0.1	0.912	21.924	21.924
07	  A	  1.4	  0.0	1.023	10.433	10.433
08	  K	  2.4	  0.0	1.023	0.000	0.000
09	  V	  3.4	  0.0	0.907	0.000	0.000
10	  A	  3.2	  0.0	0.907	0.000	0.000
11	  A	  1.6	  0.0	0.740	0.000	0.000
12	  H	  3.8	  0.0	0.599	0.000	0.000
13	  V	  4.2	  0.0	0.000	0.000	0.000
14	  V	  4.0	  0.0	0.000	0.000	0.000
15	  P	  0.5	  0.0	0.000	0.000	0.000
16	  A	  0.2	  0.0	0.000	0.000	0.000
17	  I	  0.6	  0.0	0.000	0.000	0.000
18	  A	  0.7	  0.1	0.000	0.000	0.000
19	  E	  0.7	  0.1	0.000	0.000	0.000
20	  H	  0.4	  0.1	0.000	0.000	0.000
21	  F	  0.3	  0.1	0.000	0.000	0.000
