res	aa	Beta	Turn	Helix	Aggregation	Conc-Stab_Aggregation
01	  G	  0.0	  0.0	0.269	0.000	0.000
02	  V	  5.0	  0.0	0.269	0.000	0.000
03	  I	  5.6	  0.0	0.555	0.000	0.000
04	  D	  5.5	  0.1	1.056	0.000	0.000
05	  A	  0.7	  0.1	1.056	0.000	0.000
06	  A	  0.1	  0.1	1.056	0.000	0.000
07	  K	  0.2	  0.1	1.056	0.000	0.000
08	  K	  1.8	  0.0	0.898	0.000	0.000
09	  V	  6.2	  0.0	0.501	1.922	1.922
10	  V	 17.4	  0.0	0.378	1.922	1.922
11	  N	 16.0	  0.0	0.378	1.922	1.922
12	  V	 12.9	  0.0	0.196	1.922	1.922
13	  L	  1.3	  0.2	0.196	1.922	1.922
14	  K	  1.1	  0.2	0.102	0.000	0.000
15	  N	  1.0	  0.2	0.000	0.000	0.000
16	  L	  0.8	  0.2	0.000	0.000	0.000
17	  F	  0.8	  0.0	0.000	0.000	0.000
