res	aa	Beta	Turn	Helix	Aggregation	Conc-Stab_Aggregation
01	  G	  0.0	  0.0	0.000	0.000	0.000
02	  I	  0.5	  0.2	0.000	5.888	5.888
03	  L	  1.7	  0.2	0.000	6.057	6.057
04	  D	  1.7	  0.2	0.000	6.057	6.057
05	  F	  1.8	  0.2	0.000	6.057	6.057
06	  A	  0.6	  0.1	0.000	6.057	6.057
07	  K	  1.3	  0.1	0.000	6.057	6.057
08	  T	  6.4	  0.1	0.000	6.057	6.057
09	  V	  7.3	  0.1	0.000	6.200	6.200
10	  V	  6.6	  1.2	0.000	5.799	5.799
11	  G	  1.1	  1.2	0.000	0.760	0.760
12	  G	  0.1	  1.2	0.317	0.319	0.319
13	  I	  0.3	  1.3	0.317	0.319	0.319
14	  R	  0.3	  0.1	0.317	0.000	0.000
15	  N	  0.3	  0.5	0.317	0.000	0.000
16	  A	  0.1	  0.5	0.317	0.000	0.000
17	  L	  0.1	  0.4	0.317	0.000	0.000
18	  G	  0.1	  0.4	0.317	0.000	0.000
19	  I	  0.1	  0.0	0.000	0.000	0.000
