res	aa	Beta	Turn	Helix	Aggregation	Conc-Stab_Aggregation
01	  G	  0.0	  0.2	0.269	0.000	0.000
02	  V	  0.1	  1.6	0.269	0.000	0.000
03	  G	  0.1	  1.7	1.252	0.000	0.000
04	  D	  0.2	  1.7	1.890	0.000	0.000
05	  L	  0.4	  1.5	1.890	0.000	0.000
06	  I	  1.0	  0.0	1.890	0.000	0.000
07	  R	  0.9	  0.0	1.890	0.000	0.000
08	  K	  1.0	  0.0	1.773	0.000	0.000
09	  A	  0.8	  0.0	1.012	0.837	0.837
10	  V	  9.1	  0.0	0.433	0.837	0.837
11	  S	 10.0	  0.0	0.433	0.837	0.837
12	  V	 11.8	  0.0	0.000	0.837	0.837
13	  I	  3.7	  0.1	0.000	0.837	0.837
14	  K	  2.8	  0.1	0.000	0.000	0.000
15	  N	  2.6	  0.1	0.000	0.000	0.000
16	  I	  2.3	  0.1	0.000	0.000	0.000
17	  V	  2.0	  0.0	0.000	0.000	0.000
