res	aa	Beta	Turn	Helix	Aggregation	Conc-Stab_Aggregation
01	  G	  0.0	  0.2	0.000	0.000	0.000
02	  V	  0.1	  2.1	0.000	0.656	0.656
03	  G	  0.2	  2.1	0.000	0.656	0.656
04	  S	  1.0	  2.1	0.000	0.656	0.656
05	  F	  1.5	  1.8	0.000	0.656	0.656
06	  I	  2.0	  0.0	0.000	0.656	0.656
07	  H	  2.2	  0.0	0.000	0.000	0.000
08	  K	  3.4	  0.0	0.000	0.000	0.000
09	  V	  7.2	  0.0	0.000	1.636	1.636
10	  V	  8.1	  0.0	0.000	1.636	1.636
11	  S	  6.5	  0.0	0.000	1.636	1.636
12	  A	  2.6	  0.0	0.000	1.636	1.636
13	  I	  0.9	  0.1	0.000	1.636	1.636
14	  K	  1.0	  0.1	0.000	0.000	0.000
15	  N	  0.8	  0.1	0.000	0.000	0.000
16	  V	  0.6	  0.1	0.000	0.000	0.000
17	  A	  0.3	  0.0	0.000	0.000	0.000
