res	aa	Beta	Turn	Helix	Aggregation	Conc-Stab_Aggregation
01	  G	  0.0	  0.0	0.176	0.000	0.000
02	  V	  2.7	  0.0	0.176	0.000	0.000
03	  L	  2.9	  0.0	0.314	0.000	0.000
04	  D	  3.0	  0.0	0.700	0.000	0.000
05	  A	  0.7	  0.0	0.700	0.000	0.000
06	  F	  1.8	  0.1	0.700	0.000	0.000
07	  R	  2.3	  0.1	0.524	0.000	0.000
08	  K	  3.1	  0.1	0.524	0.000	0.000
09	  I	  2.8	  0.1	0.387	3.957	3.957
10	  A	  2.8	  0.0	0.387	3.957	3.957
11	  T	  7.0	  0.0	0.106	3.957	3.957
12	  V	  8.6	  0.0	0.106	3.957	3.957
13	  V	  9.6	  0.1	0.106	3.957	3.957
14	  K	  4.3	  0.1	0.106	0.000	0.000
15	  N	  2.0	  0.1	0.000	0.000	0.000
16	  L	  0.4	  0.1	0.000	0.000	0.000
17	  V	  0.3	  0.0	0.000	0.000	0.000
