res	aa	Beta	Turn	Helix	Aggregation	Conc-Stab_Aggregation
01	  G	  0.0	  0.0	0.000	0.000	0.000
02	  L	  0.1	  0.0	0.000	4.865	4.865
03	  L	  0.2	  0.0	0.000	4.865	4.865
04	  G	  0.2	  0.0	0.000	4.865	4.865
05	  M	  0.3	  0.2	0.000	5.203	5.203
06	  V	  0.4	  0.8	0.000	5.477	5.477
07	  G	  0.4	  0.8	0.000	2.418	2.418
08	  S	  0.3	  0.8	0.000	2.143	2.143
09	  L	  0.3	  0.7	0.000	2.143	2.143
10	  L	  0.3	  0.6	0.000	1.945	1.945
11	  G	  0.1	  0.6	0.000	0.196	0.196
12	  G	  0.0	  0.6	0.000	0.196	0.196
13	  L	  0.1	  0.6	0.000	0.196	0.196
14	  G	  0.1	  0.1	0.000	0.000	0.000
15	  L	  0.1	  0.0	0.000	0.000	0.000
