res	aa	Beta	Turn	Helix	Aggregation	Conc-Stab_Aggregation
01	  K	  0.3	  0.0	0.000	0.000	0.000
02	  Y	  1.9	  0.0	0.000	0.000	0.000
03	  F	  2.1	  0.0	0.000	0.000	0.000
04	  A	  2.0	  0.0	0.000	0.000	0.000
05	  T	  1.4	  0.1	2.130	0.000	0.000
06	  R	  3.8	  0.2	2.130	0.000	0.000
07	  C	  4.0	  0.2	2.770	0.000	0.000
08	  D	  3.2	  0.2	6.737	0.000	0.000
09	  L	  0.8	  0.2	6.846	0.000	0.000
10	  V	  0.7	  0.1	7.251	0.000	0.000
11	  R	  0.6	  0.1	7.251	0.000	0.000
12	  E	  0.7	  0.1	7.096	0.000	0.000
13	  L	  0.5	  0.1	6.969	0.000	0.000
14	  R	  0.5	  0.1	6.450	0.000	0.000
15	  K	  0.4	  0.4	5.019	0.000	0.000
16	  A	  0.2	  0.4	2.393	0.000	0.000
17	  G	  0.1	  0.4	1.916	0.000	0.000
18	  F	  0.0	  0.3	0.134	0.000	0.000
