res	aa	Beta	Turn	Helix	Aggregation	Conc-Stab_Aggregation
01	  G	  0.0	  0.0	0.000	0.000	0.000
02	  L	  0.4	  0.0	0.000	21.665	21.665
03	  L	  2.3	  0.0	0.000	21.777	21.777
04	  S	  2.9	  0.0	0.000	21.777	21.777
05	  V	  3.0	  0.0	0.000	22.158	22.158
06	  L	  1.1	  0.1	0.000	22.158	22.158
07	  G	  0.6	  0.1	0.216	4.213	4.213
08	  S	  0.6	  0.1	0.216	2.477	2.477
09	  V	  1.3	  0.1	0.216	2.273	2.273
10	  A	  1.4	  0.1	0.216	1.045	1.045
11	  K	  1.0	  0.1	0.216	0.000	0.000
12	  H	  3.6	  0.1	0.216	0.000	0.000
13	  V	  3.9	  0.1	0.000	0.000	0.000
14	  L	  3.7	  0.2	0.000	0.000	0.000
15	  P	  0.4	  0.2	0.000	0.000	0.000
16	  H	  3.3	  0.2	0.000	0.000	0.000
17	  V	  3.8	  0.2	0.000	0.000	0.000
18	  V	  3.9	  0.0	0.000	0.000	0.000
19	  P	  0.6	  0.0	0.000	0.000	0.000
20	  V	  4.1	  0.0	0.000	0.000	0.000
21	  I	  4.4	  0.0	0.000	0.000	0.000
22	  A	  4.5	  0.1	0.000	0.000	0.000
23	  E	  0.4	  0.1	0.000	0.000	0.000
24	  K	  0.1	  0.1	0.000	0.000	0.000
25	  L	  0.0	  0.1	0.000	0.000	0.000
