res	aa	Beta	Turn	Helix	Aggregation	Conc-Stab_Aggregation
01	  G	  0.0	  0.0	1.536	0.000	0.000
02	  L	  0.1	  0.0	1.536	0.000	0.000
03	  W	  0.3	  0.1	2.902	0.000	0.000
04	  E	  0.3	  0.1	2.902	0.000	0.000
05	  T	 11.3	  0.1	2.902	0.000	0.000
06	  I	 11.3	  0.4	2.902	0.000	0.000
07	  K	 11.4	  0.3	2.902	0.000	0.000
08	  N	  0.4	  0.8	2.714	0.000	0.000
09	  F	  0.2	  1.0	2.144	0.000	0.000
10	  G	  0.1	  0.8	0.629	0.000	0.000
11	  K	  0.2	  0.8	0.260	0.000	0.000
12	  K	  2.9	  0.3	0.000	0.000	0.000
13	  F	  7.3	  0.1	0.000	1.577	1.577
14	  T	  8.9	  0.0	0.406	1.825	1.825
15	  L	  9.3	  0.0	0.406	1.825	1.825
16	  N	  5.1	  0.0	0.555	1.825	1.825
17	  I	  4.0	  0.0	0.555	1.825	1.825
18	  L	  0.9	  0.0	0.555	1.591	1.591
19	  H	  1.0	  0.1	0.555	0.000	0.000
20	  N	  0.7	  0.1	0.559	0.000	0.000
21	  L	  2.6	  0.1	0.440	0.000	0.000
22	  K	  3.2	  0.1	0.440	0.000	0.000
23	  C	  3.5	  0.0	0.159	0.000	0.000
24	  K	  1.7	  0.0	0.159	0.000	0.000
25	  I	  0.9	  0.3	0.159	0.000	0.000
26	  G	  0.3	  0.4	0.159	0.000	0.000
27	  G	  0.1	  0.4	0.000	0.000	0.000
28	  G	  0.0	  0.4	0.000	0.000	0.000
29	  C	  0.0	  0.1	0.000	0.000	0.000
