res	aa	Beta	Turn	Helix	Aggregation	Conc-Stab_Aggregation
01	  I	  2.1	  0.0	0.000	0.000	0.000
02	  I	  2.1	  0.0	0.000	0.000	0.000
03	  G	  2.1	  0.0	0.000	0.000	0.000
04	  P	  0.0	  0.0	0.000	0.000	0.000
05	  V	  0.6	  0.0	0.000	6.341	6.341
06	  L	  0.7	  0.0	0.000	6.341	6.341
07	  G	  0.7	  0.0	0.000	6.341	6.341
08	  M	  0.3	  0.2	0.000	6.341	6.341
09	  V	  0.4	  0.6	0.000	6.341	6.341
10	  G	  0.5	  0.6	0.000	0.807	0.807
11	  S	  0.4	  0.9	0.000	0.307	0.307
12	  A	  0.3	  0.8	0.000	0.307	0.307
13	  L	  0.2	  0.9	0.000	0.307	0.307
14	  G	  0.1	  0.8	0.278	0.000	0.000
15	  G	  0.0	  0.6	0.278	0.000	0.000
16	  L	  0.2	  0.6	0.278	0.000	0.000
17	  L	  0.3	  0.1	0.278	0.000	0.000
18	  K	  0.5	  0.0	0.278	0.000	0.000
19	  K	  0.6	  0.0	0.278	0.000	0.000
20	  I	  0.6	  0.0	0.000	0.000	0.000
21	  G	  0.4	  0.0	0.000	0.000	0.000
