res	aa	Beta	Turn	Helix	Aggregation	Conc-Stab_Aggregation
01	  A	  0.0	  0.0	0.000	0.000	0.000
02	  A	  0.0	  0.2	0.000	0.000	0.000
03	  P	  0.0	  0.3	0.000	0.000	0.000
04	  Q	  0.3	  0.3	0.000	0.000	0.000
05	  Q	  0.4	  0.3	0.000	0.000	0.000
06	  L	  0.4	  0.2	0.000	0.000	0.000
07	  G	  0.1	  0.1	0.000	0.000	0.000
08	  H	  2.1	  0.0	0.000	0.000	0.000
09	  V	  4.2	  0.0	0.000	0.000	0.000
10	  K	  4.3	  0.0	0.000	0.000	0.000
11	  A	  2.3	  0.0	0.000	0.000	0.000
12	  A	  0.3	  0.2	0.000	0.000	0.000
13	  A	  0.1	  0.5	0.000	0.000	0.000
14	  S	  0.1	  0.5	0.000	0.000	0.000
15	  D	  0.0	  0.5	0.000	0.000	0.000
16	  Y	  0.0	  0.3	0.000	0.000	0.000
