res	aa	Beta	Turn	Helix	Aggregation	Conc-Stab_Aggregation
01	  F	  0.7	  0.0	0.247	0.423	0.423
02	  I	 10.9	  0.0	0.357	18.119	18.119
03	  T	 11.6	  0.0	2.254	18.119	18.119
04	  L	 11.7	  0.0	2.254	18.119	18.119
05	  L	  1.7	  0.0	2.254	18.119	18.119
06	  L	  1.1	  0.1	2.254	17.996	17.996
07	  R	  0.8	  0.1	2.254	0.000	0.000
08	  K	  1.1	  0.1	2.012	0.000	0.000
09	  F	  2.3	  0.1	0.543	0.335	0.335
10	  I	  2.3	  0.0	0.125	0.335	0.335
11	  C	  3.1	  0.0	0.254	0.335	0.335
12	  S	  4.6	  0.0	0.129	0.335	0.335
13	  I	  6.4	  0.0	0.129	0.335	0.335
14	  T	  6.2	  0.1	0.129	0.000	0.000
15	  K	  3.4	  0.1	0.129	0.000	0.000
16	  K	  1.1	  0.1	0.129	0.000	0.000
17	  C	  0.1	  0.1	0.000	0.000	0.000
