res	aa	Beta	Turn	Helix	Aggregation	Conc-Stab_Aggregation
01	  G	  0.0	  0.0	1.536	0.000	0.000
02	  L	  0.1	  0.0	1.536	0.000	0.000
03	  W	  0.3	  0.1	2.902	0.000	0.000
04	  E	  0.3	  0.1	2.902	0.000	0.000
05	  T	 11.3	  0.1	2.902	0.000	0.000
06	  I	 11.3	  0.4	2.902	0.000	0.000
07	  K	 11.4	  0.3	2.902	0.000	0.000
08	  N	  0.4	  0.8	2.714	0.000	0.000
09	  F	  0.2	  1.0	2.144	0.000	0.000
10	  G	  0.1	  0.8	0.629	0.000	0.000
11	  K	  0.2	  0.8	0.260	0.000	0.000
12	  K	  2.9	  0.3	0.000	0.000	0.000
13	  F	  7.1	  0.1	0.000	0.789	0.789
14	  T	  8.7	  0.0	1.075	0.789	0.789
15	  L	  9.1	  0.0	1.075	0.789	0.789
16	  N	  5.0	  0.0	2.605	0.789	0.789
17	  I	  3.9	  0.0	2.605	0.789	0.789
18	  L	  0.8	  0.0	2.605	0.560	0.560
19	  H	  1.3	  0.1	2.605	0.000	0.000
20	  K	  1.7	  0.1	2.398	0.000	0.000
21	  L	  3.6	  0.1	2.094	0.000	0.000
22	  K	  3.8	  0.1	1.841	0.000	0.000
23	  C	  3.4	  0.0	0.807	0.000	0.000
24	  K	  1.6	  0.0	0.293	0.000	0.000
25	  I	  0.9	  0.3	0.000	0.000	0.000
26	  G	  0.3	  0.4	0.000	0.000	0.000
27	  G	  0.1	  0.4	0.000	0.000	0.000
28	  G	  0.0	  0.4	0.000	0.000	0.000
29	  C	  0.0	  0.1	0.000	0.000	0.000
