res	aa	Beta	Turn	Helix	Aggregation	Conc-Stab_Aggregation
01	  H	  1.3	  0.1	0.000	0.000	0.000
02	  V	  1.5	  0.1	0.000	0.000	0.000
03	  D	  1.5	  0.2	3.182	0.000	0.000
04	  K	  0.4	  0.2	3.182	0.000	0.000
05	  K	  2.0	  0.1	3.182	0.000	0.000
06	  V	  2.5	  0.2	3.182	0.105	0.105
07	  A	  2.3	  0.2	3.957	0.105	0.105
08	  D	  0.6	  0.2	11.004	0.105	0.105
09	  K	  0.8	  0.2	10.936	0.105	0.105
10	  V	  4.1	  0.0	10.606	0.105	0.105
11	  L	  4.8	  0.0	10.606	0.105	0.105
12	  L	  4.3	  0.0	11.315	0.105	0.105
13	  L	  1.1	  0.0	11.315	0.105	0.105
14	  K	  0.4	  0.1	10.608	0.000	0.000
15	  Q	  0.8	  0.1	8.732	0.000	0.000
16	  L	  4.2	  0.1	7.194	0.000	0.000
17	  R	  6.8	  0.0	6.809	0.000	0.000
18	  I	  8.5	  0.0	5.234	0.000	0.000
19	  M	  6.6	  0.0	5.234	0.000	0.000
20	  R	  4.2	  0.0	4.089	0.000	0.000
21	  L	  2.1	  0.0	3.307	0.000	0.000
22	  L	  0.7	  0.0	2.729	0.000	0.000
23	  T	  0.7	  0.0	1.493	0.000	0.000
24	  R	  0.5	  0.0	1.398	0.000	0.000
25	  L	  0.4	  0.0	0.100	0.000	0.000
