res	aa	Beta	Turn	Helix	Aggregation	Conc-Stab_Aggregation
01	  G	  0.0	  0.0	0.000	0.000	0.000
02	  L	  0.1	  0.0	0.000	3.514	3.514
03	  L	  0.2	  0.0	0.000	3.514	3.514
04	  Q	  0.3	  0.0	0.000	3.514	3.514
05	  T	 11.4	  0.0	2.223	3.514	3.514
06	  I	 11.9	  0.0	2.223	3.514	3.514
07	  T	 12.0	  0.1	5.006	0.948	0.948
08	  E	  0.9	  0.1	5.231	0.000	0.000
09	  K	  1.1	  0.1	5.231	0.000	0.000
10	  L	  0.9	  0.2	5.231	0.000	0.000
11	  K	  1.0	  0.1	5.231	0.000	0.000
12	  E	  0.5	  0.1	4.795	0.000	0.000
13	  F	  0.8	  0.4	3.662	1.651	1.651
14	  A	  0.7	  0.6	1.375	1.651	1.651
15	  G	  0.4	  0.6	0.965	1.651	1.651
16	  G	  0.0	  0.6	0.304	1.651	1.651
17	  L	  0.4	  0.3	0.000	3.001	3.001
18	  V	  1.1	  0.1	0.000	3.001	3.001
19	  T	  1.1	  0.1	0.000	2.121	2.121
20	  G	  0.7	  0.1	0.000	1.588	1.588
21	  V	  1.7	  0.1	0.000	1.588	1.588
22	  Q	  1.7	  0.0	0.000	0.127	0.127
23	  S	  1.6	  0.0	0.000	0.000	0.000
