res	aa	Beta	Turn	Helix	Aggregation	Conc-Stab_Aggregation
01	  G	  0.0	  0.0	1.440	0.000	0.000
02	  L	  0.3	  0.0	1.440	0.303	0.303
03	  F	  3.5	  0.0	1.704	0.303	0.303
04	  D	  4.9	  0.0	3.711	0.303	0.303
05	  I	  6.2	  0.0	3.711	0.303	0.303
06	  I	  3.6	  0.0	3.711	0.303	0.303
07	  K	  2.2	  0.0	3.711	0.303	0.303
08	  K	  1.8	  0.0	3.495	0.000	0.000
09	  I	  1.7	  0.0	2.889	0.000	0.000
10	  A	  1.6	  0.2	2.889	0.000	0.000
11	  E	  0.4	  0.2	2.586	0.000	0.000
12	  S	  0.1	  0.2	1.866	0.000	0.000
13	  F	  0.1	  0.2	0.145	0.000	0.000
