res	aa	Beta	Turn	Helix	Aggregation	Conc-Stab_Aggregation
01	  G	  0.0	  0.0	0.382	0.000	0.000
02	  L	  0.4	  0.0	0.382	0.000	0.000
03	  F	  3.6	  0.0	0.739	0.000	0.000
04	  D	  3.8	  0.0	1.207	0.000	0.000
05	  I	  3.9	  0.0	1.207	0.000	0.000
06	  A	  0.7	  0.0	1.207	0.000	0.000
07	  K	  0.7	  0.0	1.207	0.000	0.000
08	  K	  2.5	  0.0	1.074	0.000	0.000
09	  V	  3.4	  0.0	0.468	24.204	24.204
10	  I	  3.5	  0.0	0.468	26.116	26.116
11	  G	  1.2	  0.0	0.468	26.116	26.116
12	  V	  1.2	  0.0	0.000	26.116	26.116
13	  I	  1.1	  0.8	0.000	26.116	26.116
14	  G	  1.0	  0.8	0.000	11.606	11.606
15	  S	  0.1	  0.8	0.000	2.776	2.776
16	  L	  0.0	  0.8	0.000	0.000	0.000
