res	aa	Beta	Turn	Helix	Aggregation	Conc-Stab_Aggregation
01	  G	  0.0	  0.0	0.386	0.000	0.000
02	  L	  0.4	  0.0	0.386	0.309	0.309
03	  F	  3.6	  0.0	0.386	0.309	0.309
04	  D	  4.6	  0.0	0.530	0.309	0.309
05	  I	  7.0	  0.0	0.530	0.309	0.309
06	  V	  4.4	  0.0	0.530	0.309	0.309
07	  K	  3.4	  0.0	0.530	0.309	0.309
08	  K	  2.6	  0.0	0.365	0.000	0.000
09	  V	  3.0	  0.0	0.144	6.594	6.594
10	  V	  2.8	  0.1	0.144	7.709	7.709
11	  G	  1.1	  0.1	0.144	7.709	7.709
12	  T	  2.9	  0.1	0.000	7.709	7.709
13	  I	  4.0	  0.1	0.000	7.709	7.709
14	  A	  4.0	  0.0	0.000	6.748	6.748
15	  G	  1.2	  0.0	0.000	1.244	1.244
16	  L	  0.0	  0.0	0.000	0.000	0.000
