res	aa	Beta	Turn	Helix	Aggregation	Conc-Stab_Aggregation
01	  G	  0.0	  0.0	0.000	0.000	0.000
02	  I	  0.7	  0.0	0.000	0.420	0.420
03	  W	  0.8	  0.1	0.000	0.420	0.420
04	  G	  0.8	  0.1	0.337	0.420	0.420
05	  T	  0.6	  0.1	0.465	0.420	0.420
06	  A	  0.7	  0.1	0.465	0.420	0.420
07	  L	  1.3	  0.0	0.465	0.420	0.420
08	  K	  1.0	  0.0	0.465	0.000	0.000
09	  W	  0.9	  0.0	0.465	0.000	0.000
10	  G	  0.3	  0.0	0.315	0.000	0.000
11	  V	  7.3	  0.0	0.000	0.000	0.000
12	  K	  7.7	  0.0	0.000	0.000	0.000
13	  L	  7.7	  0.0	0.000	0.000	0.000
14	  L	  0.7	  0.2	0.000	0.000	0.000
15	  P	  0.1	  0.2	0.000	0.000	0.000
16	  K	  0.6	  0.2	0.000	0.000	0.000
17	  L	  0.7	  0.3	0.000	0.173	0.173
18	  V	  1.0	  0.2	0.000	0.173	0.173
19	  G	  0.6	  0.1	0.258	0.173	0.173
20	  M	  0.4	  0.1	0.258	0.173	0.173
21	  A	  0.2	  0.1	0.258	0.173	0.173
22	  Q	  0.3	  0.1	0.258	0.000	0.000
23	  T	  1.3	  0.1	0.258	0.000	0.000
24	  K	  1.3	  0.1	0.258	0.000	0.000
25	  K	  1.1	  0.1	0.144	0.000	0.000
26	  Q	  0.1	  0.1	0.000	0.000	0.000
