res	aa	Beta	Turn	Helix	Aggregation	Conc-Stab_Aggregation
01	  W	  0.1	  0.1	0.000	0.000	0.000
02	  L	  0.1	  0.4	0.000	0.000	0.000
03	  G	  0.2	  0.5	0.117	0.000	0.000
04	  S	  0.2	  0.5	0.264	0.000	0.000
05	  A	  0.4	  0.3	0.264	0.000	0.000
06	  L	  2.0	  0.0	0.264	0.000	0.000
07	  K	  2.1	  0.0	0.264	0.000	0.000
08	  I	  2.0	  0.2	0.264	0.000	0.000
09	  G	  0.3	  0.2	0.264	0.000	0.000
10	  A	  0.3	  0.2	0.000	0.000	0.000
11	  K	  0.8	  0.2	0.000	0.000	0.000
12	  L	  0.9	  0.0	0.000	0.000	0.000
13	  L	  0.6	  0.3	0.000	0.000	0.000
14	  P	  0.1	  0.3	0.000	0.000	0.000
15	  S	  0.9	  0.3	0.000	2.965	2.965
16	  V	  2.0	  0.3	0.000	23.298	23.298
17	  V	  2.2	  0.2	0.000	23.298	23.298
18	  G	  1.3	  0.2	0.344	23.298	23.298
19	  L	  0.5	  0.2	0.344	23.298	23.298
20	  F	  2.1	  0.2	0.344	22.840	22.840
21	  Q	  2.3	  0.1	0.344	0.351	0.351
22	  K	  2.1	  0.1	0.344	0.000	0.000
23	  K	  0.4	  0.1	0.344	0.000	0.000
24	  K	  0.2	  0.1	0.133	0.000	0.000
25	  K	  0.1	  0.0	0.000	0.000	0.000
