res	aa	Beta	Turn	Helix	Aggregation	Conc-Stab_Aggregation
01	  F	  0.7	  0.2	0.000	0.000	0.000
02	  W	  0.8	  0.5	0.000	0.827	0.827
03	  G	  0.8	  0.5	0.297	0.827	0.827
04	  A	  0.4	  0.5	0.297	0.827	0.827
05	  L	  0.6	  0.3	0.297	0.827	0.827
06	  I	  1.7	  0.4	0.297	0.827	0.827
07	  K	  1.4	  0.4	0.297	0.000	0.000
08	  G	  1.1	  0.4	0.297	0.000	0.000
09	  A	  0.1	  0.4	0.111	0.000	0.000
10	  A	  0.3	  0.1	0.000	0.000	0.000
11	  K	  1.2	  0.0	0.000	0.000	0.000
12	  L	  1.3	  0.0	0.000	0.000	0.000
13	  I	  1.0	  0.2	0.000	0.000	0.000
14	  P	  0.1	  0.2	0.000	0.000	0.000
15	  S	  0.9	  0.2	0.000	1.456	1.456
16	  V	  2.0	  0.2	0.000	11.263	11.263
17	  V	  2.2	  0.2	0.000	11.263	11.263
18	  G	  1.4	  0.2	0.170	11.263	11.263
19	  L	  0.5	  0.2	0.170	11.263	11.263
20	  F	  0.6	  0.2	0.170	11.039	11.039
21	  K	  0.7	  0.1	0.170	0.000	0.000
22	  K	  0.6	  0.1	0.170	0.000	0.000
23	  K	  0.1	  0.1	0.170	0.000	0.000
24	  Q	  0.1	  0.0	0.000	0.000	0.000
