res	aa	Beta	Turn	Helix	Aggregation	Conc-Stab_Aggregation
01	  W	  0.1	  0.1	0.000	0.000	0.000
02	  L	  0.1	  0.4	0.000	0.000	0.000
03	  G	  0.2	  0.5	0.117	0.000	0.000
04	  S	  0.2	  0.5	0.264	0.000	0.000
05	  A	  0.4	  0.3	0.264	0.000	0.000
06	  L	  2.0	  0.0	0.264	0.000	0.000
07	  K	  2.1	  0.0	0.264	0.000	0.000
08	  I	  2.0	  0.2	0.264	0.000	0.000
09	  G	  0.3	  0.2	0.264	0.000	0.000
10	  A	  0.3	  0.2	0.000	0.000	0.000
11	  K	  0.8	  0.2	0.000	0.000	0.000
12	  L	  0.9	  0.0	0.000	0.000	0.000
13	  L	  0.6	  0.3	0.000	0.000	0.000
14	  P	  0.1	  0.3	0.000	0.000	0.000
15	  S	  0.9	  0.3	0.000	1.449	1.449
16	  V	  2.0	  0.3	0.000	11.212	11.212
17	  V	  2.2	  0.2	0.000	11.212	11.212
18	  G	  1.4	  0.2	0.294	11.212	11.212
19	  L	  0.5	  0.2	0.294	11.212	11.212
20	  F	  0.6	  0.2	0.294	10.988	10.988
21	  K	  0.7	  0.1	0.294	0.000	0.000
22	  K	  0.6	  0.1	0.294	0.000	0.000
23	  K	  0.2	  0.1	0.294	0.000	0.000
24	  K	  0.1	  0.1	0.144	0.000	0.000
25	  Q	  0.1	  0.0	0.000	0.000	0.000
