res	aa	Beta	Turn	Helix	Aggregation	Conc-Stab_Aggregation
01	  G	  0.0	  0.0	0.000	0.000	0.000
02	  L	  0.2	  0.5	0.000	0.000	0.000
03	  K	  0.2	  0.5	0.000	0.000	0.000
04	  D	  0.4	  0.5	0.000	0.000	0.000
05	  W	  1.4	  0.5	0.000	0.000	0.000
06	  V	  8.6	  0.0	0.000	0.000	0.000
07	  K	  9.6	  0.0	0.000	0.000	0.000
08	  I	  9.6	  0.1	0.000	0.000	0.000
09	  A	  2.5	  0.4	0.000	0.000	0.000
10	  G	  1.1	  0.4	0.110	0.000	0.000
11	  G	  0.0	  0.4	0.446	0.000	0.000
12	  W	  0.5	  0.3	0.581	0.000	0.000
13	  L	  0.5	  0.1	0.581	0.000	0.000
14	  K	  0.6	  0.2	0.581	0.000	0.000
15	  K	  0.2	  0.2	0.581	0.000	0.000
16	  K	  0.1	  0.3	0.471	0.000	0.000
17	  G	  0.0	  1.5	0.254	0.000	0.000
18	  P	  0.0	  1.4	0.000	0.000	0.000
19	  G	  0.0	  1.4	0.470	0.000	0.000
20	  I	  0.8	  1.3	0.470	0.000	0.000
21	  L	  1.1	  0.1	0.470	0.000	0.000
22	  K	  1.2	  0.0	0.622	0.000	0.000
23	  A	  0.6	  0.0	0.622	0.119	0.119
24	  A	  0.3	  0.0	0.622	0.260	0.260
25	  M	  0.3	  0.0	0.491	0.260	0.260
26	  A	  0.2	  0.0	0.324	0.260	0.260
27	  A	  0.2	  0.0	0.324	0.260	0.260
28	  A	  0.3	  0.0	0.324	0.260	0.260
29	  T	  0.3	  0.0	0.000	0.260	0.260
30	  Q	  0.3	  0.0	0.000	0.000	0.000
