res	aa	Beta	Turn	Helix	Aggregation	Conc-Stab_Aggregation
01	  D	  0.4	  0.0	0.144	0.000	0.000
02	  F	  0.9	  0.3	0.144	0.000	0.000
03	  K	  0.9	  0.3	0.144	0.000	0.000
04	  D	  0.5	  0.3	0.144	0.000	0.000
05	  W	  0.6	  0.3	0.144	0.000	0.000
06	  M	  0.7	  0.1	0.144	0.000	0.000
07	  K	  1.0	  0.1	0.144	0.000	0.000
08	  T	  0.6	  0.5	4.023	0.000	0.000
09	  A	  0.4	  0.5	4.023	0.000	0.000
10	  G	  0.1	  0.4	6.286	0.000	0.000
11	  E	  0.1	  0.4	6.582	0.000	0.000
12	  W	  0.5	  0.0	6.816	0.000	0.000
13	  L	  0.6	  0.0	6.816	0.000	0.000
14	  K	  0.6	  0.2	6.816	0.000	0.000
15	  K	  0.2	  0.2	5.826	0.000	0.000
16	  K	  0.1	  0.3	3.533	0.000	0.000
17	  G	  0.0	  1.4	1.557	0.000	0.000
18	  P	  0.0	  1.4	0.000	0.000	0.000
19	  G	  0.0	  1.4	0.421	0.000	0.000
20	  I	  0.8	  1.3	0.421	0.000	0.000
21	  L	  1.1	  0.1	0.421	0.000	0.000
22	  K	  1.2	  0.0	0.535	0.000	0.000
23	  A	  0.6	  0.0	0.535	0.212	0.212
24	  A	  0.3	  0.0	0.535	0.461	0.461
25	  M	  0.3	  0.0	0.409	0.461	0.461
26	  A	  0.2	  0.0	0.251	0.461	0.461
27	  A	  0.2	  0.0	0.251	0.461	0.461
28	  A	  0.1	  0.0	0.251	0.461	0.461
29	  T	  0.1	  0.0	0.000	0.000	0.000
