res	aa	Beta	Turn	Helix	Aggregation	Conc-Stab_Aggregation
01	  A	  0.2	  0.0	0.000	0.000	0.000
02	  C	  0.9	  0.1	0.000	0.000	0.000
03	  S	  0.9	  0.2	0.000	0.000	0.000
04	  R	  0.8	  0.6	0.000	0.000	0.000
05	  A	  0.1	  0.8	0.000	0.000	0.000
06	  G	  0.1	  1.3	0.000	0.000	0.000
07	  E	  0.1	  1.2	0.000	0.000	0.000
08	  N	  2.4	  0.8	0.104	0.000	0.000
09	  C	  6.0	  0.6	0.104	0.000	0.000
10	  Y	  6.8	  0.3	0.104	0.000	0.000
11	  K	  4.6	  0.6	0.104	0.000	0.000
12	  S	  1.1	  0.8	0.104	0.000	0.000
13	  G	  0.2	  0.9	0.104	0.000	0.000
14	  R	  0.6	  0.5	0.000	0.000	0.000
15	  C	  6.3	  0.8	0.000	0.000	0.000
16	  C	  6.3	  0.8	0.000	0.000	0.000
17	  D	  5.8	  0.8	0.000	0.000	0.000
18	  G	  0.1	  0.8	0.520	0.000	0.000
19	  L	  1.6	  0.3	0.520	0.000	0.000
20	  Y	  2.7	  0.0	0.520	0.000	0.000
21	  C	  3.6	  0.1	0.520	0.000	0.000
22	  K	  2.2	  0.1	0.520	0.000	0.000
23	  A	  1.3	  0.1	0.520	19.251	19.251
24	  Y	  2.2	  0.1	0.413	35.193	35.193
25	  V	  4.5	  0.0	0.000	44.598	44.598
26	  V	 10.7	  0.0	0.000	44.598	44.598
27	  T	 12.9	  0.0	0.000	44.598	44.598
28	  C	 17.0	  0.0	0.000	39.620	39.620
29	  Y	 10.9	  0.0	0.000	38.223	38.223
30	  K	  6.9	  0.0	0.000	0.000	0.000
31	  P	  0.2	  0.0	0.000	0.000	0.000
