res	aa	Beta	Turn	Helix	Aggregation	Conc-Stab_Aggregation
01	  G	  0.0	  0.0	0.000	0.000	0.000
02	  L	  0.4	  0.1	0.000	0.000	0.000
03	  L	  0.6	  0.2	0.000	0.000	0.000
04	  S	  0.6	  0.3	0.220	0.000	0.000
05	  G	  0.2	  0.3	0.220	0.000	0.000
06	  L	  0.1	  0.2	0.220	0.000	0.000
07	  K	  0.3	  0.1	0.220	0.000	0.000
08	  K	  0.7	  0.2	0.220	0.000	0.000
09	  V	  0.6	  0.4	0.220	0.000	0.000
10	  G	  0.4	  0.5	0.220	0.000	0.000
11	  K	  0.3	  0.5	0.000	0.000	0.000
12	  H	  1.8	  0.3	0.000	0.000	0.000
13	  V	  2.4	  0.1	0.000	0.000	0.000
14	  A	  2.2	  0.2	0.000	0.000	0.000
15	  K	  1.0	  0.2	0.000	0.000	0.000
16	  N	  0.6	  0.2	0.000	0.921	0.921
17	  V	  7.3	  0.2	0.000	23.659	23.659
18	  A	  7.5	  0.0	0.000	23.842	23.842
19	  V	 11.4	  0.0	0.000	23.842	23.842
20	  S	  5.0	  0.0	0.648	23.842	23.842
21	  L	  4.8	  0.1	0.648	23.842	23.842
22	  M	  0.9	  0.2	0.648	13.198	13.198
23	  D	  0.7	  0.3	1.264	0.000	0.000
24	  S	  0.8	  0.3	1.907	0.000	0.000
25	  L	  2.6	  0.2	1.907	0.000	0.000
26	  K	  3.3	  0.2	1.907	0.000	0.000
27	  C	  3.4	  0.0	1.599	0.000	0.000
28	  K	  2.1	  0.0	1.405	0.000	0.000
29	  I	  2.5	  0.1	0.816	0.000	0.000
30	  S	  1.9	  1.7	0.816	0.000	0.000
31	  G	  1.2	  1.7	0.109	0.000	0.000
32	  D	  0.0	  1.7	0.000	0.000	0.000
33	  C	  0.0	  1.5	0.000	0.000	0.000
