res	aa	Beta	Turn	Helix	Aggregation	Conc-Stab_Aggregation
01	  S	  0.2	  0.0	0.119	0.000	0.000
02	  M	  0.8	  0.0	0.119	2.201	2.201
03	  L	  2.6	  0.0	0.119	2.201	2.201
04	  S	  2.9	  0.0	0.597	2.201	2.201
05	  V	  3.5	  0.0	0.597	2.201	2.201
06	  L	  1.8	  0.2	0.597	2.201	2.201
07	  K	  1.3	  0.2	0.597	0.000	0.000
08	  N	  0.2	  0.6	0.597	0.000	0.000
09	  L	  0.1	  0.6	0.597	0.000	0.000
10	  G	  0.0	  0.4	0.597	0.000	0.000
11	  K	  0.4	  0.4	0.173	0.000	0.000
12	  V	  0.7	  0.1	0.000	3.591	3.591
13	  G	  0.7	  0.3	0.000	3.783	3.783
14	  L	  0.3	  0.3	0.000	6.169	6.169
15	  G	  0.1	  0.3	0.000	6.169	6.169
16	  F	  2.6	  0.2	0.000	6.169	6.169
17	  V	  4.1	  0.0	0.000	5.987	5.987
18	  A	  4.1	  0.0	0.000	3.477	3.477
19	  C	  2.3	  0.0	0.109	0.831	0.831
20	  K	  2.1	  0.0	0.109	0.000	0.000
21	  I	  2.4	  0.0	0.109	0.000	0.000
22	  N	  1.9	  0.3	0.109	0.000	0.000
23	  K	  0.6	  0.2	0.109	0.000	0.000
24	  Q	  0.2	  0.2	0.109	0.000	0.000
25	  C	  0.2	  0.2	0.000	0.000	0.000
