res	aa	Beta	Turn	Helix	Aggregation	Conc-Stab_Aggregation
01	  G	  0.0	  0.0	0.000	0.000	0.000
02	  L	  0.7	  0.0	0.000	0.125	0.125
03	  F	  1.6	  0.1	0.000	0.125	0.125
04	  L	  1.8	  0.1	0.000	0.125	0.125
05	  D	  1.1	  0.2	0.140	0.125	0.125
06	  T	  3.3	  0.2	0.140	0.125	0.125
07	  L	  3.1	  0.4	0.140	0.125	0.125
08	  K	  3.1	  0.5	0.140	0.125	0.125
09	  G	  0.1	  0.4	0.140	0.000	0.000
10	  A	  0.1	  0.4	0.140	0.000	0.000
11	  A	  0.1	  0.3	0.000	0.000	0.000
12	  K	  0.3	  0.2	0.000	0.000	0.000
13	  D	  0.4	  0.2	0.000	0.000	0.000
14	  V	  1.0	  0.5	0.000	0.000	0.000
15	  A	  0.8	  0.4	0.000	0.000	0.000
16	  G	  0.6	  0.4	0.000	0.000	0.000
17	  K	  1.5	  0.4	0.000	0.000	0.000
18	  L	  1.5	  0.3	0.000	0.000	0.000
19	  E	  1.5	  0.3	0.000	0.000	0.000
20	  G	  0.0	  0.2	0.125	0.000	0.000
21	  L	  2.0	  0.3	0.125	0.000	0.000
22	  K	  2.7	  0.1	0.125	0.000	0.000
23	  C	  3.3	  0.0	0.125	0.000	0.000
24	  K	  6.5	  0.0	0.125	0.000	0.000
25	  I	  8.1	  0.1	0.125	0.000	0.000
26	  T	  7.6	  0.4	0.125	0.000	0.000
27	  G	  2.5	  0.4	0.125	0.000	0.000
28	  C	  1.1	  0.4	0.125	0.000	0.000
29	  K	  1.1	  0.3	0.000	0.000	0.000
30	  L	  1.1	  0.0	0.000	0.000	0.000
31	  P	  0.1	  0.0	0.000	0.000	0.000
