res	aa	Beta	Turn	Helix	Aggregation	Conc-Stab_Aggregation
01	  G	  0.0	  0.0	0.240	0.000	0.000
02	  F	  0.9	  0.2	0.240	0.000	0.000
03	  L	  3.3	  0.2	0.240	0.000	0.000
04	  D	  4.7	  0.2	2.088	0.000	0.000
05	  I	  4.8	  0.2	2.088	0.000	0.000
06	  I	  2.8	  0.0	2.088	0.000	0.000
07	  N	  1.3	  0.3	2.088	0.000	0.000
08	  K	  0.5	  0.4	2.088	0.000	0.000
09	  L	  0.1	  0.6	1.979	0.000	0.000
10	  G	  0.2	  0.7	1.615	0.000	0.000
11	  K	  0.6	  0.5	0.606	0.000	0.000
12	  T	  4.1	  0.3	0.000	0.000	0.000
13	  F	  4.5	  0.6	0.000	0.000	0.000
14	  A	  3.9	  0.7	0.000	0.000	0.000
15	  G	  0.4	  0.7	0.000	0.000	0.000
16	  H	  0.6	  0.7	0.101	0.000	0.000
17	  M	  1.0	  0.2	0.101	0.000	0.000
18	  L	  1.1	  0.1	0.101	0.000	0.000
19	  D	  0.5	  0.1	0.211	0.000	0.000
20	  K	  2.5	  0.1	0.211	0.000	0.000
21	  I	  6.2	  0.0	0.211	0.000	0.000
22	  K	  8.8	  0.0	0.211	0.000	0.000
23	  C	  9.7	  0.0	0.110	0.000	0.000
24	  T	  6.5	  0.0	0.110	0.000	0.000
25	  I	  3.8	  0.2	0.110	0.000	0.000
26	  G	  0.5	  0.2	0.110	0.000	0.000
27	  T	  0.1	  0.2	0.000	0.000	0.000
28	  C	  0.1	  0.2	0.000	0.000	0.000
29	  P	  0.0	  0.0	0.000	0.000	0.000
30	  P	  0.0	  0.0	0.000	0.000	0.000
31	  S	  0.0	  0.0	0.000	0.000	0.000
32	  P	  0.0	  0.0	0.000	0.000	0.000
