res	aa	Beta	Turn	Helix	Aggregation	Conc-Stab_Aggregation
01	  F	  0.1	  0.0	0.000	0.000	0.000
02	  L	  0.2	  0.0	0.000	0.000	0.000
03	  P	  0.2	  0.0	0.000	0.000	0.000
04	  I	  3.1	  0.0	0.000	14.909	14.909
05	  I	  4.1	  0.0	0.145	15.424	15.424
06	  A	  4.5	  0.0	0.292	15.424	15.424
07	  S	  2.1	  0.0	1.765	15.424	15.424
08	  V	  2.1	  0.0	1.886	15.424	15.424
09	  A	  1.8	  0.0	1.886	6.460	6.460
10	  A	  1.5	  0.0	1.886	2.968	2.968
11	  K	  1.8	  0.0	1.886	0.000	0.000
12	  V	  2.1	  0.0	1.594	0.000	0.000
13	  F	  1.8	  0.3	1.594	0.000	0.000
14	  P	  0.3	  0.3	0.000	0.000	0.000
15	  K	  0.4	  0.3	0.000	0.000	0.000
16	  I	  1.8	  0.3	0.000	5.358	5.358
17	  F	  4.5	  0.0	0.000	5.358	5.358
18	  C	  4.8	  0.0	0.249	5.358	5.358
19	  A	  3.8	  0.0	0.249	5.358	5.358
20	  I	  1.7	  0.0	0.249	5.358	5.358
21	  S	  1.1	  0.2	0.249	0.269	0.269
22	  K	  0.8	  0.2	0.249	0.000	0.000
23	  K	  0.2	  0.2	0.249	0.000	0.000
24	  C	  0.1	  0.1	0.000	0.000	0.000
