res	aa	Beta	Turn	Helix	Aggregation	Conc-Stab_Aggregation
01	  G	  0.0	  0.0	0.000	0.000	0.000
02	  I	  1.4	  0.0	0.000	0.389	0.389
03	  L	  1.7	  0.1	0.000	0.389	0.389
04	  S	  1.8	  0.1	0.000	0.389	0.389
05	  S	  1.3	  0.1	0.000	0.389	0.389
06	  I	  2.0	  1.0	0.000	0.389	0.389
07	  K	  1.8	  0.9	0.000	0.000	0.000
08	  G	  1.2	  0.9	0.000	0.000	0.000
09	  V	  0.9	  0.9	0.000	0.000	0.000
10	  A	  0.9	  0.4	0.000	0.000	0.000
11	  K	  0.7	  0.4	0.000	0.000	0.000
12	  G	  0.2	  0.4	0.000	0.000	0.000
13	  V	  0.9	  0.4	0.000	0.000	0.000
14	  A	  0.9	  0.2	0.000	0.000	0.000
15	  K	  1.0	  0.2	0.000	0.000	0.000
16	  N	  0.7	  0.2	3.569	0.000	0.000
17	  V	  1.8	  0.2	3.700	1.945	1.945
18	  A	  1.6	  0.0	3.891	1.945	1.945
19	  A	  1.5	  0.0	3.891	1.945	1.945
20	  Q	  0.8	  0.0	3.891	1.945	1.945
21	  L	  1.1	  0.1	3.891	1.945	1.945
22	  L	  1.0	  0.1	3.754	1.657	1.657
23	  D	  0.5	  0.1	3.919	0.000	0.000
24	  T	  3.0	  0.1	3.756	0.000	0.000
25	  L	  4.7	  0.1	3.756	0.000	0.000
26	  K	  5.4	  0.1	3.607	0.000	0.000
27	  C	  3.3	  0.0	1.460	0.000	0.000
28	  K	  6.2	  0.0	0.824	0.000	0.000
29	  I	  7.8	  0.1	0.000	0.000	0.000
30	  T	  7.4	  0.1	0.000	0.000	0.000
31	  G	  2.5	  0.1	0.000	0.000	0.000
32	  C	  0.1	  0.1	0.000	0.000	0.000
