res	aa	Beta	Turn	Helix	Aggregation	Conc-Stab_Aggregation
01	  F	  0.1	  0.0	0.000	0.000	0.000
02	  L	  0.2	  0.0	0.000	0.000	0.000
03	  P	  0.2	  0.0	0.000	0.000	0.000
04	  F	  0.6	  0.0	0.000	12.755	12.755
05	  L	  0.7	  0.1	0.000	13.520	13.520
06	  A	  1.2	  0.2	0.000	13.520	13.520
07	  S	  0.7	  0.2	0.146	13.520	13.520
08	  L	  0.8	  0.2	0.146	13.520	13.520
09	  L	  0.8	  0.1	0.146	10.893	10.893
10	  T	  2.5	  0.0	0.146	4.211	4.211
11	  K	  3.1	  0.0	0.146	0.148	0.148
12	  V	  2.7	  0.0	0.146	0.148	0.148
13	  L	  0.9	  0.0	0.146	0.148	0.148
