res	aa	Beta	Turn	Helix	Aggregation	Conc-Stab_Aggregation
01	  G	  0.0	  0.0	0.000	0.000	0.000
02	  I	  0.4	  0.1	0.000	0.000	0.000
03	  L	  0.7	  0.2	0.000	0.000	0.000
04	  D	  1.2	  0.2	0.000	0.000	0.000
05	  S	  2.3	  0.2	0.000	0.000	0.000
06	  F	  2.3	  2.5	0.000	0.000	0.000
07	  K	  1.8	  2.3	0.000	0.000	0.000
08	  G	  0.5	  2.3	0.000	0.000	0.000
09	  V	  0.9	  2.3	0.000	0.000	0.000
10	  A	  0.9	  0.4	0.000	0.000	0.000
11	  K	  0.7	  0.4	0.000	0.000	0.000
12	  G	  0.2	  0.4	0.223	0.000	0.000
13	  V	  0.9	  0.4	0.223	0.000	0.000
14	  A	  0.9	  0.3	0.223	0.000	0.000
15	  K	  0.8	  0.3	0.223	0.000	0.000
16	  D	  0.1	  0.3	3.089	0.000	0.000
17	  L	  0.1	  0.8	3.089	0.000	0.000
18	  A	  0.1	  0.6	3.089	0.000	0.000
19	  G	  0.1	  0.6	3.526	0.000	0.000
20	  K	  0.3	  0.6	3.911	0.000	0.000
21	  L	  0.6	  0.2	3.794	0.000	0.000
22	  L	  0.6	  0.1	3.920	0.000	0.000
23	  D	  0.4	  0.1	4.447	0.000	0.000
24	  K	  1.0	  0.1	4.304	0.000	0.000
25	  L	  2.8	  0.2	3.595	0.000	0.000
26	  K	  3.5	  0.1	3.424	0.000	0.000
27	  C	  3.2	  0.0	2.117	0.000	0.000
28	  K	  6.3	  0.0	1.057	0.000	0.000
29	  I	  7.9	  0.1	0.000	0.000	0.000
30	  T	  7.4	  0.1	0.000	0.000	0.000
31	  G	  2.5	  0.1	0.000	0.000	0.000
32	  C	  0.1	  0.1	0.000	0.000	0.000
