res	aa	Beta	Turn	Helix	Aggregation	Conc-Stab_Aggregation
01	  F	  0.1	  0.0	0.000	0.000	0.000
02	  L	  0.2	  0.0	0.000	0.000	0.000
03	  P	  0.2	  0.0	0.000	0.222	0.222
04	  I	  2.1	  0.0	0.000	39.555	39.555
05	  L	  2.6	  0.0	0.000	42.359	42.359
06	  I	  6.8	  0.0	0.000	42.359	42.359
07	  N	  5.0	  0.0	0.110	42.359	42.359
08	  L	  5.0	  0.0	0.110	42.359	42.359
09	  I	  1.5	  0.0	0.110	35.636	35.636
10	  H	  1.1	  0.5	0.110	0.093	0.093
11	  K	  0.6	  0.5	0.110	0.000	0.000
12	  G	  0.1	  0.5	0.110	0.000	0.000
13	  L	  0.0	  0.5	0.000	0.000	0.000
14	  L	  0.0	  0.0	0.000	0.000	0.000
