res	aa	Beta	Turn	Helix	Aggregation	Conc-Stab_Aggregation
01	  F	  0.1	  0.0	0.000	0.000	0.000
02	  L	  0.2	  0.0	0.000	0.000	0.000
03	  P	  0.2	  0.0	0.000	0.000	0.000
04	  I	  3.1	  0.0	0.000	0.000	0.000
05	  V	  3.1	  0.2	0.000	0.000	0.000
06	  G	  3.1	  0.2	0.000	0.000	0.000
07	  K	  0.3	  0.2	0.000	0.000	0.000
08	  L	  0.7	  0.4	0.000	0.763	0.763
09	  L	  0.8	  0.3	0.000	0.763	0.763
10	  S	  0.6	  0.3	0.000	0.763	0.763
11	  G	  0.2	  0.3	0.000	0.763	0.763
12	  L	  0.0	  0.2	0.000	0.763	0.763
13	  L	  0.0	  0.1	0.000	0.000	0.000
