res	aa	Beta	Turn	Helix	Aggregation	Conc-Stab_Aggregation
01	  F	  0.1	  0.0	0.000	0.000	0.000
02	  L	  0.2	  0.3	0.000	0.000	0.000
03	  P	  0.2	  0.3	0.000	0.000	0.000
04	  L	  0.3	  0.3	0.000	15.275	15.275
05	  F	  1.1	  0.7	0.000	17.479	17.479
06	  A	  1.6	  0.4	0.000	17.479	17.479
07	  S	  1.6	  0.4	0.000	17.479	17.479
08	  L	  0.9	  0.6	0.000	17.479	17.479
09	  I	  0.5	  0.4	0.000	14.994	14.994
10	  G	  0.2	  0.4	0.000	1.250	1.250
11	  K	  0.3	  0.4	0.000	0.000	0.000
12	  L	  0.3	  0.3	0.000	0.000	0.000
13	  L	  0.3	  0.1	0.000	0.000	0.000
