res	aa	Beta	Turn	Helix	Aggregation	Conc-Stab_Aggregation
01	  F	  0.1	  0.0	0.000	0.000	0.000
02	  L	  0.2	  0.0	0.000	0.000	0.000
03	  P	  0.2	  0.0	0.000	0.000	0.000
04	  V	  4.4	  0.0	0.000	6.337	6.337
05	  V	  5.0	  0.0	0.269	6.450	6.450
06	  A	  5.0	  0.0	0.269	6.450	6.450
07	  G	  0.7	  0.0	0.644	6.450	6.450
08	  L	  0.2	  0.0	0.644	6.450	6.450
09	  A	  0.2	  0.0	0.644	2.639	2.639
10	  A	  0.5	  0.0	0.644	1.161	1.161
11	  K	  2.2	  0.0	0.644	0.000	0.000
12	  V	  2.6	  0.0	0.375	0.000	0.000
13	  L	  2.3	  0.3	0.375	0.000	0.000
14	  P	  0.4	  0.3	0.000	0.000	0.000
15	  S	  0.6	  0.3	0.121	1.843	1.843
16	  I	  2.5	  0.3	0.121	14.587	14.587
17	  I	  3.1	  0.0	0.121	14.811	14.811
18	  C	  3.6	  0.0	0.367	14.811	14.811
19	  A	  2.1	  0.0	0.367	14.811	14.811
20	  V	  3.2	  0.0	0.367	14.563	14.563
21	  T	  3.1	  0.1	0.367	3.135	3.135
22	  K	  2.8	  0.1	0.367	0.000	0.000
23	  K	  1.1	  0.1	0.367	0.000	0.000
24	  C	  0.1	  0.1	0.000	0.000	0.000
