res	aa	Beta	Turn	Helix	Aggregation	Conc-Stab_Aggregation
01	  G	  0.0	  0.0	0.261	0.000	0.000
02	  L	  0.3	  0.1	0.261	0.000	0.000
03	  L	  0.5	  0.1	0.261	0.000	0.000
04	  D	  1.1	  0.1	0.261	0.000	0.000
05	  T	 12.0	  0.1	0.261	0.000	0.000
06	  I	 12.8	  0.9	0.261	0.000	0.000
07	  K	 12.2	  0.8	0.261	0.000	0.000
08	  G	  1.2	  0.8	0.113	0.000	0.000
09	  V	  0.8	  0.8	0.000	0.000	0.000
10	  A	  0.8	  0.1	0.000	0.000	0.000
11	  K	  1.4	  0.1	0.000	0.000	0.000
12	  T	  4.5	  0.1	1.181	0.393	0.393
13	  V	  5.6	  0.1	1.181	1.045	1.045
14	  A	  4.9	  0.1	1.181	1.045	1.045
15	  A	  1.6	  0.1	1.181	1.045	1.045
16	  S	  0.7	  0.1	5.567	1.045	1.045
17	  M	  1.0	  0.2	5.567	1.045	1.045
18	  L	  0.7	  0.1	5.569	0.741	0.741
19	  D	  0.5	  0.3	6.308	0.000	0.000
20	  K	  1.0	  0.3	6.308	0.000	0.000
21	  L	  2.9	  0.2	6.037	0.000	0.000
22	  K	  3.6	  0.1	5.558	0.000	0.000
23	  C	  3.3	  0.0	3.656	0.000	0.000
24	  K	  2.0	  0.0	2.068	0.000	0.000
25	  I	  2.4	  0.2	0.574	0.000	0.000
26	  S	  1.9	  0.2	0.574	0.000	0.000
27	  G	  1.2	  0.2	0.000	0.000	0.000
28	  C	  0.1	  0.2	0.000	0.000	0.000
