res	aa	Beta	Turn	Helix	Aggregation	Conc-Stab_Aggregation
01	  N	  0.1	  0.0	0.000	0.000	0.000
02	  F	  0.4	  0.0	0.132	20.618	20.618
03	  L	  0.4	  0.1	0.132	21.121	21.121
04	  G	  0.4	  0.2	0.284	21.121	21.121
05	  T	  0.6	  0.2	1.097	21.321	21.321
06	  L	  1.1	  0.2	1.097	21.438	21.438
07	  I	  5.2	  0.0	1.222	20.029	20.029
08	  N	  4.7	  0.0	1.454	3.158	3.158
09	  L	  4.2	  0.0	1.454	2.489	2.489
10	  A	  0.1	  0.0	1.454	0.639	0.639
11	  K	  0.3	  0.0	1.282	0.000	0.000
12	  K	  0.8	  0.0	0.535	0.000	0.000
13	  I	  0.8	  0.0	0.233	0.000	0.000
14	  M	  0.6	  0.0	0.233	0.000	0.000
