res	aa	Beta	Turn	Helix	Aggregation	Conc-Stab_Aggregation
01	  F	  1.0	  0.0	0.000	0.000	0.000
02	  L	  1.6	  0.0	0.000	0.753	0.753
03	  S	  1.8	  0.0	0.971	0.753	0.753
04	  A	  1.1	  0.0	0.971	0.948	0.948
05	  I	  1.6	  0.1	0.971	1.176	1.176
06	  A	  1.7	  0.1	0.971	1.176	1.176
07	  S	  1.7	  0.1	1.105	0.613	0.613
08	  M	  0.8	  0.2	1.105	0.613	0.613
09	  L	  0.3	  0.5	0.850	0.613	0.613
10	  G	  0.1	  0.5	0.850	0.000	0.000
11	  K	  0.3	  0.5	0.546	0.000	0.000
12	  F	  0.3	  0.3	0.134	0.000	0.000
13	  L	  0.3	  0.0	0.000	0.000	0.000
