res	aa	Beta	Turn	Helix	Aggregation	Conc-Stab_Aggregation
01	  F	  0.1	  0.0	0.000	0.000	0.000
02	  L	  0.2	  0.0	0.000	0.000	0.000
03	  P	  0.2	  0.0	0.000	0.000	0.000
04	  F	  1.6	  0.0	0.000	2.520	2.520
05	  I	  2.8	  0.2	0.153	2.520	2.520
06	  A	  2.8	  0.2	0.153	2.520	2.520
07	  G	  1.3	  0.2	0.673	2.520	2.520
08	  M	  0.2	  0.2	0.673	2.520	2.520
09	  A	  0.2	  0.4	0.673	1.666	1.666
10	  A	  0.2	  0.4	0.673	0.941	0.941
11	  N	  0.2	  0.4	0.673	0.324	0.324
12	  F	  0.3	  0.4	0.520	0.324	0.324
13	  L	  0.3	  0.1	0.136	0.000	0.000
14	  P	  0.1	  0.1	0.000	0.000	0.000
15	  K	  0.4	  0.1	0.000	0.000	0.000
16	  I	  1.8	  0.1	0.000	5.366	5.366
17	  F	  4.5	  0.0	0.000	5.366	5.366
18	  C	  4.8	  0.0	0.249	5.366	5.366
19	  A	  3.8	  0.0	0.249	5.366	5.366
20	  I	  1.7	  0.0	0.249	5.366	5.366
21	  S	  1.1	  0.2	0.249	0.265	0.265
22	  K	  0.8	  0.2	0.249	0.000	0.000
23	  K	  0.2	  0.2	0.249	0.000	0.000
24	  C	  0.1	  0.1	0.000	0.000	0.000
