res	aa	Beta	Turn	Helix	Aggregation	Conc-Stab_Aggregation
01	  F	  0.1	  0.0	0.000	0.000	0.000
02	  L	  0.2	  0.0	0.000	0.000	0.000
03	  P	  0.2	  0.0	0.580	0.000	0.000
04	  F	  0.6	  0.0	0.580	0.212	0.212
05	  L	  0.7	  0.0	0.580	0.212	0.212
06	  A	  1.0	  0.0	0.580	0.212	0.212
07	  K	  1.0	  0.0	0.580	0.212	0.212
08	  I	  2.6	  0.0	0.580	13.609	13.609
09	  L	  2.4	  0.1	0.580	13.609	13.609
10	  T	  1.9	  0.1	0.315	13.609	13.609
11	  G	  0.2	  0.1	0.315	13.609	13.609
12	  V	  0.0	  0.1	0.000	13.609	13.609
13	  L	  0.0	  0.0	0.000	0.212	0.212
