res	aa	Beta	Turn	Helix	Aggregation	Conc-Stab_Aggregation
01	  V	  0.4	  0.0	0.000	0.000	0.000
02	  L	  0.4	  0.0	0.000	0.000	0.000
03	  P	  0.4	  0.0	0.544	0.000	0.000
04	  L	  0.5	  0.0	0.544	2.024	2.024
05	  I	  4.3	  0.0	0.544	2.256	2.256
06	  S	  4.4	  0.0	0.943	2.256	2.256
07	  M	  4.3	  0.1	0.943	2.256	2.256
08	  A	  0.5	  0.3	0.943	2.256	2.256
09	  L	  0.4	  0.4	0.943	1.700	1.700
10	  G	  0.1	  0.5	0.943	0.123	0.123
11	  K	  0.3	  0.3	0.557	0.000	0.000
12	  L	  0.3	  0.2	0.000	0.000	0.000
13	  L	  0.3	  0.1	0.000	0.000	0.000
