res	aa	Beta	Turn	Helix	Aggregation	Conc-Stab_Aggregation
01	  F	  1.1	  0.0	0.000	0.000	0.000
02	  L	  1.2	  0.0	0.000	0.000	0.000
03	  F	  1.2	  0.3	0.000	0.000	0.000
04	  P	  0.1	  0.3	0.000	0.108	0.108
05	  L	  0.4	  0.3	0.000	13.400	13.400
06	  I	  2.9	  0.3	0.000	15.068	15.068
07	  T	  4.4	  0.0	0.000	15.068	15.068
08	  S	  4.5	  0.0	0.000	15.068	15.068
09	  F	  3.0	  0.0	0.000	15.068	15.068
10	  L	  1.7	  0.0	0.000	11.442	11.442
11	  S	  1.6	  0.0	0.000	1.270	1.270
12	  K	  1.5	  0.0	0.000	0.000	0.000
13	  V	  1.3	  0.0	0.000	0.000	0.000
14	  L	  0.9	  0.0	0.000	0.000	0.000
