res	aa	Beta	Turn	Helix	Aggregation	Conc-Stab_Aggregation
01	  F	  0.1	  0.0	0.000	0.000	0.000
02	  L	  0.2	  0.0	0.000	0.000	0.000
03	  P	  0.2	  0.0	0.000	0.094	0.094
04	  I	  3.1	  0.0	0.000	34.292	34.292
05	  I	  4.1	  0.0	0.000	36.663	36.663
06	  A	  4.6	  0.0	0.000	36.760	36.760
07	  S	  2.1	  0.0	0.190	36.874	36.874
08	  V	  2.1	  0.0	0.190	38.062	38.062
09	  A	  1.6	  0.2	0.190	31.484	31.484
10	  A	  1.2	  0.2	0.190	25.341	25.341
11	  N	  4.1	  0.2	0.190	20.120	20.120
12	  V	  8.3	  0.2	0.190	19.925	19.925
13	  F	 10.2	  0.1	0.190	17.191	17.191
14	  S	  6.6	  0.1	0.000	1.821	1.821
15	  K	  2.7	  0.1	0.000	0.000	0.000
16	  I	  2.0	  0.1	0.000	5.216	5.216
17	  F	  4.3	  0.0	0.000	5.216	5.216
18	  C	  4.7	  0.0	0.249	5.216	5.216
19	  A	  3.7	  0.0	0.249	5.216	5.216
20	  I	  1.7	  0.0	0.249	5.216	5.216
21	  S	  1.1	  0.2	0.249	0.258	0.258
22	  K	  0.8	  0.2	0.249	0.000	0.000
23	  K	  0.2	  0.2	0.249	0.000	0.000
24	  C	  0.1	  0.1	0.000	0.000	0.000
