res	aa	Beta	Turn	Helix	Aggregation	Conc-Stab_Aggregation
01	  F	  0.1	  0.0	0.000	0.000	0.000
02	  L	  0.2	  0.0	0.000	0.000	0.000
03	  P	  0.2	  0.0	0.000	0.000	0.000
04	  F	  1.6	  0.0	0.000	12.573	12.573
05	  I	  2.7	  0.1	0.174	12.959	12.959
06	  A	  2.8	  0.1	0.174	12.959	12.959
07	  G	  1.4	  0.1	0.664	12.959	12.959
08	  V	  1.4	  0.1	0.664	12.959	12.959
09	  A	  1.5	  0.0	0.664	5.399	5.399
10	  A	  1.4	  0.0	0.664	2.480	2.480
11	  K	  0.7	  0.0	0.664	0.000	0.000
12	  F	  0.8	  0.0	0.490	0.000	0.000
13	  L	  0.6	  0.1	0.000	0.000	0.000
14	  P	  0.1	  0.1	0.000	0.000	0.000
15	  K	  0.4	  0.1	0.000	0.000	0.000
16	  I	  1.8	  0.1	0.000	5.371	5.371
17	  F	  4.5	  0.0	0.000	5.371	5.371
18	  C	  4.8	  0.0	0.249	5.371	5.371
19	  A	  3.8	  0.0	0.249	5.371	5.371
20	  I	  1.7	  0.0	0.249	5.371	5.371
21	  S	  1.1	  0.2	0.249	0.270	0.270
22	  K	  0.8	  0.2	0.249	0.000	0.000
23	  K	  0.2	  0.2	0.249	0.000	0.000
24	  C	  0.1	  0.1	0.000	0.000	0.000
