res	aa	Beta	Turn	Helix	Aggregation	Conc-Stab_Aggregation
01	  F	  0.1	  0.0	0.000	0.000	0.000
02	  L	  0.2	  0.0	0.000	0.000	0.000
03	  P	  0.2	  0.0	0.000	0.000	0.000
04	  M	  0.3	  0.0	0.000	0.501	0.501
05	  L	  0.3	  0.2	0.157	0.636	0.636
06	  A	  0.3	  0.2	0.157	0.636	0.636
07	  G	  0.1	  0.2	0.332	0.636	0.636
08	  L	  0.2	  0.2	0.332	0.636	0.636
09	  A	  0.3	  0.2	0.332	0.441	0.441
10	  A	  0.6	  0.2	0.332	0.141	0.141
11	  S	  1.2	  0.2	0.332	0.000	0.000
12	  M	  1.2	  0.2	0.175	0.000	0.000
13	  V	  0.8	  0.2	0.000	0.000	0.000
14	  P	  0.1	  0.2	0.000	0.000	0.000
15	  K	  0.5	  0.2	0.000	0.000	0.000
16	  F	  2.6	  0.2	0.000	32.342	32.342
17	  V	  4.2	  0.0	0.000	32.841	32.841
18	  C	  4.7	  0.0	0.256	32.841	32.841
19	  L	  3.0	  0.0	0.256	32.841	32.841
20	  I	  3.7	  0.0	0.256	32.841	32.841
21	  T	  3.7	  0.1	0.256	6.969	6.969
22	  K	  3.4	  0.1	0.256	0.000	0.000
23	  K	  1.1	  0.1	0.256	0.000	0.000
24	  C	  0.1	  0.1	0.000	0.000	0.000
