res	aa	Beta	Turn	Helix	Aggregation	Conc-Stab_Aggregation
01	  F	  0.1	  0.0	0.000	0.000	0.000
02	  L	  0.1	  0.0	0.000	0.000	0.000
03	  P	  0.1	  0.0	0.000	0.000	0.000
04	  A	  0.6	  0.0	0.000	1.034	1.034
05	  I	  3.7	  0.0	0.000	1.593	1.593
06	  V	  3.7	  0.1	0.000	1.593	1.593
07	  G	  3.2	  0.3	0.000	1.593	1.593
08	  A	  0.2	  0.9	0.000	1.593	1.593
09	  A	  0.1	  0.9	0.000	1.034	1.034
10	  G	  0.1	  0.8	0.000	0.000	0.000
11	  Q	  2.3	  0.6	0.000	0.000	0.000
12	  F	  2.4	  0.1	0.000	0.000	0.000
13	  L	  2.4	  0.1	0.000	0.000	0.000
14	  P	  0.1	  0.1	0.000	0.000	0.000
15	  K	  0.4	  0.1	0.000	0.000	0.000
16	  I	  1.8	  0.1	0.000	5.366	5.366
17	  F	  4.5	  0.0	0.000	5.366	5.366
18	  C	  4.8	  0.0	0.249	5.366	5.366
19	  A	  3.8	  0.0	0.249	5.366	5.366
20	  I	  1.7	  0.0	0.249	5.366	5.366
21	  S	  1.1	  0.2	0.249	0.265	0.265
22	  K	  0.8	  0.2	0.249	0.000	0.000
23	  K	  0.2	  0.2	0.249	0.000	0.000
24	  C	  0.1	  0.1	0.000	0.000	0.000
