res	aa	Beta	Turn	Helix	Aggregation	Conc-Stab_Aggregation
01	  F	  0.2	  0.0	0.000	0.000	0.000
02	  F	  0.2	  0.0	0.000	0.000	0.000
03	  P	  0.2	  0.0	0.000	0.000	0.000
04	  I	  4.6	  0.0	0.000	13.786	13.786
05	  V	  5.2	  0.1	0.000	14.299	14.299
06	  A	  5.2	  0.1	0.000	14.299	14.299
07	  G	  0.8	  0.1	0.000	14.299	14.299
08	  V	  0.8	  0.4	0.000	14.299	14.299
09	  A	  0.8	  0.3	0.000	7.345	7.345
10	  G	  0.6	  0.3	0.504	0.925	0.925
11	  Q	  0.5	  0.3	0.504	0.392	0.392
12	  V	  1.6	  0.0	0.504	0.392	0.392
13	  L	  1.7	  0.0	0.504	0.278	0.278
14	  K	  1.4	  0.0	0.504	0.000	0.000
15	  K	  0.6	  0.0	0.504	0.000	0.000
16	  I	  1.7	  0.0	0.156	0.472	0.472
17	  Y	  2.5	  0.0	0.156	0.472	0.472
18	  C	  5.5	  0.0	0.000	0.472	0.472
19	  T	 16.9	  0.0	0.000	0.472	0.472
20	  I	 16.4	  0.0	0.000	0.472	0.472
21	  S	 13.4	  0.1	0.000	0.000	0.000
22	  K	  0.8	  0.1	0.000	0.000	0.000
23	  K	  0.2	  0.1	0.000	0.000	0.000
24	  C	  0.1	  0.1	0.000	0.000	0.000
