res	aa	Beta	Turn	Helix	Aggregation	Conc-Stab_Aggregation
01	  I	  1.2	  0.0	0.000	0.000	0.000
02	  L	  1.2	  0.0	0.000	0.000	0.000
03	  G	  1.2	  0.0	0.000	0.000	0.000
04	  P	  0.0	  0.0	0.000	0.274	0.274
05	  V	  0.6	  0.0	0.000	24.578	24.578
06	  L	  0.7	  0.0	0.000	24.740	24.740
07	  G	  0.7	  0.0	0.000	24.740	24.740
08	  L	  0.3	  0.0	0.000	24.740	24.740
09	  V	  0.2	  1.0	0.000	24.740	24.740
10	  G	  0.2	  1.0	0.000	2.628	2.628
11	  N	  0.1	  1.4	0.000	0.486	0.486
12	  A	  0.1	  1.4	0.000	0.486	0.486
13	  L	  0.1	  0.9	0.000	0.486	0.486
14	  G	  0.1	  0.9	0.000	0.087	0.087
15	  G	  0.0	  0.5	0.000	0.087	0.087
16	  L	  0.4	  0.5	0.000	0.087	0.087
17	  I	  0.7	  0.1	0.000	0.087	0.087
18	  K	  0.9	  0.1	0.000	0.000	0.000
19	  N	  0.6	  0.1	0.000	0.000	0.000
20	  E	  0.3	  0.1	0.000	0.000	0.000
