res	aa	Beta	Turn	Helix	Aggregation	Conc-Stab_Aggregation
01	  G	  0.1	  0.2	0.512	0.000	0.000
02	  L	  0.4	  0.2	0.512	0.000	0.000
03	  N	  0.4	  0.3	1.301	0.000	0.000
04	  A	  0.5	  0.3	1.301	0.000	0.000
05	  L	  0.3	  0.2	1.301	0.000	0.000
06	  K	  0.4	  0.2	1.301	0.000	0.000
07	  K	  1.2	  0.0	0.992	0.000	0.000
08	  V	  5.2	  0.0	0.788	0.414	0.414
09	  F	  5.5	  0.4	0.788	0.414	0.414
10	  Q	  4.6	  0.4	0.326	0.414	0.414
11	  G	  0.5	  0.4	0.125	0.414	0.414
12	  I	  0.5	  0.5	0.000	0.414	0.414
13	  H	  0.7	  0.1	0.417	0.000	0.000
14	  E	  0.6	  0.1	0.417	0.000	0.000
15	  A	  0.6	  0.1	0.417	0.000	0.000
16	  I	  5.8	  0.1	0.417	0.000	0.000
17	  K	  6.3	  0.0	0.417	0.000	0.000
18	  L	  6.4	  0.1	0.417	0.000	0.000
19	  I	  1.3	  0.1	0.266	0.000	0.000
20	  N	  0.7	  0.1	0.266	0.000	0.000
21	  N	  0.3	  0.1	0.115	0.000	0.000
22	  H	  1.6	  0.0	0.000	0.000	0.000
23	  V	  1.6	  0.0	0.000	0.000	0.000
24	  Q	  1.4	  0.0	0.000	0.000	0.000
