res	aa	Beta	Turn	Helix	Aggregation	Conc-Stab_Aggregation
01	  V	  3.5	  0.0	0.000	0.000	0.000
02	  S	  3.6	  0.1	0.000	0.000	0.000
03	  I	  3.9	  0.2	0.000	0.000	0.000
04	  G	  0.5	  0.2	0.000	0.000	0.000
05	  I	  4.1	  0.2	0.000	0.000	0.000
06	  K	  4.8	  0.1	0.000	0.000	0.000
07	  C	  4.8	  0.0	0.000	0.000	0.000
08	  D	  1.1	  2.0	0.000	0.000	0.000
09	  P	  0.1	  1.9	0.000	0.000	0.000
10	  S	  2.8	  2.3	0.000	0.000	0.000
11	  I	  5.5	  2.3	0.000	0.000	0.000
12	  D	  5.6	  0.4	0.161	0.000	0.000
13	  L	  2.9	  0.4	0.161	0.000	0.000
14	  C	  0.4	  1.2	1.598	0.000	0.000
15	  E	  0.2	  1.3	1.598	0.000	0.000
16	  G	  0.1	  1.3	2.358	0.000	0.000
17	  Q	  0.5	  1.3	2.358	0.000	0.000
18	  C	  3.2	  0.1	2.316	0.000	0.000
19	  R	  6.6	  0.0	2.316	0.000	0.000
20	  I	  9.1	  0.0	2.316	0.000	0.000
21	  R	  7.6	  0.0	2.316	0.000	0.000
22	  Y	  5.2	  0.0	1.804	0.274	0.274
23	  F	  3.4	  0.1	1.266	0.274	0.274
24	  T	  2.3	  0.1	0.000	0.274	0.274
25	  G	  1.4	  0.1	0.000	0.274	0.274
26	  Y	  2.3	  0.2	0.000	0.274	0.274
27	  C	  2.5	  0.6	0.000	0.000	0.000
28	  S	  2.5	  5.3	0.000	0.000	0.000
29	  G	  0.3	  5.4	0.000	0.000	0.000
30	  D	  0.4	  5.3	0.000	0.000	0.000
31	  T	  3.6	  4.9	0.000	0.000	0.000
32	  C	  5.3	  0.1	0.000	0.000	0.000
33	  H	  6.0	  0.0	0.000	0.000	0.000
34	  C	  2.8	  0.0	0.000	0.000	0.000
35	  S	  1.0	  0.0	0.000	0.000	0.000
