res	aa	Beta	Turn	Helix	Aggregation	Conc-Stab_Aggregation
01	  P	  0.0	  0.0	0.000	0.000	0.000
02	  E	  0.0	  0.0	0.000	0.000	0.000
03	  D	  0.0	  0.5	30.080	0.000	0.000
04	  P	  0.0	  0.5	30.080	0.000	0.000
05	  Q	  0.2	  0.5	30.080	0.000	0.000
06	  R	  0.8	  0.5	30.080	0.000	0.000
07	  R	  1.6	  0.1	30.080	0.000	0.000
08	  Y	  2.2	  0.1	30.080	0.000	0.000
09	  Q	  1.6	  0.0	27.429	0.000	0.000
10	  E	  0.8	  0.0	26.383	0.000	0.000
11	  A	  0.2	  0.1	25.242	0.000	0.000
12	  Q	  0.3	  0.1	24.119	0.000	0.000
13	  R	  0.2	  0.1	20.731	0.000	0.000
14	  E	  0.2	  0.1	17.228	0.000	0.000
15	  A	  0.1	  0.1	13.975	0.000	0.000
16	  R	  0.2	  0.0	12.086	0.000	0.000
17	  A	  0.2	  0.0	7.523	0.000	0.000
18	  Q	  0.5	  0.0	5.619	0.000	0.000
19	  Q	  0.4	  0.0	1.943	0.000	0.000
20	  E	  0.4	  0.0	0.287	0.000	0.000
