res	aa	Beta	Turn	Helix	Aggregation	Conc-Stab_Aggregation
01	  G	  0.0	  0.6	0.000	0.000	0.000
02	  A	  0.1	  0.6	0.000	0.000	0.000
03	  D	  0.6	  0.6	0.116	0.000	0.000
04	  F	  1.6	  0.7	0.116	0.000	0.000
05	  Q	  1.7	  0.1	0.116	0.000	0.000
06	  E	  1.2	  0.1	0.116	0.000	0.000
07	  C	  2.8	  0.1	0.116	0.000	0.000
08	  M	  2.7	  0.1	0.116	0.000	0.000
09	  K	  2.8	  0.1	0.116	0.000	0.000
10	  E	  0.4	  0.1	0.000	0.000	0.000
11	  H	  0.4	  0.3	0.000	0.000	0.000
12	  S	  0.4	  0.3	0.000	0.000	0.000
13	  Q	  0.6	  0.3	0.000	0.000	0.000
14	  K	  0.6	  0.3	0.000	0.000	0.000
15	  Q	  0.9	  0.2	0.000	0.000	0.000
16	  H	  1.1	  0.2	0.000	0.000	0.000
17	  Q	  1.4	  0.2	0.000	0.000	0.000
18	  H	  1.1	  0.1	0.000	0.000	0.000
19	  Q	  0.6	  0.1	0.000	0.000	0.000
20	  G	  0.1	  0.0	0.000	0.000	0.000
