res	aa	Beta	Turn	Helix	Aggregation	Conc-Stab_Aggregation
01	  G	  0.3	  0.0	0.450	0.000	0.000
02	  I	  2.3	  0.1	0.450	0.000	0.000
03	  N	  2.3	  0.1	0.559	0.000	0.000
04	  T	  4.9	  0.1	0.839	0.000	0.000
05	  L	  3.0	  0.1	0.839	0.000	0.000
06	  K	  3.1	  0.1	0.839	0.000	0.000
07	  K	  2.5	  0.0	0.513	0.000	0.000
08	  V	  4.4	  0.0	0.388	0.194	0.194
09	  I	  4.4	  0.1	0.388	0.194	0.194
10	  Q	  2.2	  0.1	0.388	0.194	0.194
11	  G	  0.2	  0.1	0.222	0.194	0.194
12	  L	  0.1	  0.1	0.103	0.194	0.194
13	  H	  1.1	  0.0	0.304	0.000	0.000
14	  E	  1.5	  0.0	0.304	0.834	0.834
15	  V	  4.0	  0.0	0.304	0.834	0.834
16	  I	  8.1	  0.0	0.304	0.834	0.834
17	  K	  8.2	  0.0	0.304	0.834	0.834
18	  L	  6.4	  0.0	0.304	0.834	0.834
19	  V	  1.5	  0.1	0.304	0.834	0.834
20	  S	  0.9	  0.1	0.304	0.000	0.000
21	  N	  0.4	  0.1	0.000	0.000	0.000
22	  H	  0.2	  0.1	0.000	0.000	0.000
23	  E	  0.2	  0.0	0.000	0.000	0.000
