res	aa	Beta	Turn	Helix	Aggregation	Conc-Stab_Aggregation
01	  K	  0.6	  0.0	0.000	0.000	0.000
02	  I	  1.6	  0.0	0.000	0.000	0.000
03	  M	  1.7	  0.0	0.000	0.000	0.000
04	  A	  1.1	  0.0	0.000	0.000	0.000
05	  K	  0.2	  0.4	0.000	0.000	0.000
06	  P	  0.0	  0.5	0.000	0.000	0.000
07	  S	  0.2	  0.5	0.124	0.000	0.000
08	  K	  0.5	  0.5	0.124	0.000	0.000
09	  F	  2.9	  0.1	0.124	0.000	0.000
10	  Y	  3.6	  0.2	0.124	0.000	0.000
11	  E	  3.4	  0.2	0.124	0.000	0.000
12	  Q	  1.8	  0.2	0.124	0.000	0.000
13	  L	  1.0	  0.4	0.124	0.000	0.000
14	  R	  1.0	  0.2	0.124	0.000	0.000
15	  G	  0.2	  0.2	0.124	0.000	0.000
16	  R	  0.0	  0.2	0.000	0.000	0.000
