res	aa	Beta	Turn	Helix	Aggregation	Conc-Stab_Aggregation
01	  V	  0.5	  0.0	0.000	0.000	0.000
02	  A	  0.5	  0.1	0.000	0.000	0.000
03	  G	  0.5	  0.2	0.000	0.000	0.000
04	  P	  0.0	  0.2	0.000	0.000	0.000
05	  F	 10.3	  0.2	0.000	0.000	0.000
06	  R	 10.3	  0.1	0.000	0.000	0.000
07	  I	 10.3	  0.0	0.000	0.000	0.000
08	  P	  0.0	  0.2	0.000	0.000	0.000
09	  P	  0.0	  0.2	0.000	0.000	0.000
10	  L	  0.2	  0.2	0.000	0.000	0.000
11	  R	  0.3	  0.2	0.000	0.000	0.000
12	  R	  0.4	  0.1	0.000	0.000	0.000
13	  E	  1.1	  0.1	0.000	0.000	0.000
14	  F	  0.9	  0.0	0.000	0.000	0.000
15	  Q	  0.8	  0.0	0.000	0.000	0.000
