res	aa	Beta	Turn	Helix	Aggregation	Conc-Stab_Aggregation
01	  G	  0.1	  0.1	0.681	0.000	0.000
02	  L	  0.4	  0.1	0.681	0.000	0.000
03	  N	  0.4	  0.1	0.832	0.000	0.000
04	  T	  3.2	  0.1	1.002	0.000	0.000
05	  L	  3.0	  0.1	1.002	0.000	0.000
06	  K	  3.2	  0.1	1.002	0.000	0.000
07	  K	  1.1	  0.0	0.508	0.000	0.000
08	  V	  5.1	  0.0	0.321	0.208	0.208
09	  F	  5.4	  0.3	0.321	0.208	0.208
10	  Q	  4.5	  0.4	0.000	0.208	0.208
11	  G	  0.4	  0.4	0.180	0.208	0.208
12	  L	  0.1	  0.4	0.180	0.208	0.208
13	  H	  0.2	  0.1	0.731	0.000	0.000
14	  E	  0.2	  0.1	0.731	0.000	0.000
15	  A	  0.6	  0.1	0.731	0.000	0.000
16	  I	  5.8	  0.1	0.731	0.000	0.000
17	  K	  6.3	  0.0	0.731	0.000	0.000
18	  L	  6.4	  0.1	0.551	0.000	0.000
19	  I	  1.3	  0.1	0.352	0.000	0.000
20	  N	  0.7	  0.1	0.352	0.000	0.000
21	  N	  0.3	  0.1	0.152	0.000	0.000
22	  H	  1.6	  0.0	0.000	0.000	0.000
23	  V	  1.6	  0.0	0.000	0.000	0.000
24	  Q	  1.4	  0.0	0.000	0.000	0.000
