res	aa	Beta	Turn	Helix	Aggregation	Conc-Stab_Aggregation
01	  A	  0.1	  0.0	0.000	0.000	0.000
02	  C	  0.1	  0.1	0.000	0.000	0.000
03	  G	  0.1	  3.9	0.000	0.000	0.000
04	  P	  0.0	  4.2	0.000	0.000	0.000
05	  G	  0.0	  4.3	0.000	0.000	0.000
06	  C	  0.3	  4.8	0.000	0.000	0.000
07	  S	  0.5	  1.6	0.000	0.000	0.000
08	  G	  0.6	  1.4	0.000	0.000	0.000
09	  S	  7.6	  1.2	0.000	0.000	0.000
10	  C	  9.6	  0.7	0.000	0.000	0.000
11	  R	  9.7	  0.2	0.000	0.000	0.000
12	  Q	  2.7	  0.5	0.000	0.000	0.000
13	  K	  0.3	  1.6	0.000	0.000	0.000
14	  G	  0.0	  1.5	0.000	0.000	0.000
15	  D	  0.1	  1.4	0.100	0.000	0.000
16	  R	  2.4	  1.1	0.100	0.000	0.000
17	  I	  6.0	  0.1	0.100	0.000	0.000
18	  K	  7.2	  0.0	0.100	0.000	0.000
19	  C	  8.3	  0.3	0.100	0.000	0.000
20	  I	  5.6	  1.6	0.100	0.000	0.000
21	  N	  4.3	  1.8	0.100	0.000	0.000
22	  G	  0.9	  1.9	0.000	0.000	0.000
23	  S	  3.4	  1.6	0.000	0.000	0.000
24	  C	  5.2	  0.3	0.000	0.000	0.000
25	  H	  7.5	  0.1	0.000	0.000	0.000
26	  C	  4.4	  0.0	0.000	0.000	0.000
27	  Y	  2.6	  0.0	0.000	0.000	0.000
28	  P	  0.3	  0.0	0.000	0.000	0.000
