res	aa	Beta	Turn	Helix	Aggregation	Conc-Stab_Aggregation
01	  F	  0.7	  0.2	0.000	0.000	0.000
02	  W	  0.8	  0.5	0.161	0.000	0.000
03	  G	  0.8	  0.5	0.739	0.000	0.000
04	  A	  0.2	  0.5	0.739	0.000	0.000
05	  L	  0.1	  0.5	0.739	0.000	0.000
06	  A	  0.1	  0.6	0.739	0.000	0.000
07	  K	  0.1	  0.7	0.739	0.000	0.000
08	  G	  0.0	  0.7	0.577	0.000	0.000
09	  A	  0.2	  0.5	0.151	0.000	0.000
10	  L	  1.5	  0.1	0.000	0.000	0.000
11	  K	  2.5	  0.0	0.000	0.000	0.000
12	  L	  2.4	  0.0	0.000	0.000	0.000
13	  I	  1.0	  0.2	0.000	0.000	0.000
14	  P	  0.1	  0.3	0.000	0.000	0.000
15	  S	  0.2	  0.3	0.000	0.000	0.000
16	  L	  0.7	  0.3	0.000	0.418	0.418
17	  F	  1.9	  0.2	0.000	0.418	0.418
18	  S	  1.9	  0.1	0.000	0.418	0.418
19	  S	 22.2	  0.2	0.000	0.418	0.418
20	  F	 22.7	  0.3	0.000	0.418	0.418
21	  S	 22.6	  0.3	0.000	0.000	0.000
22	  K	  2.4	  0.3	0.000	0.000	0.000
23	  K	  0.1	  0.1	0.000	0.000	0.000
24	  D	  0.0	  0.1	0.000	0.000	0.000
