res	aa	Beta	Turn	Helix	Aggregation	Conc-Stab_Aggregation
01	  S	  0.0	  0.0	0.000	0.000	0.000
02	  D	  0.0	  0.2	0.000	0.000	0.000
03	  P	  0.0	  0.2	0.000	0.000	0.000
04	  K	  0.2	  0.2	0.000	0.000	0.000
05	  I	  0.2	  4.1	0.000	0.000	0.000
06	  G	  0.2	  4.5	0.000	0.000	0.000
07	  D	  0.0	  4.7	0.000	0.000	0.000
08	  G	  0.1	  4.7	0.000	0.000	0.000
09	  C	  0.8	  1.0	0.000	0.000	0.000
10	  F	  1.2	  0.4	0.000	0.000	0.000
11	  G	  1.1	  0.2	0.000	0.000	0.000
12	  L	  0.4	  0.3	0.000	0.000	0.000
13	  P	  0.0	  0.3	0.000	0.000	0.000
14	  L	  0.3	  0.3	0.000	0.000	0.000
15	  D	  0.5	  0.3	0.000	0.000	0.000
16	  H	  1.5	  0.5	0.000	0.000	0.000
17	  I	  1.3	  0.6	0.000	0.000	0.000
18	  G	  1.1	  0.6	0.000	0.000	0.000
19	  S	 10.4	  1.0	0.000	0.000	0.000
20	  V	 10.9	  0.7	0.000	0.000	0.000
21	  S	 10.9	  0.7	0.000	0.000	0.000
22	  G	  0.6	  0.9	0.000	0.000	0.000
23	  L	  0.1	  0.9	0.000	0.000	0.000
24	  G	  0.2	  0.9	0.000	0.000	0.000
25	  C	  0.6	  0.7	0.000	0.000	0.000
26	  N	  0.5	  0.5	0.000	0.000	0.000
27	  R	  0.4	  0.0	0.000	0.000	0.000
28	  P	  0.0	  0.0	0.000	0.000	0.000
29	  V	  1.3	  0.1	0.000	0.000	0.000
30	  Q	  1.4	  0.1	0.000	0.000	0.000
31	  N	  1.4	  0.1	0.000	0.000	0.000
32	  R	  0.1	  0.3	0.000	0.000	0.000
33	  P	  0.0	  0.2	0.000	0.000	0.000
34	  K	  0.0	  0.2	0.000	0.000	0.000
35	  K	  0.0	  0.2	0.000	0.000	0.000
