res	aa	Beta	Turn	Helix	Aggregation	Conc-Stab_Aggregation
01	  A	  0.1	  0.1	0.000	0.000	0.000
02	  R	  0.6	  0.1	0.000	0.000	0.000
03	  T	  0.8	  0.1	0.000	0.000	0.000
04	  Q	  0.7	  0.6	0.000	0.000	0.000
05	  P	  0.2	  0.9	0.000	0.000	0.000
06	  G	  0.0	  0.9	0.000	0.000	0.000
07	  N	  0.7	  0.9	0.000	0.000	0.000
08	  I	  1.0	  0.3	0.000	0.000	0.000
09	  A	  1.0	  0.0	0.000	0.000	0.000
10	  P	  0.3	  0.1	0.000	0.000	0.000
11	  V	  0.0	  4.2	0.000	0.000	0.000
12	  G	  0.0	  4.2	0.461	0.000	0.000
13	  D	  0.8	  4.2	0.461	0.000	0.000
14	  F	  5.2	  4.1	0.461	0.000	0.000
15	  T	  6.8	  0.0	0.461	0.000	0.000
16	  L	  6.2	  0.0	0.461	0.000	0.000
17	  Y	  1.8	  0.9	0.461	0.000	0.000
18	  P	  0.1	  0.8	0.000	0.000	0.000
19	  N	  0.0	  0.8	0.000	0.000	0.000
20	  A	  0.0	  1.0	0.000	0.000	0.000
21	  P	  0.0	  0.3	0.000	0.000	0.000
22	  R	  0.0	  0.6	0.000	0.000	0.000
23	  Q	  0.0	  0.7	0.000	0.000	0.000
24	  G	  0.1	  0.5	0.000	0.000	0.000
25	  H	  8.2	  0.3	0.000	0.000	0.000
26	  I	 11.4	  0.0	0.000	0.000	0.000
27	  V	 11.3	  0.0	0.000	0.000	0.000
28	  A	  3.4	  0.0	0.000	0.000	0.000
