res	aa	Beta	Turn	Helix	Aggregation	Conc-Stab_Aggregation
01	  S	  0.3	  0.0	0.000	0.000	0.000
02	  I	  1.0	  0.0	0.000	5.938	5.938
03	  F	  1.9	  0.0	0.000	5.938	5.938
04	  A	  2.0	  0.0	0.000	5.938	5.938
05	  F	  2.6	  0.2	0.000	5.938	5.938
06	  Q	  1.8	  0.2	0.000	5.938	5.938
07	  D	  1.3	  0.2	0.000	0.000	0.000
08	  E	  0.1	  0.2	0.000	0.000	0.000
09	  S	  0.1	  3.2	1.511	0.000	0.000
10	  P	  0.0	  3.2	1.511	0.000	0.000
11	  S	  0.3	  3.2	2.716	0.000	0.000
12	  A	  0.5	  3.2	2.716	0.000	0.000
13	  I	  1.3	  0.0	2.716	0.000	0.000
14	  A	  1.1	  0.0	2.833	0.000	0.000
15	  Q	  1.1	  0.0	2.833	0.000	0.000
16	  A	  0.5	  0.1	2.463	0.000	0.000
17	  K	  0.7	  0.1	1.991	0.000	0.000
18	  L	  0.7	  0.0	0.992	0.000	0.000
19	  F	  0.4	  0.0	0.608	0.000	0.000
20	  K	  0.2	  0.0	0.000	0.000	0.000
