res	aa	Beta	Turn	Helix	Aggregation	Conc-Stab_Aggregation
01	  I	  0.3	  0.0	0.000	0.000	0.000
02	  L	  0.3	  0.0	0.000	0.000	0.000
03	  P	  0.3	  0.0	0.000	0.000	0.000
04	  L	  0.2	  0.0	0.000	0.232	0.232
05	  V	  0.2	  1.4	0.000	0.232	0.232
06	  G	  0.2	  1.4	0.000	0.232	0.232
07	  N	  0.1	  1.4	0.000	0.232	0.232
08	  L	  0.5	  1.5	0.000	0.232	0.232
09	  L	  0.6	  0.2	0.000	0.232	0.232
10	  N	  0.5	  0.2	0.000	0.000	0.000
11	  D	  0.1	  0.2	0.000	0.000	0.000
12	  L	  0.0	  0.1	0.000	0.000	0.000
13	  L	  0.0	  0.0	0.000	0.000	0.000
