res	aa	Beta	Turn	Helix	Aggregation	Conc-Stab_Aggregation
01	  S	  8.1	  0.5	0.000	0.000	0.000
02	  C	  8.2	  0.7	0.000	0.000	0.000
03	  N	  8.3	  1.1	0.000	0.000	0.000
04	  N	  0.7	  1.2	0.000	0.000	0.000
05	  S	  3.1	  0.6	0.000	0.000	0.000
06	  C	  4.4	  0.6	0.000	0.000	0.000
07	  Q	  4.2	  0.2	0.000	0.000	0.000
08	  Q	  1.7	  0.2	0.000	0.000	0.000
09	  H	  0.4	  0.4	0.000	0.000	0.000
10	  S	  0.6	  0.3	0.000	0.000	0.000
11	  Q	  0.7	  0.3	0.000	0.000	0.000
12	  C	  1.3	  0.6	0.000	0.000	0.000
13	  A	  1.3	  0.5	0.000	0.000	0.000
14	  S	  1.7	  0.5	0.000	0.000	0.000
15	  H	  2.1	  0.5	0.000	0.000	0.000
16	  C	  2.5	  0.1	0.000	0.934	0.934
17	  V	  3.6	  0.0	0.000	1.061	1.061
18	  C	  3.7	  0.0	0.168	1.061	1.061
19	  L	  3.2	  0.0	0.168	1.061	1.061
20	  L	  1.7	  0.0	0.168	1.061	1.061
21	  N	  0.6	  0.1	0.168	0.127	0.127
22	  K	  1.0	  0.1	0.168	0.000	0.000
23	  C	  1.0	  0.2	0.168	0.000	0.000
24	  R	  1.6	  0.2	0.000	0.000	0.000
25	  T	  5.2	  0.1	0.000	0.000	0.000
26	  V	  5.0	  0.1	0.000	0.000	0.000
27	  N	  4.4	  0.0	0.000	0.000	0.000
