res	aa	Beta	Turn	Helix	Aggregation	Conc-Stab_Aggregation
01	  A	  0.0	  0.0	0.000	0.000	0.000
02	  H	  0.0	  2.2	0.000	0.000	0.000
03	  P	  0.0	  2.2	0.000	0.000	0.000
04	  D	  0.3	  2.2	0.279	0.000	0.000
05	  L	  0.6	  2.2	0.279	0.000	0.000
06	  F	  1.3	  0.0	0.279	0.000	0.000
07	  A	  1.1	  0.0	0.279	0.000	0.000
08	  A	  0.8	  0.0	0.279	0.000	0.000
09	  R	  0.2	  2.1	0.279	0.000	0.000
10	  P	  0.0	  2.3	0.000	0.000	0.000
11	  D	  0.0	  2.3	0.000	0.000	0.000
12	  N	  0.1	  2.3	0.000	0.000	0.000
13	  T	  4.9	  0.2	0.000	0.000	0.000
14	  A	  4.9	  0.1	0.000	0.000	0.000
15	  S	  4.8	  0.3	0.000	0.000	0.000
16	  P	  0.0	  0.3	0.000	0.000	0.000
17	  K	  3.3	  0.3	0.000	0.000	0.000
18	  F	  4.7	  0.3	0.000	0.000	0.000
19	  E	  4.7	  0.0	0.000	0.000	0.000
20	  D	  1.4	  0.3	0.000	0.000	0.000
21	  P	  0.0	  0.3	0.000	0.000	0.000
22	  R	  4.0	  0.3	0.000	0.000	0.000
23	  L	  4.1	  0.3	0.000	0.000	0.000
24	  N	  4.1	  0.0	0.000	0.000	0.000
25	  P	  0.1	  0.0	0.000	0.000	0.000
