res	aa	Beta	Turn	Helix	Aggregation	Conc-Stab_Aggregation
01	  D	  0.7	  0.0	0.000	0.000	0.000
02	  V	  7.9	  0.0	0.000	24.894	24.894
03	  T	 36.5	  0.0	0.000	25.509	25.509
04	  F	 37.9	  0.0	0.000	25.509	25.509
05	  S	 31.9	  0.0	0.069	25.509	25.509
06	  M	  3.6	  0.0	0.069	25.509	25.509
07	  L	  0.2	  0.2	0.069	22.257	22.257
08	  G	  0.1	  1.4	0.069	3.075	3.075
09	  A	  0.0	  2.4	0.069	1.410	1.410
10	  N	  0.0	  2.7	0.209	0.000	0.000
11	  G	  0.0	  2.7	0.140	0.000	0.000
12	  A	  0.7	  1.5	0.140	0.259	0.259
13	  T	  6.7	  0.4	0.140	0.565	0.565
14	  Y	  8.5	  0.1	0.140	0.565	0.565
15	  Y	 13.1	  0.0	0.140	0.565	0.565
16	  Q	 11.2	  0.0	0.000	0.565	0.565
17	  F	  9.2	  0.0	0.000	0.565	0.565
18	  F	  4.1	  0.0	0.000	0.000	0.000
