res	aa	Beta	Turn	Helix	Aggregation	Conc-Stab_Aggregation
01	  G	  0.0	  0.0	0.000	0.000	0.000
02	  V	  2.4	  0.0	0.000	0.000	0.000
03	  F	 14.2	  0.0	0.000	0.000	0.000
04	  T	 23.5	  0.0	0.000	0.000	0.000
05	  F	 21.8	  0.2	0.000	0.000	0.000
06	  E	 10.5	  0.2	0.000	0.000	0.000
07	  D	  0.6	  1.3	0.000	0.000	0.000
08	  E	  0.1	  1.3	0.000	0.000	0.000
09	  S	  1.9	  1.2	0.000	0.000	0.000
10	  T	  2.7	  1.3	0.000	0.000	0.000
11	  S	  3.0	  0.3	0.000	0.000	0.000
12	  T	  9.9	  0.2	0.000	0.000	0.000
13	  V	  9.5	  0.1	0.000	0.000	0.000
14	  A	  9.1	  0.0	0.108	0.000	0.000
15	  P	  0.4	  0.0	0.108	0.000	0.000
16	  A	  0.2	  0.0	0.108	0.000	0.000
17	  K	  0.5	  0.0	0.108	0.000	0.000
18	  L	  0.7	  0.0	0.108	0.000	0.000
19	  Y	  0.4	  0.0	0.108	0.000	0.000
20	  K	  0.2	  0.0	0.000	0.000	0.000
