res	aa	Beta	Turn	Helix	Aggregation	Conc-Stab_Aggregation
01	  A	  0.0	  0.0	0.000	0.000	0.000
02	  L	  0.0	  0.2	0.000	0.000	0.000
03	  P	  0.0	  0.2	0.186	0.000	0.000
04	  K	  0.1	  0.3	0.186	0.000	0.000
05	  K	  1.1	  0.3	0.186	0.000	0.000
06	  L	  1.9	  0.1	0.186	0.000	0.000
07	  K	  2.0	  0.0	0.186	0.000	0.000
08	  Y	  2.1	  0.2	0.186	9.307	9.307
09	  L	  2.8	  0.2	0.000	9.307	9.307
10	  N	  3.1	  0.2	0.000	9.307	9.307
11	  L	  2.4	  0.3	0.000	9.307	9.307
12	  F	  1.4	  0.3	0.000	9.307	9.307
13	  N	  0.8	  0.6	0.000	0.362	0.362
14	  D	  0.4	  0.6	0.000	0.000	0.000
15	  G	  0.1	  0.6	0.000	0.000	0.000
16	  F	  3.5	  0.3	0.000	0.000	0.000
17	  N	  3.5	  0.1	0.000	0.000	0.000
18	  Y	  4.2	  0.3	0.000	0.000	0.000
19	  M	  1.0	  0.2	0.000	0.000	0.000
20	  G	  1.0	  0.2	0.000	0.000	0.000
21	  V	  0.2	  0.2	0.000	0.000	0.000
22	  V	  0.0	  0.0	0.000	0.000	0.000
