res	aa	Beta	Turn	Helix	Aggregation	Conc-Stab_Aggregation
01	  A	  0.0	  0.0	0.000	0.000	0.000
02	  A	  0.2	  0.0	0.000	0.000	0.000
03	  C	  3.8	  0.0	0.000	0.000	0.000
04	  Y	  5.2	  0.1	0.000	0.000	0.000
05	  S	  5.1	  3.1	0.091	0.000	0.000
06	  S	  1.5	  3.1	0.091	0.000	0.000
07	  D	  0.7	  3.1	0.197	0.000	0.000
08	  C	  2.7	  3.0	0.197	0.000	0.000
09	  R	  3.9	  0.0	0.197	0.000	0.000
10	  V	  8.0	  0.0	0.197	0.000	0.000
11	  K	  6.6	  0.0	0.197	0.000	0.000
12	  C	 10.7	  0.0	0.105	0.131	0.131
13	  V	  9.2	  0.0	0.105	0.547	0.547
14	  A	  8.6	  0.1	0.105	0.547	0.547
15	  M	  3.6	  0.1	0.105	0.547	0.547
16	  G	  0.3	  0.1	0.000	0.547	0.547
17	  F	  1.7	  0.5	0.000	0.547	0.547
18	  S	  1.6	  1.0	0.000	0.000	0.000
19	  S	  1.5	  1.2	0.000	0.000	0.000
20	  G	  0.1	  1.2	0.000	0.000	0.000
21	  K	  1.3	  0.8	0.000	0.000	0.000
22	  C	  5.0	  0.3	0.000	0.000	0.000
23	  I	  6.1	  0.1	0.000	0.000	0.000
24	  N	  5.0	  0.3	0.000	0.000	0.000
25	  S	  1.8	  0.3	0.000	0.000	0.000
26	  K	  1.4	  0.3	0.000	0.000	0.000
27	  C	  1.9	  0.3	0.000	0.000	0.000
28	  K	  2.0	  0.1	0.000	0.000	0.000
29	  C	  5.0	  0.1	0.000	0.000	0.000
30	  Y	  4.3	  0.1	0.000	0.000	0.000
31	  K	  3.7	  0.0	0.000	0.000	0.000
