res	aa	Beta	Turn	Helix	Aggregation	Conc-Stab_Aggregation
01	  H	  0.1	  0.0	0.000	0.000	0.000
02	  G	  0.1	  0.0	0.000	0.000	0.000
03	  V	  0.7	  0.2	0.000	0.000	0.000
04	  S	  0.7	  0.6	0.000	0.000	0.000
05	  G	  0.7	  0.9	0.000	0.000	0.000
06	  H	  0.1	  1.1	0.000	0.000	0.000
07	  G	  0.1	  1.1	0.000	0.000	0.000
08	  Q	  0.1	  1.1	0.000	0.000	0.000
09	  H	  0.1	  0.8	0.000	0.000	0.000
10	  G	  0.2	  0.7	0.000	0.000	0.000
11	  V	  1.0	  0.4	0.000	0.000	0.000
12	  H	  1.0	  0.0	0.000	0.000	0.000
13	  G	  0.9	  0.0	0.000	0.000	0.000
