res	aa	Beta	Turn	Helix	Aggregation	Conc-Stab_Aggregation
01	  Q	  0.8	  0.0	0.000	0.000	0.000
02	  R	  1.6	  0.0	0.000	0.000	0.000
03	  F	  2.5	  0.0	0.000	0.000	0.000
04	  I	  1.9	  0.0	0.000	0.000	0.000
05	  H	  1.0	  0.5	0.000	0.000	0.000
06	  P	  0.1	  0.5	0.000	0.000	0.000
07	  T	 22.7	  0.5	0.000	0.000	0.000
08	  Y	 22.7	  0.5	0.000	0.000	0.000
09	  R	 22.7	  0.0	0.000	0.000	0.000
10	  P	  0.0	  0.0	0.000	0.000	0.000
11	  P	  0.0	  0.0	0.000	0.000	0.000
12	  P	  0.0	  0.0	0.000	0.000	0.000
13	  Q	  0.0	  0.1	0.000	0.000	0.000
14	  P	  0.0	  0.1	0.000	0.000	0.000
15	  R	  0.1	  0.1	0.000	0.000	0.000
16	  R	  0.1	  0.1	0.000	0.000	0.000
17	  P	  0.1	  0.0	0.000	0.000	0.000
18	  V	  8.0	  0.0	0.000	0.000	0.000
19	  I	 10.5	  0.0	0.000	0.000	0.000
20	  M	 11.0	  0.0	0.000	0.000	0.000
21	  R	  3.3	  0.0	0.000	0.000	0.000
22	  A	  0.6	  0.0	0.000	0.000	0.000
