res	aa	Beta	Turn	Helix	Aggregation	Conc-Stab_Aggregation
01	  R	  0.3	  0.0	0.000	0.000	0.000
02	  W	  1.8	  0.0	0.000	0.000	0.000
03	  K	  2.7	  0.0	0.000	0.000	0.000
04	  V	  3.5	  0.0	0.000	0.000	0.000
05	  F	  2.4	  0.1	0.000	0.000	0.000
06	  K	  1.7	  0.1	0.000	0.000	0.000
07	  K	  4.5	  0.1	0.000	0.000	0.000
08	  I	  4.6	  0.1	0.000	0.000	0.000
09	  E	  4.5	  0.0	0.000	0.000	0.000
10	  K	  0.9	  0.2	0.000	0.000	0.000
11	  M	  0.3	  0.4	0.000	0.000	0.000
12	  G	  0.3	  0.6	0.000	0.000	0.000
13	  R	  0.4	  0.6	0.000	0.000	0.000
14	  N	  3.8	  0.5	0.000	0.000	0.000
15	  I	  4.0	  0.5	0.000	0.000	0.000
16	  R	  3.6	  0.8	0.000	0.000	0.000
17	  D	  0.2	  0.8	0.000	0.000	0.000
18	  G	  0.1	  0.8	0.247	0.000	0.000
19	  V	  2.6	  0.5	0.247	0.000	0.000
20	  I	  4.1	  0.0	0.247	0.000	0.000
21	  K	  4.4	  0.0	0.247	0.000	0.000
22	  A	  1.8	  0.0	0.247	0.000	0.000
23	  A	  0.3	  0.0	0.247	0.000	0.000
24	  P	  0.0	  0.0	0.000	0.000	0.000
25	  A	  0.2	  0.0	0.000	0.000	0.000
26	  I	  8.4	  0.0	0.000	0.000	0.000
27	  E	  8.8	  0.0	0.000	0.000	0.000
28	  V	  9.2	  0.0	0.000	0.000	0.000
29	  L	  1.0	  0.0	0.000	0.000	0.000
30	  G	  0.6	  0.1	0.000	0.000	0.000
31	  Q	  0.3	  0.1	0.000	0.000	0.000
32	  A	  0.2	  0.1	0.000	0.000	0.000
33	  K	  0.2	  0.0	0.000	0.000	0.000
