res	aa	Beta	Turn	Helix	Aggregation	Conc-Stab_Aggregation
01	  F	  1.0	  0.2	0.000	0.192	0.192
02	  F	  1.1	  0.2	0.000	11.535	11.535
03	  G	  1.1	  0.2	0.000	11.535	11.535
04	  W	  0.6	  0.2	0.000	11.535	11.535
05	  L	  0.6	  0.0	0.000	11.535	11.535
06	  I	  2.8	  0.1	0.000	11.535	11.535
07	  R	  2.4	  0.1	0.000	0.000	0.000
08	  G	  2.3	  0.1	0.000	0.000	0.000
09	  A	  0.5	  0.1	0.000	0.000	0.000
10	  I	  1.5	  0.0	0.000	0.000	0.000
11	  H	  1.5	  1.3	0.000	0.000	0.000
12	  A	  1.1	  1.4	0.000	0.000	0.000
13	  G	  0.2	  1.4	0.000	0.000	0.000
14	  K	  0.3	  1.4	0.000	0.000	0.000
15	  A	  0.8	  0.1	0.000	0.000	0.000
16	  I	  2.0	  0.5	0.000	0.000	0.000
17	  H	  1.9	  0.5	0.000	0.000	0.000
18	  G	  1.4	  0.5	0.113	0.000	0.000
19	  L	  0.6	  0.5	0.113	0.000	0.000
20	  I	  1.9	  0.0	0.113	0.000	0.000
21	  H	  2.4	  0.1	0.113	0.000	0.000
22	  R	  2.3	  0.1	0.113	0.000	0.000
23	  R	  1.3	  0.1	0.113	0.000	0.000
24	  R	  0.8	  0.1	0.000	0.000	0.000
25	  H	  0.4	  0.0	0.000	0.000	0.000
