res	aa	Beta	Turn	Helix	Aggregation	Conc-Stab_Aggregation
01	  F	  0.4	  0.2	0.000	0.437	0.437
02	  I	  0.6	  0.2	0.000	30.695	30.695
03	  G	  0.6	  0.2	0.000	30.808	30.808
04	  L	  1.0	  0.2	0.000	31.575	31.575
05	  L	  1.3	  0.1	0.000	31.575	31.575
06	  I	  2.7	  0.0	0.000	31.575	31.575
07	  S	  2.0	  1.0	1.373	5.393	5.393
08	  A	  1.6	  1.1	1.373	2.041	2.041
09	  G	  0.2	  1.1	1.691	0.106	0.106
10	  K	  0.3	  1.0	1.691	0.000	0.000
11	  A	  0.7	  0.1	1.691	0.000	0.000
12	  I	  0.8	  0.1	1.691	0.000	0.000
13	  H	  0.8	  0.1	2.264	0.000	0.000
14	  D	  0.5	  0.1	2.809	0.000	0.000
15	  L	  0.5	  0.1	2.809	0.000	0.000
16	  I	  2.6	  0.1	2.809	0.000	0.000
17	  R	  2.8	  0.1	2.809	0.000	0.000
18	  R	  3.1	  0.1	2.597	0.000	0.000
19	  R	  0.8	  0.1	2.152	0.000	0.000
20	  H	  0.4	  0.0	0.000	0.000	0.000
