res	aa	Beta	Turn	Helix	Aggregation	Conc-Stab_Aggregation
01	  S	  0.0	  0.4	0.000	0.000	0.000
02	  E	  0.0	  0.4	0.000	0.000	0.000
03	  T	  0.1	  2.2	0.000	0.000	0.000
04	  G	  0.0	  2.2	0.000	0.000	0.000
05	  N	  0.6	  1.8	0.187	0.000	0.000
06	  T	  9.4	  1.8	0.187	0.000	0.000
07	  V	 25.4	  0.0	0.187	0.000	0.000
08	  T	 36.5	  0.0	0.187	0.000	0.000
09	  V	 29.2	  0.3	0.187	0.000	0.000
10	  K	 13.9	  0.3	0.187	0.000	0.000
11	  G	  0.5	  0.3	0.000	0.000	0.000
12	  F	  0.4	  0.3	0.000	0.000	0.000
13	  S	  0.4	  0.2	0.000	0.000	0.000
14	  P	  0.3	  0.2	0.000	0.000	0.000
15	  L	  0.0	  0.2	0.000	0.000	0.000
16	  R	  0.0	  0.2	0.000	0.000	0.000
