res	aa	Beta	Turn	Helix	Aggregation	Conc-Stab_Aggregation
01	  G	  0.0	  0.4	0.000	0.000	0.000
02	  F	  0.5	  1.9	0.000	0.000	0.000
03	  G	  0.5	  1.9	0.000	0.000	0.000
04	  C	  3.5	  1.9	0.000	0.000	0.000
05	  Y	  4.8	  1.6	0.000	0.000	0.000
06	  R	  4.9	  0.1	0.000	0.000	0.000
07	  S	  4.0	  0.1	0.000	0.000	0.000
08	  C	  4.7	  0.1	0.000	0.000	0.000
09	  W	  5.1	  0.1	0.000	0.000	0.000
10	  K	  3.2	  0.5	0.000	0.000	0.000
11	  A	  0.7	  0.6	0.000	0.000	0.000
12	  G	  0.1	  0.6	0.000	0.000	0.000
13	  H	  0.1	  0.6	0.000	0.000	0.000
14	  D	  0.1	  0.4	2.554	0.000	0.000
15	  E	  0.1	  0.4	2.554	0.000	0.000
16	  E	  0.2	  0.3	2.554	0.000	0.000
17	  T	  3.9	  0.2	2.554	0.000	0.000
18	  C	  4.1	  0.2	2.554	0.000	0.000
19	  K	  4.2	  0.2	2.554	0.000	0.000
20	  K	  0.7	  0.2	1.902	0.000	0.000
21	  E	  0.9	  0.2	0.813	0.000	0.000
22	  C	  0.7	  0.1	0.125	0.000	0.000
23	  S	  0.5	  0.0	0.000	0.000	0.000
