res	aa	Beta	Turn	Helix	Aggregation	Conc-Stab_Aggregation
01	  G	  0.0	  0.0	0.000	0.000	0.000
02	  L	  0.4	  0.0	0.000	0.703	0.703
03	  W	  0.8	  0.1	0.000	0.703	0.703
04	  S	  1.2	  0.1	0.130	0.703	0.703
05	  T	 12.1	  0.1	0.130	0.703	0.703
06	  I	 12.7	  0.2	0.130	0.703	0.703
07	  K	 12.5	  0.1	0.130	0.000	0.000
08	  Q	  1.4	  0.6	0.223	0.000	0.000
09	  K	  0.3	  0.6	0.223	0.000	0.000
10	  G	  0.0	  0.7	2.674	0.000	0.000
11	  K	  0.1	  0.6	3.928	0.000	0.000
12	  E	  0.2	  0.2	5.151	0.000	0.000
13	  A	  0.3	  0.1	5.766	0.621	0.621
14	  A	  0.4	  0.0	6.253	1.419	1.419
15	  I	  1.2	  0.0	6.866	1.419	1.419
16	  A	  1.1	  0.0	7.417	1.419	1.419
17	  A	  0.9	  0.0	7.417	1.419	1.419
18	  A	  0.1	  0.0	7.241	1.082	1.082
19	  K	  0.2	  0.0	6.374	0.000	0.000
20	  A	  0.2	  0.6	4.155	0.000	0.000
21	  A	  0.2	  0.6	3.607	0.000	0.000
22	  G	  0.1	  0.6	2.967	0.000	0.000
23	  Q	  0.1	  0.6	1.723	0.000	0.000
24	  A	  0.2	  0.2	0.176	0.000	0.000
25	  A	  0.2	  0.2	0.176	0.000	0.000
26	  L	  0.2	  0.3	0.176	0.000	0.000
27	  G	  0.1	  0.3	0.176	0.000	0.000
28	  A	  0.0	  0.1	0.000	0.000	0.000
29	  L	  0.0	  0.1	0.000	0.000	0.000
