res	aa	Beta	Turn	Helix	Aggregation	Conc-Stab_Aggregation
01	  G	  0.0	  0.0	0.000	0.000	0.000
02	  L	  0.4	  0.0	0.000	0.000	0.000
03	  W	  1.6	  0.1	0.114	0.000	0.000
04	  S	  2.0	  0.1	0.863	0.000	0.000
05	  K	  4.1	  0.1	0.863	0.000	0.000
06	  I	  4.2	  0.1	0.863	0.000	0.000
07	  K	  4.0	  0.0	0.982	0.000	0.000
08	  A	  1.5	  0.5	1.270	0.000	0.000
09	  A	  0.2	  0.6	1.270	0.000	0.000
10	  G	  0.0	  0.7	5.346	0.000	0.000
11	  K	  0.1	  0.7	7.299	0.000	0.000
12	  E	  0.2	  0.2	9.271	0.000	0.000
13	  A	  0.2	  0.1	9.891	0.000	0.000
14	  A	  0.1	  0.1	10.102	0.000	0.000
15	  K	  0.2	  0.0	10.519	0.000	0.000
16	  A	  0.2	  0.0	9.897	0.000	0.000
17	  A	  0.2	  0.0	9.584	0.000	0.000
18	  A	  0.1	  0.0	8.896	0.000	0.000
19	  K	  0.2	  0.0	7.874	0.000	0.000
20	  A	  0.2	  0.6	4.392	0.000	0.000
21	  A	  0.2	  0.6	3.851	0.000	0.000
22	  G	  0.1	  0.7	3.650	0.000	0.000
23	  K	  0.2	  0.7	2.281	0.000	0.000
24	  A	  0.3	  0.1	0.688	0.248	0.248
25	  A	  0.4	  0.0	0.688	0.545	0.545
26	  L	  0.6	  0.0	0.688	0.545	0.545
27	  N	  0.5	  0.0	0.688	0.545	0.545
28	  A	  0.9	  0.0	0.230	0.545	0.545
29	  V	  1.0	  0.0	0.000	0.545	0.545
30	  S	  0.9	  0.1	0.000	0.000	0.000
31	  E	  0.4	  0.1	0.000	0.000	0.000
32	  A	  0.0	  0.1	0.000	0.000	0.000
33	  V	  0.0	  0.0	0.000	0.000	0.000
