res	aa	Beta	Turn	Helix	Aggregation	Conc-Stab_Aggregation
01	  A	  0.1	  0.0	0.000	0.000	0.000
02	  L	  0.3	  0.0	0.000	0.000	0.000
03	  W	  0.5	  0.2	0.119	0.000	0.000
04	  K	  0.6	  0.2	0.119	0.000	0.000
05	  T	  1.2	  0.2	0.119	0.000	0.000
06	  L	  1.2	  0.2	0.119	0.000	0.000
07	  L	  1.2	  0.2	0.119	0.000	0.000
08	  K	  0.7	  0.2	0.119	0.000	0.000
09	  N	  0.5	  0.6	0.000	0.000	0.000
10	  V	  0.4	  0.7	0.000	0.000	0.000
11	  G	  0.2	  0.6	0.316	0.000	0.000
12	  K	  0.3	  0.6	0.316	0.000	0.000
13	  A	  0.2	  0.7	0.316	0.000	0.000
14	  A	  0.2	  0.7	0.316	0.000	0.000
15	  G	  0.1	  0.7	1.085	0.000	0.000
16	  K	  0.2	  0.7	1.085	0.000	0.000
17	  A	  0.3	  0.1	0.768	0.399	0.399
18	  A	  0.4	  0.0	0.768	0.869	0.869
19	  L	  0.6	  0.0	0.768	0.869	0.869
20	  N	  0.5	  0.0	0.976	0.869	0.869
21	  A	  0.8	  0.0	0.470	0.869	0.869
22	  V	  2.0	  0.0	0.208	0.869	0.869
23	  T	  2.0	  0.0	0.208	0.327	0.327
24	  D	  1.8	  0.0	0.208	0.000	0.000
25	  M	  1.1	  0.0	0.208	0.000	0.000
26	  V	  2.7	  0.0	0.000	0.000	0.000
27	  N	  2.5	  0.0	0.000	0.000	0.000
28	  Q	  1.7	  0.0	0.000	0.000	0.000
