res	aa	Beta	Turn	Helix	Aggregation	Conc-Stab_Aggregation
01	  G	  0.0	  0.3	0.000	0.000	0.000
02	  F	  0.2	  3.2	0.000	0.341	0.341
03	  G	  0.2	  3.3	0.119	0.341	0.341
04	  S	  0.4	  3.3	0.660	0.341	0.341
05	  L	  0.5	  2.9	0.660	0.341	0.341
06	  F	  1.8	  0.1	0.791	0.341	0.341
07	  K	  1.7	  0.0	0.940	0.000	0.000
08	  F	  2.1	  0.0	0.940	0.000	0.000
09	  L	  0.9	  0.0	0.940	0.000	0.000
10	  A	  0.7	  0.0	0.940	0.000	0.000
11	  K	  0.3	  0.0	0.940	0.000	0.000
12	  K	  2.2	  0.0	0.315	0.000	0.000
13	  V	  2.8	  0.0	0.000	0.000	0.000
14	  A	  2.7	  0.1	0.000	0.000	0.000
15	  K	  1.5	  0.1	0.000	0.000	0.000
16	  T	  4.7	  0.1	0.139	0.000	0.000
17	  V	  5.3	  0.1	0.269	0.000	0.000
18	  A	  4.6	  0.1	0.419	0.000	0.000
19	  K	  0.9	  0.1	0.531	0.000	0.000
20	  Q	  0.2	  0.1	0.531	0.000	0.000
21	  A	  0.2	  0.1	0.531	0.000	0.000
22	  A	  0.2	  0.2	0.531	0.000	0.000
23	  K	  0.2	  0.4	0.531	0.000	0.000
24	  Q	  0.1	  0.5	0.112	0.000	0.000
25	  G	  0.0	  0.5	0.000	0.000	0.000
26	  A	  0.2	  0.3	0.000	0.000	0.000
27	  K	  0.7	  0.1	0.000	0.000	0.000
28	  Y	  3.2	  0.0	0.000	0.000	0.000
29	  V	  3.8	  0.2	0.000	0.000	0.000
30	  A	  3.4	  0.2	0.000	0.000	0.000
31	  N	  0.8	  0.2	0.000	0.000	0.000
32	  K	  0.1	  0.2	0.000	0.000	0.000
33	  H	  0.6	  0.1	0.000	0.000	0.000
34	  M	  0.5	  0.1	0.000	0.000	0.000
35	  E	  0.5	  0.0	0.000	0.000	0.000
