res	aa	Beta	Turn	Helix	Aggregation	Conc-Stab_Aggregation
01	  C	  6.1	  0.0	0.000	0.000	0.000
02	  I	  6.3	  0.4	0.000	0.000	0.000
03	  K	  6.3	  1.7	0.000	0.000	0.000
04	  N	  0.3	  3.7	0.000	0.000	0.000
05	  G	  0.0	  4.0	0.000	0.000	0.000
06	  N	  0.0	  3.9	0.000	0.000	0.000
07	  G	  0.1	  2.5	0.000	0.000	0.000
08	  C	  0.2	  0.6	0.000	0.000	0.000
09	  Q	  0.2	  2.5	0.000	0.000	0.000
10	  P	  0.2	  2.8	0.000	0.000	0.000
11	  D	  0.0	  3.0	0.000	0.000	0.000
12	  G	  0.0	  3.3	0.000	0.000	0.000
13	  S	  0.0	  1.2	0.000	0.000	0.000
14	  Q	  0.0	  1.1	0.000	0.000	0.000
15	  G	  0.0	  0.9	0.000	0.000	0.000
16	  N	  2.1	  0.6	0.110	0.000	0.000
17	  C	 10.7	  0.4	0.110	0.000	0.000
18	  C	 11.3	  0.1	0.110	0.000	0.000
19	  S	  9.5	  0.1	0.110	0.000	0.000
20	  R	  1.0	  0.1	0.110	0.000	0.000
21	  Y	  2.1	  0.1	0.110	0.000	0.000
22	  C	  4.1	  0.0	0.000	0.000	0.000
23	  H	  4.7	  0.0	0.000	0.000	0.000
24	  K	  3.0	  0.0	0.000	0.000	0.000
25	  E	  0.8	  1.0	0.000	0.000	0.000
26	  P	  0.0	  0.9	0.000	0.000	0.000
27	  G	  0.0	  0.9	0.000	0.436	0.436
28	  W	  1.5	  0.9	0.000	12.215	12.215
29	  V	  2.0	  0.4	0.000	12.599	12.599
30	  A	  2.1	  0.4	0.000	12.599	12.599
31	  G	  0.7	  0.4	0.000	12.599	12.599
32	  Y	  2.4	  0.4	0.000	12.599	12.599
33	  C	  2.4	  0.0	0.000	8.248	8.248
34	  R	  2.3	  0.0	0.000	0.000	0.000
