res	aa	Beta	Turn	Helix	Aggregation	Conc-Stab_Aggregation
01	  N	  0.0	  0.0	0.000	0.000	0.000
02	  S	  1.1	  0.0	1.107	0.000	0.000
03	  M	  1.1	  0.0	1.621	0.000	0.000
04	  E	  1.2	  0.0	3.320	0.000	0.000
05	  R	  1.9	  0.0	7.168	0.000	0.000
06	  V	  2.3	  0.1	9.081	0.000	0.000
07	  E	  2.2	  0.1	11.496	0.000	0.000
08	  E	  0.7	  0.1	13.004	0.000	0.000
09	  L	  0.4	  0.1	13.004	0.000	0.000
10	  R	  0.5	  0.1	13.004	0.000	0.000
11	  K	  0.3	  0.1	12.855	0.000	0.000
12	  K	  0.6	  0.1	11.291	0.000	0.000
13	  L	  0.7	  0.1	8.612	0.000	0.000
14	  Q	  0.6	  0.0	7.481	0.000	0.000
15	  D	  0.2	  0.0	0.395	0.000	0.000
