res	aa	Beta	Turn	Helix	Aggregation	Conc-Stab_Aggregation
01	  W	  0.6	  0.0	0.136	0.000	0.000
02	  L	  0.9	  0.0	0.136	0.605	0.605
03	  N	  0.9	  0.0	0.281	0.605	0.605
04	  A	  0.6	  0.0	0.281	0.605	0.605
05	  L	  0.7	  0.0	0.281	0.605	0.605
06	  L	  1.2	  0.0	0.281	0.605	0.605
07	  H	  1.2	  0.3	0.281	0.000	0.000
08	  H	  0.8	  0.4	0.145	0.000	0.000
09	  G	  0.4	  0.7	0.108	0.000	0.000
10	  L	  3.5	  0.6	0.108	0.000	0.000
11	  N	  3.5	  0.3	0.108	0.000	0.000
12	  C	  4.3	  0.7	0.108	0.000	0.000
13	  A	  1.0	  0.9	0.108	0.000	0.000
14	  K	  0.9	  0.9	0.108	0.000	0.000
15	  G	  0.0	  0.9	0.000	0.000	0.000
16	  V	  1.6	  0.4	0.000	0.000	0.000
17	  L	  1.6	  0.0	0.000	0.000	0.000
18	  A	  1.6	  0.0	0.000	0.000	0.000
