res	aa	Beta	Turn	Helix	Aggregation	Conc-Stab_Aggregation
01	  A	  0.0	  0.0	0.000	0.000	0.000
02	  A	  0.3	  0.0	0.000	0.752	0.752
03	  C	  0.6	  0.3	0.000	1.106	1.106
04	  L	  0.6	  0.3	0.000	1.106	1.106
05	  G	  0.4	  0.3	0.000	1.106	1.106
06	  M	  0.2	  0.3	0.000	1.106	1.106
07	  F	  1.2	  0.2	0.000	1.106	1.106
08	  E	  1.3	  0.2	0.000	0.000	0.000
09	  S	 12.2	  0.2	0.000	0.000	0.000
10	  C	 11.3	  0.2	0.000	0.000	0.000
11	  D	 11.0	 10.6	0.000	0.000	0.000
12	  P	  0.1	 10.7	0.000	0.000	0.000
13	  N	  0.0	 11.2	0.000	0.000	0.000
14	  N	  0.0	 11.4	0.000	0.000	0.000
15	  D	  0.0	  0.9	0.000	0.000	0.000
16	  K	  4.2	  0.8	0.000	0.000	0.000
17	  C	  5.2	  0.3	0.000	0.000	0.000
18	  C	  5.1	  1.8	0.000	0.000	0.000
19	  P	  1.0	  1.6	0.000	0.000	0.000
20	  N	  0.0	  1.8	0.993	0.000	0.000
21	  R	  0.0	  1.8	1.173	0.000	0.000
22	  E	  0.9	  0.3	1.173	0.000	0.000
23	  C	  1.0	  0.3	1.173	0.000	0.000
24	  N	  1.1	  0.2	1.173	0.000	0.000
25	  R	  0.3	  0.2	1.173	0.000	0.000
26	  K	  0.4	  0.2	0.983	0.000	0.000
27	  H	  0.9	  0.3	0.295	0.000	0.000
28	  K	  1.3	  0.2	0.107	0.000	0.000
29	  W	  1.7	  0.1	0.000	0.000	0.000
30	  C	  1.4	  0.1	0.000	0.000	0.000
31	  K	  1.9	  0.0	0.000	0.000	0.000
32	  Y	  2.6	  0.0	0.000	0.000	0.000
33	  K	  2.7	  0.0	0.000	0.000	0.000
34	  L	  1.6	  0.0	0.000	0.000	0.000
35	  W	  0.3	  0.0	0.000	0.000	0.000
