res	aa	Beta	Turn	Helix	Aggregation	Conc-Stab_Aggregation
01	  D	  0.0	  0.0	0.000	0.000	0.000
02	  D	  0.1	  0.0	0.000	0.000	0.000
03	  C	  0.4	  0.3	0.000	0.158	0.158
04	  L	  0.4	  0.3	0.000	0.158	0.158
05	  G	  0.4	  0.3	0.000	0.158	0.158
06	  M	  0.7	  0.3	0.000	0.158	0.158
07	  F	  2.0	  0.2	0.000	0.158	0.158
08	  S	  2.6	  0.3	0.000	0.000	0.000
09	  S	 14.1	  0.3	0.000	0.000	0.000
10	  C	 12.9	  0.3	0.000	0.000	0.000
11	  D	 12.2	  0.7	0.161	0.000	0.000
12	  P	  0.1	  0.9	0.161	0.000	0.000
13	  K	  0.0	  1.0	0.161	0.000	0.000
14	  N	  0.0	  1.1	0.161	0.000	0.000
15	  D	  0.1	  0.7	0.161	0.000	0.000
16	  K	  4.7	  0.4	0.161	0.000	0.000
17	  C	  5.7	  0.3	0.000	0.000	0.000
18	  C	  5.7	  1.8	0.000	0.000	0.000
19	  P	  1.0	  1.6	0.000	0.000	0.000
20	  N	  0.1	  1.6	0.142	0.000	0.000
21	  R	  0.2	  1.6	0.142	0.000	0.000
22	  V	  0.7	  0.0	0.142	0.000	0.000
23	  C	  1.7	  0.2	0.142	0.000	0.000
24	  R	  1.9	  0.2	0.142	0.000	0.000
25	  S	  1.6	  1.5	0.142	0.000	0.000
26	  R	  0.6	  1.5	0.000	0.000	0.000
27	  D	  0.8	  1.5	0.147	0.000	0.000
28	  Q	  1.9	  1.4	0.147	0.000	0.000
29	  W	  2.5	  0.1	0.147	0.000	0.000
30	  C	  2.2	  0.1	0.147	0.000	0.000
31	  K	  1.9	  0.0	0.147	0.000	0.000
32	  Y	  2.6	  0.0	0.147	0.000	0.000
33	  K	  2.6	  0.0	0.147	0.000	0.000
34	  L	  1.6	  0.0	0.000	0.000	0.000
35	  W	  0.3	  0.0	0.000	0.000	0.000
