res	aa	Beta	Turn	Helix	Aggregation	Conc-Stab_Aggregation
01	  G	  0.0	  0.0	0.000	0.000	0.000
02	  V	  2.8	  0.0	0.000	2.975	2.975
03	  L	  5.2	  0.0	0.000	2.975	2.975
04	  D	  6.3	  0.0	0.109	2.975	2.975
05	  I	  4.0	  0.0	0.109	2.975	2.975
06	  F	  2.0	  0.3	0.375	2.975	2.975
07	  K	  0.9	  0.3	0.797	2.975	2.975
08	  D	  0.5	  0.4	1.167	0.000	0.000
09	  A	  0.1	  0.4	1.167	0.000	0.000
10	  A	  0.1	  0.2	1.167	0.000	0.000
11	  K	  0.4	  0.2	1.167	0.000	0.000
12	  Q	  1.3	  0.1	0.907	0.000	0.000
13	  I	  2.0	  0.1	0.546	0.000	0.000
14	  L	  1.9	  0.0	0.546	0.000	0.000
15	  A	  1.0	  0.0	0.546	0.000	0.000
16	  H	  0.4	  0.0	0.546	0.000	0.000
17	  A	  0.3	  0.0	0.000	0.000	0.000
18	  A	  0.2	  0.1	0.000	0.000	0.000
19	  E	  0.1	  0.1	0.000	0.000	0.000
20	  Q	  0.0	  0.1	0.000	0.000	0.000
21	  I	  0.0	  0.1	0.000	0.000	0.000
