res	aa	Beta	Turn	Helix	Aggregation	Conc-Stab_Aggregation
01	  A	  0.1	  0.0	0.000	0.000	0.000
02	  A	  0.1	  0.0	0.000	0.000	0.000
03	  K	  0.5	  0.0	0.000	0.000	0.000
04	  E	  1.1	  0.0	0.000	0.000	0.000
05	  I	  1.6	  0.0	0.000	0.285	0.285
06	  A	  2.1	  0.0	0.000	0.285	0.285
07	  H	  4.6	  0.0	0.000	0.285	0.285
08	  I	  4.5	  0.0	0.000	0.285	0.285
09	  F	  4.3	  0.1	0.000	0.285	0.285
10	  H	  1.2	  0.1	0.000	0.000	0.000
11	  D	  0.8	  0.1	0.000	0.000	0.000
12	  N	  0.1	  0.1	0.000	0.000	0.000
