res	aa	Beta	Turn	Helix	Aggregation	Conc-Stab_Aggregation
01	  D	  0.2	  0.0	0.000	0.000	0.000
02	  L	  0.5	  0.1	0.000	1.027	1.027
03	  W	  1.3	  0.1	0.000	1.027	1.027
04	  N	  1.3	  0.1	0.121	1.027	1.027
05	  S	  1.8	  0.1	1.838	1.027	1.027
06	  I	  1.3	  0.2	1.838	1.027	1.027
07	  K	  1.0	  0.1	2.153	0.000	0.000
08	  D	  0.3	  0.1	4.566	0.000	0.000
09	  M	  0.2	  0.1	4.945	0.000	0.000
10	  A	  0.2	  0.0	5.096	0.000	0.000
11	  A	  0.2	  0.0	5.096	0.000	0.000
12	  A	  0.1	  0.5	4.986	0.000	0.000
13	  A	  0.1	  0.6	4.732	0.000	0.000
14	  G	  0.1	  0.6	4.766	0.000	0.000
15	  R	  0.1	  0.6	3.068	0.000	0.000
16	  A	  0.2	  0.2	0.996	0.203	0.203
17	  A	  0.3	  0.0	0.883	0.446	0.446
18	  L	  0.6	  0.0	0.883	0.446	0.446
19	  N	  0.5	  0.0	1.315	0.446	0.446
20	  A	  0.8	  0.0	0.744	0.670	0.670
21	  V	  1.2	  0.1	0.432	0.933	0.933
22	  T	  1.1	  0.1	0.432	0.933	0.933
23	  G	  0.7	  0.1	0.432	0.933	0.933
24	  M	  0.8	  0.1	0.432	0.933	0.933
25	  V	  2.5	  0.0	0.000	0.933	0.933
26	  N	  2.5	  0.0	0.000	0.000	0.000
27	  Q	  1.7	  0.0	0.000	0.000	0.000
