res	aa	Beta	Turn	Helix	Aggregation	Conc-Stab_Aggregation
01	  R	  0.2	  0.0	0.467	0.000	0.000
02	  D	  1.0	  0.0	0.586	0.000	0.000
03	  W	  2.1	  0.0	2.440	0.000	0.000
04	  E	  2.1	  0.1	8.810	0.000	0.000
05	  R	  1.3	  0.1	9.527	0.000	0.000
06	  R	  0.4	  0.1	13.543	0.000	0.000
07	  E	  0.9	  0.1	14.090	0.000	0.000
08	  F	  2.6	  0.1	14.976	0.000	0.000
09	  E	  2.6	  0.1	15.765	0.000	0.000
10	  R	  2.3	  0.1	15.765	0.000	0.000
11	  R	  1.6	  0.2	15.653	0.000	0.000
12	  Q	  1.5	  0.2	15.334	0.000	0.000
13	  N	  1.2	  0.2	17.350	0.000	0.000
14	  E	  0.2	  0.2	17.133	0.000	0.000
15	  L	  0.3	  0.1	16.442	0.000	0.000
16	  R	  0.4	  0.1	14.360	0.000	0.000
17	  R	  0.2	  0.1	11.388	0.000	0.000
18	  E	  0.1	  0.1	9.820	0.000	0.000
19	  Q	  0.1	  0.1	8.905	0.000	0.000
20	  E	  0.1	  0.1	8.343	0.000	0.000
21	  Q	  0.3	  0.1	7.849	0.000	0.000
22	  R	  0.4	  0.1	5.193	0.000	0.000
23	  R	  0.3	  0.1	3.962	0.000	0.000
24	  E	  0.1	  0.1	2.193	0.000	0.000
25	  E	  0.1	  0.1	1.068	0.000	0.000
26	  L	  0.0	  0.1	0.702	0.000	0.000
27	  L	  0.0	  0.0	0.000	0.000	0.000
