res	aa	Beta	Turn	Helix	Aggregation	Conc-Stab_Aggregation
01	  G	  0.0	  0.1	0.000	0.000	0.000
02	  V	  0.1	  0.1	0.000	0.057	0.057
03	  G	  0.2	  0.1	0.000	0.057	0.057
04	  Y	  2.3	  0.1	0.000	0.057	0.057
05	  K	  3.9	  0.0	0.000	0.057	0.057
06	  V	 15.4	  0.0	0.000	46.307	46.307
07	  V	 15.7	  0.0	0.000	49.403	49.403
08	  V	 15.6	  0.0	0.000	49.478	49.478
09	  T	  5.6	  0.0	0.000	49.478	49.478
10	  T	  3.5	  0.0	0.000	49.478	49.478
11	  T	  2.3	  0.0	0.101	40.833	40.833
12	  A	  0.8	  0.0	0.101	35.197	35.197
13	  A	  0.3	  0.5	0.101	30.336	30.336
14	  A	  0.1	  0.7	0.101	8.033	8.033
15	  D	  0.0	  3.8	0.101	0.057	0.057
16	  D	  0.0	  4.8	0.101	0.000	0.000
17	  D	  0.0	  4.4	0.000	0.000	0.000
18	  D	  1.4	  4.1	0.000	0.000	0.000
19	  V	  1.4	  1.0	0.000	0.000	0.000
20	  V	  1.4	  0.0	0.000	0.000	0.000
