res	aa	Beta	Turn	Helix	Aggregation	Conc-Stab_Aggregation
01	  V	  3.0	  0.0	0.000	0.000	0.000
02	  K	  3.7	  0.2	0.000	0.000	0.000
03	  S	  3.7	  0.5	0.000	0.000	0.000
04	  T	  0.8	  0.6	0.000	0.000	0.000
05	  G	  0.2	  0.6	0.000	0.000	0.000
06	  R	  0.3	  1.3	0.000	0.000	0.000
07	  A	  0.3	  1.3	0.000	0.000	0.000
08	  D	  0.2	  2.2	0.249	0.000	0.000
09	  D	  0.0	  2.3	1.886	0.000	0.000
10	  D	  0.0	  1.4	2.948	0.000	0.000
11	  L	  0.3	  1.2	2.948	0.000	0.000
12	  A	  1.0	  0.1	2.948	0.000	0.000
13	  V	  2.4	  0.0	2.948	0.000	0.000
14	  K	  2.8	  0.1	2.948	0.000	0.000
15	  T	  3.4	  0.1	1.596	0.000	0.000
16	  K	  2.4	  0.1	1.596	0.000	0.000
17	  Y	  1.7	  0.0	0.844	0.000	0.000
18	  L	  0.5	  0.0	0.000	0.000	0.000
19	  P	  0.0	  0.0	0.000	0.000	0.000
20	  P	  0.0	  0.0	0.000	0.000	0.000
