res	aa	Beta	Turn	Helix	Aggregation	Conc-Stab_Aggregation
01	  M	  0.1	  0.0	0.000	0.000	0.000
02	  P	  0.1	  0.0	0.000	0.000	0.000
03	  C	  0.1	  0.3	0.347	0.000	0.000
04	  P	  0.0	  0.3	0.347	0.000	0.000
05	  K	  0.6	  0.3	0.347	0.000	0.000
06	  I	  1.4	  0.3	0.347	0.000	0.000
07	  L	  1.5	  0.1	0.347	0.000	0.000
08	  K	  1.1	  0.1	0.347	0.000	0.000
09	  Q	  0.7	  0.1	0.234	0.000	0.000
10	  C	  0.9	  0.4	0.000	0.000	0.000
11	  K	  0.7	  0.7	0.000	0.000	0.000
12	  S	  0.4	  0.7	0.395	0.000	0.000
13	  D	  0.0	  6.7	1.059	0.000	0.000
14	  E	  0.0	  6.4	1.059	0.000	0.000
15	  D	  1.1	  6.1	1.941	0.000	0.000
16	  C	  9.1	  6.0	1.941	0.000	0.000
17	  C	  9.4	  0.3	1.941	0.000	0.000
18	  R	  8.4	  0.3	1.941	0.000	0.000
19	  G	  0.5	  0.3	1.941	0.000	0.000
20	  W	  2.3	  0.4	1.414	0.000	0.000
21	  K	  2.8	  0.0	0.612	0.000	0.000
22	  C	  3.5	  0.4	0.188	0.460	0.460
23	  F	  1.5	  0.4	0.188	1.943	1.943
24	  G	  1.0	  0.3	0.089	1.943	1.943
25	  F	  3.6	  0.4	0.000	1.943	1.943
26	  S	  4.2	  0.0	1.408	1.943	1.943
27	  I	  4.3	  0.1	1.408	1.943	1.943
28	  K	  1.1	  0.2	1.408	0.000	0.000
29	  D	  0.3	  0.3	1.510	0.000	0.000
30	  K	  0.6	  0.3	1.510	0.000	0.000
31	  M	  2.4	  0.2	1.510	0.000	0.000
32	  C	  5.1	  0.1	0.756	0.000	0.000
33	  I	  6.1	  0.0	0.355	0.000	0.000
34	  S	  4.2	  0.0	0.355	0.000	0.000
35	  R	  1.5	  0.0	0.000	0.000	0.000
