res	aa	Beta	Turn	Helix	Aggregation	Conc-Stab_Aggregation
01	  F	  0.4	  0.1	0.000	0.000	0.000
02	  I	  0.5	  0.2	0.000	0.000	0.000
03	  G	  0.5	  0.2	0.000	0.000	0.000
04	  A	  1.2	  0.2	0.000	0.000	0.000
05	  I	  1.5	  0.1	0.000	0.000	0.000
06	  L	  1.5	  0.0	0.000	0.000	0.000
07	  P	  0.3	  0.0	0.000	0.000	0.000
08	  A	  0.2	  0.0	0.000	6.703	6.703
09	  I	  1.5	  0.0	0.000	14.341	14.341
10	  A	  1.5	  0.0	0.000	14.665	14.665
11	  G	  1.3	  0.0	0.000	15.048	15.048
12	  L	  0.2	  0.0	0.000	19.890	19.890
13	  V	  0.2	  0.8	0.000	20.410	20.410
14	  G	  0.2	  0.8	0.000	14.665	14.665
15	  G	  0.1	  0.8	0.000	14.145	14.145
16	  L	  0.6	  0.8	0.000	14.145	14.145
17	  I	  2.9	  0.0	0.000	13.707	13.707
18	  N	  2.8	  0.0	0.000	1.122	1.122
19	  R	  2.3	  0.0	0.000	0.000	0.000
