res	aa	Beta	Turn	Helix	Aggregation	Conc-Stab_Aggregation
01	  I	  4.1	  0.0	0.000	0.000	0.000
02	  R	  4.9	  0.0	0.000	0.000	0.000
03	  C	  5.2	  0.7	0.000	0.000	0.000
04	  S	  1.4	  1.5	0.000	0.000	0.000
05	  G	  0.6	  1.5	0.000	0.000	0.000
06	  S	  0.5	  3.7	0.000	0.000	0.000
07	  R	  0.3	  3.1	0.000	0.000	0.000
08	  D	  1.5	  2.3	0.000	0.000	0.000
09	  C	  7.5	  2.2	0.000	0.000	0.000
10	  Y	  7.8	  0.0	0.000	0.000	0.000
11	  S	  6.6	  0.2	0.372	0.000	0.000
12	  P	  0.4	  0.2	0.372	0.000	0.000
13	  C	  2.4	  0.2	0.477	0.000	0.000
14	  M	  2.6	  0.2	0.477	0.000	0.000
15	  K	  2.8	  0.2	0.477	0.000	0.000
16	  Q	  0.4	  0.3	0.477	0.000	0.000
17	  T	  0.3	  0.3	0.105	0.000	0.000
18	  G	  0.1	  0.3	0.105	0.000	0.000
19	  C	  0.1	  2.0	0.246	0.000	0.000
20	  P	  0.0	  1.8	0.140	0.000	0.000
21	  N	  0.1	  2.1	0.437	0.000	0.000
22	  A	  0.2	  2.1	0.437	0.000	0.000
23	  K	  1.4	  0.3	0.437	0.000	0.000
24	  C	  5.0	  0.3	0.437	0.000	0.000
25	  I	  5.2	  0.0	0.297	0.000	0.000
26	  N	  4.0	  1.8	0.297	0.000	0.000
27	  K	  1.4	  1.8	0.155	0.000	0.000
28	  S	  2.3	  1.8	0.000	0.000	0.000
29	  C	  2.9	  1.9	0.000	0.000	0.000
30	  K	  2.5	  0.1	0.000	0.000	0.000
31	  C	  2.1	  0.5	0.000	0.000	0.000
32	  Y	  1.9	  0.5	0.000	0.000	0.000
33	  G	  1.3	  0.4	0.000	0.000	0.000
34	  C	  0.5	  0.4	0.000	0.000	0.000
