res	aa	Beta	Turn	Helix	Aggregation	Conc-Stab_Aggregation
01	  V	  3.5	  0.0	0.000	0.000	0.000
02	  F	  5.5	  0.0	0.000	0.000	0.000
03	  C	  6.1	  0.0	0.000	0.000	0.000
04	  R	  6.6	  0.1	0.000	0.000	0.000
05	  F	  5.0	  6.6	0.000	0.000	0.000
06	  N	  4.4	  6.7	0.000	0.000	0.000
07	  G	  0.5	  6.8	0.000	0.000	0.000
08	  Q	  0.3	  6.7	0.000	0.000	0.000
09	  Q	  0.9	  0.1	0.000	0.000	0.000
10	  C	  2.2	  0.2	0.000	0.000	0.000
11	  T	  2.0	  1.0	0.000	0.000	0.000
12	  S	  1.4	  1.6	0.000	0.000	0.000
13	  D	  0.1	  1.6	0.000	0.000	0.000
14	  G	  0.0	  1.6	0.000	0.000	0.000
15	  Q	  1.8	  0.7	0.000	0.000	0.000
16	  C	  7.6	  0.1	0.000	0.000	0.000
17	  C	  8.3	  0.4	0.000	0.000	0.000
18	  Y	  6.6	  0.5	0.000	0.000	0.000
19	  G	  0.9	  0.6	0.000	0.000	0.000
20	  K	  0.9	  0.6	0.000	0.000	0.000
21	  C	  1.0	  0.4	0.000	0.000	0.000
22	  R	  1.1	  0.2	0.000	0.000	0.000
23	  T	  1.1	  0.1	0.000	0.000	0.000
24	  A	  1.3	  0.1	0.000	0.000	0.000
25	  F	  1.9	  0.2	0.000	0.000	0.000
26	  M	  1.1	  0.3	0.000	0.000	0.000
27	  G	  0.8	  0.3	0.000	0.000	0.000
28	  K	  0.7	  0.3	0.000	0.000	0.000
29	  I	  2.5	  0.0	0.000	0.000	0.000
30	  C	  2.4	  0.0	0.000	0.000	0.000
31	  M	  1.8	  0.0	0.000	0.000	0.000
