res	aa	Beta	Turn	Helix	Aggregation	Conc-Stab_Aggregation
01	  F	  0.4	  0.1	0.000	0.000	0.000
02	  I	  0.5	  0.2	0.000	0.000	0.000
03	  G	  0.5	  0.2	0.000	0.000	0.000
04	  A	  1.2	  0.2	0.000	0.000	0.000
05	  I	  1.5	  0.1	0.000	0.000	0.000
06	  L	  1.5	  0.0	0.000	0.000	0.000
07	  P	  0.3	  0.0	0.000	0.000	0.000
08	  A	  0.2	  0.0	0.000	3.464	3.464
09	  I	  1.4	  0.0	0.000	7.236	7.236
10	  A	  1.5	  0.0	0.000	7.236	7.236
11	  G	  1.2	  0.0	0.000	7.236	7.236
12	  L	  1.1	  0.0	0.000	7.396	7.396
13	  V	  1.9	  0.5	0.000	7.142	7.142
14	  H	  2.0	  0.5	0.000	0.420	0.420
15	  G	  1.0	  0.5	0.000	0.420	0.420
16	  L	  0.6	  0.5	0.000	0.420	0.420
17	  I	  2.8	  0.0	0.000	0.420	0.420
18	  N	  2.8	  0.0	0.000	0.000	0.000
19	  R	  2.3	  0.0	0.000	0.000	0.000
