res	aa	Beta	Turn	Helix	Aggregation	Conc-Stab_Aggregation
01	  G	  0.0	  0.0	0.000	0.000	0.000
02	  I	  0.5	  0.1	0.000	0.000	0.000
03	  M	  0.9	  0.1	0.000	0.000	0.000
04	  D	  1.0	  0.1	0.120	0.000	0.000
05	  S	  2.1	  0.1	0.120	0.000	0.000
06	  V	  2.3	  0.4	0.120	0.000	0.000
07	  K	  2.2	  0.4	0.120	0.000	0.000
08	  G	  0.6	  0.4	0.237	0.000	0.000
09	  L	  0.1	  0.4	0.237	0.000	0.000
10	  A	  0.2	  0.3	0.117	0.000	0.000
11	  K	  0.1	  0.3	0.117	0.000	0.000
12	  N	  0.1	  0.3	0.762	0.000	0.000
13	  L	  0.1	  0.7	0.762	0.000	0.000
14	  A	  0.1	  0.6	0.762	0.000	0.000
15	  G	  0.1	  0.7	0.762	0.000	0.000
16	  K	  0.3	  0.7	0.645	0.000	0.000
17	  L	  0.6	  0.3	0.645	0.000	0.000
18	  L	  0.9	  0.2	0.645	0.000	0.000
19	  D	  0.6	  0.3	1.071	0.000	0.000
20	  S	  0.8	  0.3	1.071	0.000	0.000
21	  L	  2.4	  0.2	0.867	0.000	0.000
22	  K	  3.2	  0.2	0.867	0.000	0.000
23	  C	  3.3	  0.0	0.587	0.000	0.000
24	  K	  6.5	  0.0	0.427	0.000	0.000
25	  I	  8.2	  0.1	0.000	0.000	0.000
26	  T	  7.6	  0.1	0.000	0.000	0.000
27	  G	  2.5	  0.1	0.000	0.000	0.000
28	  C	  0.1	  0.1	0.000	0.000	0.000
