res	aa	Beta	Turn	Helix	Aggregation	Conc-Stab_Aggregation
01	  F	  0.1	  0.0	0.000	0.000	0.000
02	  L	  0.2	  0.0	0.117	0.000	0.000
03	  P	  0.2	  0.0	0.380	0.000	0.000
04	  I	  0.8	  0.0	0.738	3.867	3.867
05	  L	  0.9	  0.1	1.166	3.867	3.867
06	  A	  1.3	  0.2	1.626	3.867	3.867
07	  S	  0.6	  0.2	5.537	3.867	3.867
08	  L	  0.6	  0.2	5.660	3.867	3.867
09	  A	  0.3	  0.0	5.660	1.542	1.542
10	  A	  0.4	  0.1	5.660	0.708	0.708
11	  K	  0.4	  0.1	5.660	0.000	0.000
12	  L	  0.4	  0.2	4.722	0.000	0.000
13	  G	  0.1	  0.4	3.945	0.000	0.000
14	  P	  0.0	  0.3	0.000	0.000	0.000
15	  K	  0.2	  0.3	0.000	0.000	0.000
16	  L	  1.9	  0.3	0.000	19.347	19.347
17	  F	  4.1	  0.1	0.000	20.028	20.028
18	  C	  5.5	  0.0	0.184	20.028	20.028
19	  L	  4.2	  0.0	0.184	20.028	20.028
20	  V	  3.7	  0.0	0.184	20.028	20.028
21	  T	  3.1	  0.1	0.184	4.607	4.607
22	  K	  2.8	  0.1	0.184	0.000	0.000
23	  K	  1.1	  0.1	0.184	0.000	0.000
24	  C	  0.1	  0.1	0.000	0.000	0.000
