res	aa	Beta	Turn	Helix	Aggregation	Conc-Stab_Aggregation
01	  A	  0.2	  0.0	0.000	0.000	0.000
02	  L	  0.7	  0.0	0.000	15.991	15.991
03	  F	  4.1	  0.0	0.000	15.991	15.991
04	  S	  4.2	  0.0	0.381	15.991	15.991
05	  I	  5.8	  0.0	0.381	15.991	15.991
06	  L	  2.7	  0.1	0.381	15.991	15.991
07	  R	  2.5	  0.1	0.381	0.000	0.000
08	  G	  0.3	  0.1	0.493	0.000	0.000
09	  L	  0.2	  0.1	0.493	0.000	0.000
10	  K	  0.2	  0.2	0.300	0.000	0.000
11	  K	  0.3	  0.1	0.112	0.000	0.000
12	  L	  0.2	  1.5	0.112	0.000	0.000
13	  G	  0.1	  1.5	0.112	0.000	0.000
14	  N	  0.0	  1.8	0.112	0.000	0.000
15	  M	  0.0	  1.9	0.000	0.000	0.000
16	  G	  0.1	  0.5	0.228	0.000	0.000
17	  Q	  0.5	  0.5	0.228	0.000	0.000
18	  A	  0.7	  0.1	0.228	0.000	0.000
19	  F	  2.3	  0.1	0.228	0.000	0.000
20	  V	  5.6	  0.1	0.228	0.000	0.000
21	  N	  5.6	  0.1	0.515	0.000	0.000
22	  C	  4.6	  0.1	0.287	0.000	0.000
23	  K	  1.3	  0.0	0.287	0.000	0.000
24	  I	  1.3	  0.0	0.287	0.000	0.000
25	  Y	  1.2	  0.1	0.287	0.000	0.000
26	  K	  0.9	  0.1	0.287	0.000	0.000
27	  K	  0.5	  0.1	0.178	0.000	0.000
28	  C	  0.1	  0.1	0.000	0.000	0.000
