res	aa	Beta	Turn	Helix	Aggregation	Conc-Stab_Aggregation
01	  G	  0.0	  0.0	0.000	0.000	0.000
02	  L	  0.1	  0.1	0.000	0.436	0.436
03	  L	  0.1	  0.3	0.000	0.436	0.436
04	  G	  0.1	  0.3	0.000	0.436	0.436
05	  S	  0.2	  0.3	0.000	0.436	0.436
06	  I	  0.2	  1.5	0.000	0.673	0.673
07	  G	  0.2	  1.3	0.000	0.349	0.349
08	  N	  0.1	  1.3	0.368	0.577	0.577
09	  A	  0.2	  1.4	0.368	8.714	8.714
10	  I	  0.3	  1.0	0.368	17.803	17.803
11	  G	  0.2	  1.0	1.025	18.009	18.009
12	  A	  0.4	  1.0	1.025	18.102	18.102
13	  F	  1.8	  0.8	1.025	18.102	18.102
14	  I	  1.9	  0.2	0.832	17.614	17.614
15	  A	  1.7	  0.2	0.832	4.791	4.791
16	  N	  0.1	  0.3	0.832	0.190	0.190
17	  K	  2.1	  0.3	0.639	0.000	0.000
18	  L	  2.2	  0.1	0.146	0.000	0.000
19	  K	  2.2	  0.1	0.146	0.000	0.000
20	  P	  0.1	  0.0	0.000	0.000	0.000
