res	aa	Beta	Turn	Helix	Aggregation	Conc-Stab_Aggregation
01	  Q	  0.2	  0.0	0.000	0.000	0.000
02	  Q	  0.5	  0.1	0.000	0.000	0.000
03	  R	  0.6	  0.1	0.000	0.000	0.000
04	  L	  0.4	  0.7	0.000	0.000	0.000
05	  G	  0.1	  0.7	0.000	0.000	0.000
06	  N	  0.9	  0.6	0.000	0.000	0.000
07	  Q	  1.2	  0.6	0.000	0.000	0.000
08	  W	  1.9	  0.0	0.000	0.000	0.000
09	  A	  1.1	  0.2	0.000	0.000	0.000
10	  V	  1.0	  0.3	0.000	0.000	0.000
11	  G	  0.3	  0.3	0.000	0.000	0.000
12	  H	  0.7	  0.3	0.000	0.000	0.000
13	  L	  0.6	  0.1	0.000	0.000	0.000
14	  M	  0.6	  0.0	0.000	0.000	0.000
