res	aa	Beta	Turn	Helix	Aggregation	Conc-Stab_Aggregation
01	  A	  0.2	  0.0	0.000	0.000	0.000
02	  L	  0.7	  0.0	0.000	16.476	16.476
03	  F	  4.1	  0.0	0.000	16.476	16.476
04	  S	  4.2	  0.0	0.383	16.476	16.476
05	  I	  5.8	  0.0	0.383	16.476	16.476
06	  L	  2.7	  0.1	0.383	16.476	16.476
07	  R	  2.5	  0.1	0.383	0.000	0.000
08	  G	  0.3	  0.1	0.517	0.000	0.000
09	  L	  0.2	  0.1	0.517	0.000	0.000
10	  K	  0.2	  0.2	0.324	0.000	0.000
11	  K	  0.3	  0.3	0.134	0.000	0.000
12	  L	  0.2	  0.5	0.134	0.000	0.000
13	  G	  0.1	  0.5	0.134	0.000	0.000
14	  K	  0.3	  0.6	0.134	0.000	0.000
15	  M	  0.3	  0.5	0.000	0.000	0.000
16	  G	  0.3	  0.4	0.128	0.000	0.000
17	  Q	  0.5	  0.2	0.128	0.000	0.000
18	  A	  0.7	  0.1	0.128	0.000	0.000
19	  F	  2.2	  0.1	0.128	0.000	0.000
20	  V	  5.5	  0.1	0.128	0.000	0.000
21	  N	  7.1	  0.1	0.584	0.000	0.000
22	  C	  8.6	  0.1	0.675	0.000	0.000
23	  E	  5.6	  0.0	0.675	0.000	0.000
24	  I	  3.9	  0.0	0.675	0.000	0.000
25	  Y	  1.3	  0.1	0.675	0.000	0.000
26	  K	  0.9	  0.1	0.675	0.000	0.000
27	  K	  0.5	  0.1	0.536	0.000	0.000
28	  C	  0.1	  0.1	0.000	0.000	0.000
