res	aa	Beta	Turn	Helix	Aggregation	Conc-Stab_Aggregation
01	  G	  0.0	  0.0	0.492	0.000	0.000
02	  I	  0.4	  0.1	0.657	0.355	0.355
03	  L	  0.6	  0.1	0.882	0.355	0.355
04	  D	  0.7	  0.1	4.458	0.355	0.355
05	  A	  0.7	  0.1	4.567	0.355	0.355
06	  I	  1.9	  0.0	4.567	0.355	0.355
07	  K	  2.1	  0.0	4.567	0.355	0.355
08	  A	  1.9	  0.0	4.374	0.355	0.355
09	  I	  0.9	  0.0	4.374	0.355	0.355
10	  A	  0.8	  0.0	4.374	0.163	0.163
11	  K	  0.7	  0.0	3.689	0.000	0.000
12	  A	  0.2	  0.0	0.814	0.000	0.000
13	  A	  0.2	  0.0	0.368	0.000	0.000
14	  G	  0.0	  0.0	0.116	0.000	0.000
