res	aa	Beta	Turn	Helix	Aggregation	Conc-Stab_Aggregation
01	  G	  0.0	  0.0	0.000	0.000	0.000
02	  F	  0.8	  0.0	0.000	2.197	2.197
03	  L	  1.0	  0.1	0.000	2.197	2.197
04	  S	  1.3	  0.1	0.000	2.197	2.197
05	  T	 16.4	  0.1	0.000	2.197	2.197
06	  V	 17.7	  0.1	0.000	2.197	2.197
07	  K	 17.4	  0.1	0.000	0.000	0.000
08	  N	  1.8	  0.1	0.217	0.000	0.000
09	  L	  0.1	  0.1	0.217	1.423	1.423
10	  A	  0.1	  0.1	0.217	1.423	1.423
11	  T	  0.8	  0.1	0.217	1.423	1.423
12	  N	  1.1	  0.1	0.217	1.423	1.423
13	  V	  1.6	  0.2	0.217	3.548	3.548
14	  A	  0.9	  0.1	0.217	3.709	3.709
15	  G	  0.6	  0.1	0.109	3.709	3.709
16	  T	  3.3	  0.1	0.339	3.709	3.709
17	  V	  7.8	  0.1	0.339	3.709	3.709
18	  I	  9.0	  0.0	0.339	3.425	3.425
19	  D	  5.8	  0.1	0.635	0.000	0.000
20	  T	  4.0	  0.1	0.738	0.000	0.000
21	  L	  4.6	  0.1	0.738	0.000	0.000
22	  K	  5.3	  0.1	0.738	0.000	0.000
23	  C	  3.6	  0.0	0.497	0.000	0.000
24	  K	  6.8	  0.0	0.399	0.000	0.000
25	  V	  6.7	  0.0	0.103	0.000	0.000
26	  T	  5.8	  0.1	0.103	0.000	0.000
27	  G	  0.6	  0.4	0.103	0.000	0.000
28	  G	  0.0	  0.4	0.103	0.000	0.000
29	  C	  1.1	  0.3	0.000	0.000	0.000
30	  R	  1.1	  0.3	0.000	0.000	0.000
31	  S	  1.1	  0.0	0.000	0.000	0.000
