res	aa	Beta	Turn	Helix	Aggregation	Conc-Stab_Aggregation
01	  G	  0.0	  0.0	0.000	0.000	0.000
02	  L	  0.1	  0.1	0.000	0.433	0.433
03	  L	  0.1	  0.3	0.000	0.433	0.433
04	  G	  0.1	  0.3	0.000	0.433	0.433
05	  S	  0.2	  0.3	0.000	0.433	0.433
06	  I	  0.2	  1.5	0.000	0.670	0.670
07	  G	  0.2	  1.3	0.000	0.347	0.347
08	  N	  0.1	  1.3	0.381	0.573	0.573
09	  A	  0.2	  1.4	0.381	8.685	8.685
10	  I	  0.3	  1.0	0.381	17.748	17.748
11	  G	  0.2	  1.0	1.150	17.953	17.953
12	  A	  0.4	  1.0	1.150	17.953	17.953
13	  F	  1.8	  0.8	1.150	17.953	17.953
14	  I	  1.9	  0.2	0.958	17.466	17.466
15	  A	  1.6	  0.2	0.958	4.682	4.682
16	  N	  0.1	  0.3	0.958	0.096	0.096
17	  K	  2.1	  0.3	0.756	0.000	0.000
18	  L	  2.2	  0.1	0.224	0.000	0.000
19	  K	  2.2	  0.1	0.224	0.000	0.000
20	  P	  0.1	  0.0	0.000	0.000	0.000
21	  K	  0.0	  0.0	0.000	0.000	0.000
