res	aa	Beta	Turn	Helix	Aggregation	Conc-Stab_Aggregation
01	  G	  0.0	  0.0	2.520	0.000	0.000
02	  L	  0.2	  0.0	2.520	11.176	11.176
03	  W	  2.1	  0.1	2.938	11.176	11.176
04	  Q	  2.3	  0.1	2.938	11.176	11.176
05	  L	  2.5	  0.1	2.938	11.176	11.176
06	  I	  0.8	  0.2	2.938	11.176	11.176
07	  K	  0.6	  0.2	2.938	0.000	0.000
08	  D	  0.3	  0.2	2.488	0.000	0.000
09	  K	  2.6	  0.2	1.527	0.000	0.000
10	  I	  2.8	  0.2	0.347	0.000	0.000
11	  K	  2.8	  0.2	0.347	0.000	0.000
12	  D	  0.3	  0.2	1.005	0.000	0.000
13	  A	  0.1	  0.5	1.005	1.665	1.665
14	  A	  0.1	  0.4	1.005	1.967	1.967
15	  T	  0.2	  0.4	1.005	2.438	2.438
16	  G	  0.1	  0.4	1.005	2.669	2.669
17	  F	  0.9	  0.1	1.005	5.490	5.490
18	  V	  1.5	  0.0	0.000	5.490	5.490
19	  T	  1.5	  0.1	0.000	4.406	4.406
20	  G	  0.8	  0.1	0.000	3.419	3.419
21	  I	  0.4	  0.1	0.000	3.419	3.419
22	  Q	  0.3	  0.0	0.000	0.266	0.266
23	  S	  0.3	  0.0	0.000	0.000	0.000
