res	aa	Beta	Turn	Helix	Aggregation	Conc-Stab_Aggregation
01	  G	  0.0	  0.0	3.744	0.000	0.000
02	  L	  0.2	  0.0	3.744	11.004	11.004
03	  W	  2.0	  0.1	4.329	11.004	11.004
04	  Q	  2.3	  0.1	4.329	11.004	11.004
05	  L	  2.4	  0.1	4.329	11.004	11.004
06	  I	  0.8	  0.2	4.329	11.004	11.004
07	  K	  0.6	  0.2	4.329	0.000	0.000
08	  D	  0.3	  0.3	4.000	0.000	0.000
09	  K	  1.0	  0.3	3.040	0.000	0.000
10	  L	  1.1	  0.4	1.861	0.000	0.000
11	  K	  1.1	  0.4	1.569	0.000	0.000
12	  D	  0.2	  0.3	1.622	0.000	0.000
13	  A	  0.1	  0.6	1.357	1.641	1.641
14	  A	  0.1	  0.4	1.119	1.941	1.941
15	  T	  0.2	  0.4	1.004	2.410	2.410
16	  G	  0.1	  0.4	1.004	2.641	2.641
17	  F	  0.9	  0.1	1.004	5.461	5.461
18	  V	  1.5	  0.0	0.000	5.461	5.461
19	  T	  1.5	  0.1	0.000	4.392	4.392
20	  G	  0.8	  0.1	0.000	3.414	3.414
21	  I	  0.4	  0.1	0.000	3.414	3.414
22	  Q	  0.3	  0.0	0.000	0.266	0.266
23	  S	  0.3	  0.0	0.000	0.000	0.000
