res	aa	Beta	Turn	Helix	Aggregation	Conc-Stab_Aggregation
01	  A	  0.2	  0.0	0.000	0.000	0.000
02	  L	  1.9	  0.0	0.000	0.000	0.000
03	  S	  2.1	  0.0	0.000	0.000	0.000
04	  I	  2.7	  0.0	0.000	0.000	0.000
05	  L	  1.1	  0.2	0.000	0.000	0.000
06	  K	  0.8	  0.2	0.365	0.000	0.000
07	  G	  0.1	  0.2	2.013	0.000	0.000
08	  L	  0.1	  0.3	2.424	0.000	0.000
09	  E	  0.2	  0.1	3.120	0.000	0.000
10	  K	  0.5	  0.1	3.120	0.000	0.000
11	  L	  0.4	  0.1	3.120	0.000	0.000
12	  A	  0.6	  0.0	3.120	0.000	0.000
13	  K	  0.5	  0.0	3.120	0.000	0.000
14	  M	  0.9	  0.0	2.271	0.165	0.165
15	  G	  1.1	  0.0	1.246	0.165	0.165
16	  I	  3.4	  0.0	0.000	0.165	0.165
17	  A	  3.2	  0.0	0.000	0.165	0.165
18	  L	  3.0	  0.1	0.000	0.165	0.165
19	  T	  1.0	  0.1	0.000	0.000	0.000
20	  N	  1.2	  0.1	0.316	0.000	0.000
21	  C	  1.9	  0.1	0.487	0.000	0.000
22	  K	  1.9	  0.1	0.487	0.000	0.000
23	  A	  1.7	  0.1	0.487	0.000	0.000
24	  T	  1.7	  0.2	0.487	0.000	0.000
25	  K	  1.4	  0.1	0.487	0.000	0.000
26	  K	  1.1	  0.1	0.372	0.000	0.000
27	  C	  0.1	  0.1	0.000	0.000	0.000
