res	aa	Beta	Turn	Helix	Aggregation	Conc-Stab_Aggregation
01	  Q	  0.3	  0.1	0.000	0.000	0.000
02	  R	  0.4	  0.2	0.000	0.000	0.000
03	  L	  0.4	  0.3	0.000	0.000	0.000
04	  G	  0.2	  0.3	0.000	0.000	0.000
05	  H	  1.0	  0.2	0.000	0.000	0.000
06	  Q	  1.3	  0.1	0.000	0.000	0.000
07	  W	  1.9	  0.0	0.000	0.000	0.000
08	  A	  1.1	  0.2	0.000	0.000	0.000
09	  V	  1.0	  0.3	0.000	0.000	0.000
10	  G	  0.3	  0.3	0.000	0.000	0.000
11	  H	  0.7	  0.3	0.000	0.000	0.000
12	  L	  0.6	  0.1	0.000	0.000	0.000
13	  M	  0.6	  0.0	0.000	0.000	0.000
