res	aa	Beta	Turn	Helix	Aggregation	Conc-Stab_Aggregation
01	  G	  0.0	  0.0	0.000	0.000	0.000
02	  K	  0.0	  0.0	0.000	0.000	0.000
03	  P	  0.0	  0.0	0.000	0.000	0.000
04	  F	  0.0	  0.0	0.000	0.000	0.000
05	  Y	  0.0	  0.0	0.000	0.000	0.000
06	  P	  0.0	  0.0	0.000	0.000	0.000
07	  P	  0.0	  0.0	0.000	0.000	0.000
08	  P	  0.0	  0.0	0.000	0.000	0.000
09	  I	  0.1	  0.0	0.000	0.000	0.000
10	  Y	  0.1	  0.3	0.000	0.000	0.000
11	  P	  0.1	  0.6	0.000	0.000	0.000
12	  E	  0.0	  0.6	0.000	0.000	0.000
13	  D	  0.0	  0.6	0.000	0.000	0.000
14	  M	  0.0	  0.4	0.000	0.000	0.000
