res	aa	Beta	Turn	Helix	Aggregation	Conc-Stab_Aggregation
01	  G	  0.0	  0.0	0.318	0.000	0.000
02	  L	  0.4	  0.0	0.318	9.158	9.158
03	  F	  3.6	  0.0	0.318	9.727	9.727
04	  D	  5.0	  0.0	0.318	9.727	9.727
05	  I	  6.4	  0.0	0.318	9.727	9.727
06	  I	  3.5	  0.1	0.318	9.727	9.727
07	  K	  2.2	  0.1	0.318	9.727	9.727
08	  N	  2.5	  0.1	0.161	9.201	9.201
09	  I	  5.2	  0.1	0.000	9.201	9.201
10	  V	  5.8	  0.0	0.000	8.888	8.888
11	  S	  4.0	  0.0	0.000	4.832	4.832
12	  T	  1.0	  0.0	0.000	2.960	2.960
13	  L	  0.1	  0.0	0.000	0.000	0.000
