res	aa	Beta	Turn	Helix	Aggregation	Conc-Stab_Aggregation
01	  G	  0.0	  0.0	0.000	0.000	0.000
02	  F	  0.8	  0.0	0.000	2.197	2.197
03	  L	  1.0	  0.1	0.000	2.197	2.197
04	  S	  1.3	  0.1	0.000	2.197	2.197
05	  T	 16.4	  0.1	0.000	2.197	2.197
06	  V	 17.7	  0.1	0.000	2.197	2.197
07	  K	 17.4	  0.1	0.000	0.000	0.000
08	  N	  1.8	  0.1	0.218	0.000	0.000
09	  L	  0.1	  0.1	0.218	0.784	0.784
10	  A	  0.1	  0.1	0.218	0.784	0.784
11	  T	  0.8	  0.1	0.218	0.784	0.784
12	  N	  1.1	  0.1	0.218	0.784	0.784
13	  V	  1.6	  0.2	0.218	1.956	1.956
14	  A	  0.9	  0.2	0.218	1.956	1.956
15	  G	  0.6	  0.2	0.111	1.956	1.956
16	  T	  3.5	  0.2	0.221	1.956	1.956
17	  V	  5.8	  0.1	0.221	1.956	1.956
18	  L	  6.0	  0.1	0.221	1.667	1.667
19	  D	  3.2	  0.1	0.594	0.000	0.000
20	  T	  7.0	  0.1	0.594	0.000	0.000
21	  I	 10.3	  0.0	0.594	0.000	0.000
22	  R	 10.1	  0.0	0.594	0.000	0.000
23	  C	  4.9	  0.0	0.477	0.000	0.000
24	  K	  6.1	  0.0	0.477	0.000	0.000
25	  V	  6.4	  0.0	0.000	0.000	0.000
26	  T	  5.5	  0.1	0.000	0.000	0.000
27	  G	  0.6	  0.4	0.000	0.000	0.000
28	  G	  0.1	  0.4	0.000	0.000	0.000
29	  C	  0.3	  0.3	0.000	0.000	0.000
30	  R	  0.3	  0.3	0.000	0.000	0.000
31	  P	  0.2	  0.0	0.000	0.000	0.000
