res	aa	Beta	Turn	Helix	Aggregation	Conc-Stab_Aggregation
01	  S	  4.1	  0.3	0.000	0.000	0.000
02	  V	  6.5	  0.3	0.000	0.000	0.000
03	  D	  6.6	  0.3	0.142	0.000	0.000
04	  M	  5.0	  0.3	0.142	0.000	0.000
05	  V	  3.8	  0.0	0.142	0.000	0.000
06	  M	  3.6	  0.2	0.142	0.000	0.000
07	  K	  1.2	  0.2	0.142	0.000	0.000
08	  G	  0.2	  0.2	0.142	0.000	0.000
09	  I	  5.5	  0.2	0.000	0.000	0.000
10	  K	  5.8	  0.0	0.000	0.000	0.000
11	  L	  5.7	  0.0	0.000	0.000	0.000
12	  W	  0.5	  0.0	0.000	0.000	0.000
13	  P	  0.1	  0.0	0.000	0.000	0.000
14	  L	  0.0	  0.0	0.000	0.000	0.000
