res	aa	Beta	Turn	Helix	Aggregation	Conc-Stab_Aggregation
01	  G	  0.0	  0.0	0.000	0.000	0.000
02	  L	  0.1	  0.0	0.000	0.000	0.000
03	  L	  0.1	  0.1	0.000	0.000	0.000
04	  G	  0.1	  0.3	1.461	0.000	0.000
05	  P	  0.0	  0.3	1.591	0.000	0.000
06	  L	  0.2	  0.3	1.708	0.000	0.000
07	  L	  1.9	  0.2	1.986	0.000	0.000
08	  K	  3.2	  0.0	1.986	0.000	0.000
09	  I	  3.8	  0.0	1.986	0.000	0.000
10	  A	  2.2	  0.0	1.986	0.000	0.000
11	  A	  1.2	  0.0	1.769	0.000	0.000
12	  K	  0.7	  0.1	1.532	0.000	0.000
13	  V	  0.8	  1.2	0.000	0.000	0.000
14	  G	  0.5	  1.5	0.000	0.000	0.000
15	  S	  0.1	  1.6	0.000	0.000	0.000
16	  N	  0.0	  1.4	0.000	0.000	0.000
17	  L	  0.0	  0.4	0.000	0.000	0.000
18	  L	  0.0	  0.0	0.000	0.000	0.000
