res	aa	Beta	Turn	Helix	Aggregation	Conc-Stab_Aggregation
01	  G	  0.0	  0.0	0.000	0.000	0.000
02	  F	  0.4	  0.0	0.000	0.000	0.000
03	  L	  0.4	  0.1	0.000	0.000	0.000
04	  G	  0.4	  0.3	2.663	0.000	0.000
05	  P	  0.0	  0.3	2.802	0.000	0.000
06	  L	  0.2	  0.3	2.947	0.000	0.000
07	  L	  1.5	  0.2	3.290	0.000	0.000
08	  K	  1.8	  0.0	3.417	0.000	0.000
09	  L	  1.7	  0.0	3.417	0.000	0.000
10	  A	  0.5	  0.2	2.985	0.000	0.000
11	  A	  0.2	  0.6	2.687	0.000	0.000
12	  K	  0.1	  0.6	2.252	0.000	0.000
13	  G	  0.2	  0.6	0.554	0.000	0.000
14	  V	  0.9	  0.4	0.000	0.000	0.000
15	  A	  1.2	  0.0	0.000	0.000	0.000
16	  K	  5.0	  0.0	0.000	0.000	0.000
17	  V	  4.9	  0.0	0.000	0.000	0.000
18	  I	  4.6	  0.1	0.000	0.000	0.000
19	  P	  0.6	  0.1	0.000	0.000	0.000
20	  H	  1.6	  0.1	0.000	0.000	0.000
21	  L	  1.6	  0.1	0.000	0.000	0.000
22	  I	  1.6	  0.2	0.000	0.000	0.000
23	  P	  0.1	  0.3	0.000	0.000	0.000
24	  S	  0.2	  0.3	0.000	0.000	0.000
25	  R	  0.6	  0.3	0.000	0.000	0.000
26	  Q	  0.6	  0.1	0.000	0.000	0.000
27	  Q	  0.4	  0.1	0.000	0.000	0.000
