res	aa	Beta	Turn	Helix	Aggregation	Conc-Stab_Aggregation
01	  N	  0.3	  0.0	0.489	0.000	0.000
02	  L	  1.0	  0.0	0.489	0.000	0.000
03	  V	  1.2	  0.1	0.489	0.000	0.000
04	  S	  0.9	  0.1	0.489	0.000	0.000
05	  D	  1.7	  0.1	0.489	0.000	0.000
06	  I	  3.5	  0.1	0.489	0.000	0.000
07	  I	  3.5	  0.6	0.489	0.000	0.000
08	  G	  2.1	  0.7	0.489	0.000	0.000
09	  S	  0.2	  0.7	0.309	0.000	0.000
10	  K	  0.2	  0.8	0.000	0.000	0.000
11	  K	  0.2	  0.2	0.000	0.000	0.000
12	  H	  0.7	  0.1	0.490	0.000	0.000
13	  M	  0.8	  0.1	0.490	0.000	0.000
14	  E	  0.7	  0.1	0.601	0.000	0.000
15	  K	  0.7	  0.1	0.710	0.000	0.000
16	  L	  1.0	  0.1	0.710	23.214	23.214
17	  I	  3.5	  0.0	0.710	23.214	23.214
18	  S	  3.6	  0.0	1.061	23.214	23.214
19	  I	  4.9	  0.0	1.061	23.214	23.214
20	  I	  2.8	  0.0	1.061	23.214	23.214
21	  K	  2.3	  0.1	1.061	0.000	0.000
22	  K	  1.4	  0.1	0.799	0.000	0.000
23	  C	  1.0	  0.1	0.351	0.000	0.000
24	  R	  0.8	  0.0	0.000	0.000	0.000
