res	aa	Beta	Turn	Helix	Aggregation	Conc-Stab_Aggregation
01	  G	  0.0	  0.0	0.000	0.000	0.000
02	  F	  0.4	  0.2	0.000	1.063	1.063
03	  L	  0.4	  0.6	0.000	1.063	1.063
04	  G	  0.4	  0.6	0.000	1.063	1.063
05	  S	  0.2	  0.6	0.000	1.063	1.063
06	  L	  0.4	  0.5	0.000	1.063	1.063
07	  L	  0.6	  0.3	0.000	0.907	0.907
08	  K	  0.4	  0.2	0.000	0.000	0.000
09	  T	  0.2	  0.3	0.000	0.000	0.000
10	  G	  0.1	  0.3	0.000	0.000	0.000
11	  L	  1.8	  0.1	0.000	0.000	0.000
12	  K	  2.1	  0.2	0.000	0.000	0.000
13	  V	  2.2	  1.2	0.000	0.000	0.000
14	  G	  0.5	  1.6	0.000	0.000	0.000
15	  S	  0.1	  1.6	0.000	0.000	0.000
16	  N	  0.0	  1.4	0.000	0.000	0.000
17	  L	  0.0	  0.4	0.000	0.000	0.000
18	  L	  0.0	  0.0	0.000	0.000	0.000
