res	aa	Beta	Turn	Helix	Aggregation	Conc-Stab_Aggregation
01	  G	  0.1	  0.0	0.000	0.000	0.000
02	  L	  0.2	  0.0	0.000	0.159	0.159
03	  A	  0.3	  0.1	0.000	0.159	0.159
04	  S	  0.4	  0.1	0.000	0.159	0.159
05	  T	  0.4	  0.3	0.296	0.159	0.159
06	  L	  0.3	  1.5	0.296	0.284	0.284
07	  G	  0.2	  1.4	0.296	0.125	0.125
08	  S	  0.6	  1.4	0.590	0.125	0.125
09	  F	  0.9	  1.4	0.590	0.125	0.125
10	  L	  0.9	  0.5	0.590	0.125	0.125
11	  G	  0.4	  0.5	0.709	0.000	0.000
12	  K	  0.6	  0.5	0.530	0.000	0.000
13	  F	  1.1	  0.6	0.412	0.000	0.000
14	  A	  1.1	  0.5	0.237	0.000	0.000
15	  K	  0.6	  1.3	0.237	0.000	0.000
16	  G	  0.0	  1.4	0.118	0.000	0.000
17	  G	  0.0	  1.3	0.000	0.000	0.000
18	  A	  0.1	  1.0	0.000	0.138	0.138
19	  Q	  0.5	  0.2	0.000	0.138	0.138
20	  A	  0.8	  0.1	0.000	0.138	0.138
21	  F	  2.4	  0.0	0.000	0.138	0.138
22	  L	  2.1	  0.0	0.000	0.138	0.138
23	  Q	  1.8	  0.0	0.000	0.000	0.000
24	  P	  0.1	  0.0	0.000	0.000	0.000
25	  K	  0.0	  0.0	0.000	0.000	0.000
