res	aa	Beta	Turn	Helix	Aggregation	Conc-Stab_Aggregation
01	  R	  0.2	  0.0	0.000	0.000	0.000
02	  K	  0.7	  0.0	0.000	0.000	0.000
03	  R	  0.8	  0.0	0.000	0.000	0.000
04	  H	  0.6	  3.6	0.000	0.000	0.000
05	  P	  0.1	  3.6	0.000	0.000	0.000
06	  D	  0.2	  4.7	0.146	0.000	0.000
07	  C	  0.5	  4.8	0.301	0.000	0.000
08	  D	  0.5	  1.3	0.301	0.000	0.000
09	  K	  0.4	  1.3	0.301	0.000	0.000
10	  A	  0.1	  0.4	0.301	0.000	0.000
11	  A	  0.2	  0.4	0.301	0.000	0.000
12	  D	  0.3	  0.3	0.301	0.000	0.000
13	  T	  0.8	  0.3	0.000	0.000	0.000
14	  R	  0.7	  0.1	0.000	0.000	0.000
15	  I	  0.4	  0.0	0.000	0.000	0.000
