res	aa	Beta	Turn	Helix	Aggregation	Conc-Stab_Aggregation
01	  N	  0.5	  0.0	0.000	0.000	0.000
02	  L	  0.7	  0.0	0.000	0.000	0.000
03	  Y	  6.4	  0.0	0.000	0.000	0.000
04	  Q	  7.9	  0.0	0.103	0.000	0.000
05	  F	  8.3	  0.1	0.103	0.000	0.000
06	  K	  2.8	  0.1	0.248	0.000	0.000
07	  E	  0.7	  0.1	0.248	0.000	0.000
08	  M	  0.3	  0.1	0.248	0.000	0.000
09	  I	  3.1	  0.0	0.248	0.000	0.000
10	  R	  4.7	  0.0	0.248	0.000	0.000
11	  Y	 18.6	  0.0	0.248	0.000	0.000
12	  T	 16.2	  0.0	0.000	0.000	0.000
13	  I	 14.6	  0.0	0.000	0.000	0.000
14	  P	  0.5	  0.0	0.000	0.000	0.000
