res	aa	Beta	Turn	Helix	Aggregation	Conc-Stab_Aggregation
01	  R	  0.4	  0.0	0.000	0.000	0.000
02	  Q	  0.9	  0.0	0.000	0.000	0.000
03	  R	  0.9	  0.0	0.000	0.000	0.000
04	  H	  0.5	  3.6	0.000	0.000	0.000
05	  P	  0.1	  3.6	0.000	0.000	0.000
06	  D	  0.2	  4.7	0.000	0.000	0.000
07	  C	  0.8	  4.7	0.000	0.000	0.000
08	  D	  0.8	  1.1	0.000	0.000	0.000
09	  K	  0.6	  1.1	0.000	0.000	0.000
10	  P	  0.0	  0.9	0.000	0.000	0.000
11	  P	  0.0	  1.1	0.000	0.000	0.000
12	  D	  0.0	  1.3	0.000	0.000	0.000
13	  T	  0.0	  1.3	0.000	0.000	0.000
14	  G	  0.0	  0.4	0.000	0.000	0.000
15	  N	  0.0	  0.2	0.000	0.000	0.000
