res	aa	Beta	Turn	Helix	Aggregation	Conc-Stab_Aggregation
01	  D	  0.0	  0.0	0.000	0.000	0.000
02	  C	  0.3	  0.2	0.126	30.482	30.482
03	  L	  0.4	  0.2	0.126	38.579	38.579
04	  G	  0.4	  0.2	0.533	38.579	38.579
05	  F	  0.6	  0.2	0.533	38.579	38.579
06	  L	  0.7	  0.0	0.533	38.579	38.579
07	  W	  3.1	  0.0	0.533	37.186	37.186
08	  K	  3.5	  0.0	0.533	0.000	0.000
09	  C	  3.5	  0.0	0.407	0.000	0.000
10	  N	  1.1	  4.8	0.282	0.000	0.000
11	  P	  0.1	  5.0	0.000	0.000	0.000
12	  S	  0.0	  5.5	0.000	0.000	0.000
13	  N	  0.0	  5.6	0.000	0.000	0.000
14	  D	  0.0	  1.0	0.000	0.000	0.000
15	  K	  2.7	  0.7	0.000	0.000	0.000
16	  C	 19.0	  0.2	0.000	0.000	0.000
17	  C	 19.1	  0.1	0.000	0.000	0.000
18	  R	 16.6	  0.6	0.000	0.000	0.000
19	  P	  0.2	  0.6	0.000	0.000	0.000
20	  N	  0.2	  0.6	0.000	0.000	0.000
21	  L	  1.5	  0.6	0.000	0.000	0.000
22	  V	  2.5	  0.0	0.000	0.000	0.000
23	  C	  3.0	  0.1	0.000	0.000	0.000
24	  S	  1.8	  0.2	0.542	0.000	0.000
25	  R	  1.2	  0.7	0.542	0.000	0.000
26	  K	  0.6	  0.7	0.542	0.000	0.000
27	  D	  0.5	  0.8	0.542	0.000	0.000
28	  K	  0.7	  0.7	0.542	0.000	0.000
29	  W	  1.3	  0.2	0.542	0.000	0.000
30	  C	  1.4	  0.2	0.304	0.000	0.000
31	  K	  1.8	  0.0	0.125	0.000	0.000
32	  Y	  4.4	  0.0	0.125	0.000	0.000
33	  Q	  4.1	  0.0	0.125	0.000	0.000
34	  I	  3.3	  0.0	0.000	0.000	0.000
