res	aa	Beta	Turn	Helix	Aggregation	Conc-Stab_Aggregation
01	  A	  0.2	  0.0	0.000	0.000	0.000
02	  T	  1.1	  0.0	0.000	0.000	0.000
03	  R	  3.1	  0.0	0.000	0.000	0.000
04	  V	  6.4	  0.0	0.000	0.000	0.000
05	  V	  9.2	  0.0	0.000	0.000	0.000
06	  Y	  8.8	  0.1	0.000	0.000	0.000
07	  C	  5.6	  0.1	0.000	0.000	0.000
08	  N	  1.9	  0.2	0.000	0.000	0.000
09	  R	  0.5	  0.4	0.000	0.000	0.000
10	  R	  0.4	  0.7	0.000	0.000	0.000
11	  S	  0.6	  0.9	0.000	0.000	0.000
12	  G	  0.4	  0.8	0.000	0.000	0.000
13	  S	  1.2	  0.6	0.000	0.000	0.000
14	  V	  1.9	  0.3	0.000	0.000	0.000
15	  V	  2.0	  0.3	0.000	0.000	0.000
16	  G	  1.1	  1.4	0.000	0.000	0.000
17	  G	  0.1	  1.6	0.000	0.000	0.000
18	  D	  0.0	  1.6	0.000	0.000	0.000
19	  D	  0.5	  1.3	0.000	0.000	0.000
20	  T	  6.1	  0.2	0.000	0.000	0.000
21	  V	  8.0	  0.1	0.000	0.000	0.000
22	  Y	  9.7	  0.0	0.000	0.000	0.000
23	  Y	  5.6	  0.0	0.000	0.000	0.000
24	  E	  3.6	  0.0	0.000	0.000	0.000
25	  G	  1.4	  0.0	0.000	0.000	0.000
