res	aa	Beta	Turn	Helix	Aggregation	Conc-Stab_Aggregation
01	  S	  5.8	  0.3	0.000	0.000	0.000
02	  I	 11.1	  0.3	0.000	0.000	0.000
03	  S	 12.2	  0.3	0.000	0.000	0.000
04	  C	  6.8	  0.4	0.000	0.000	0.000
05	  G	  1.2	  0.5	0.000	0.000	0.000
06	  E	  0.3	  0.4	0.000	0.000	0.000
07	  S	  1.1	  0.4	0.111	0.000	0.000
08	  C	  1.8	  0.3	0.234	0.580	0.580
09	  A	  1.8	  0.0	0.234	5.106	5.106
10	  M	  1.4	  0.1	0.234	9.190	9.190
11	  I	  4.7	  0.1	0.234	12.258	12.258
12	  S	  7.1	  0.1	0.234	12.258	12.258
13	  F	  9.7	  0.1	0.234	12.258	12.258
14	  C	  6.8	  0.0	0.125	11.050	11.050
15	  F	  5.1	  0.0	0.125	10.266	10.266
16	  T	  2.3	  0.0	0.125	3.866	3.866
17	  E	  1.7	  0.0	0.125	0.000	0.000
18	  V	  1.7	  0.0	0.125	0.000	0.000
19	  I	  1.5	  0.8	0.125	0.000	0.000
20	  G	  1.1	  0.8	0.125	0.000	0.000
21	  C	  4.1	  0.8	0.000	0.000	0.000
22	  S	  5.3	  0.8	0.000	0.000	0.000
23	  C	  5.4	  0.6	0.000	0.000	0.000
24	  K	  1.6	  0.6	0.000	0.000	0.000
25	  N	  0.4	  0.5	0.000	0.000	0.000
26	  K	  1.1	  0.5	0.000	0.000	0.000
27	  V	  2.0	  0.0	0.000	0.000	0.000
28	  C	  3.6	  0.0	0.000	0.000	0.000
29	  Y	  3.3	  0.0	0.000	0.000	0.000
30	  L	  2.2	  0.0	0.000	0.000	0.000
31	  N	  0.6	  0.0	0.000	0.000	0.000
