res	aa	Beta	Turn	Helix	Aggregation	Conc-Stab_Aggregation
01	  F	  1.0	  0.1	0.000	0.000	0.000
02	  L	  2.7	  0.2	0.000	0.000	0.000
03	  S	  3.3	  0.2	0.000	0.000	0.000
04	  L	  2.4	  0.2	0.000	0.000	0.000
05	  I	  0.7	  0.1	0.000	0.000	0.000
06	  P	  0.1	  0.1	0.000	0.000	0.000
07	  H	  0.7	  0.1	0.000	0.000	0.000
08	  A	  0.9	  0.1	0.000	0.327	0.327
09	  I	  1.9	  0.0	0.000	0.599	0.599
10	  N	  1.3	  0.0	1.467	0.599	0.599
11	  A	  1.6	  0.0	1.467	1.319	1.319
12	  V	  2.6	  0.0	1.467	1.708	1.708
13	  S	  2.6	  0.0	1.660	1.505	1.505
14	  A	  2.2	  0.0	1.660	1.505	1.505
15	  L	  0.2	  0.3	1.660	1.505	1.505
16	  A	  0.1	  0.3	1.257	0.845	0.845
17	  N	  0.1	  0.3	0.997	0.000	0.000
18	  H	  0.0	  0.3	0.392	0.000	0.000
19	  G	  0.0	  0.1	0.000	0.000	0.000
