res	aa	Beta	Turn	Helix	Aggregation	Conc-Stab_Aggregation
01	  F	  1.0	  0.1	0.000	0.000	0.000
02	  L	  2.7	  0.2	0.000	0.000	0.000
03	  S	  3.3	  0.2	0.000	0.000	0.000
04	  L	  2.4	  0.2	0.000	0.000	0.000
05	  I	  0.7	  0.2	0.000	0.000	0.000
06	  P	  0.1	  0.1	0.000	0.000	0.000
07	  H	  0.7	  0.1	0.000	0.000	0.000
08	  A	  0.9	  0.1	0.000	1.206	1.206
09	  I	  1.9	  0.0	0.000	2.399	2.399
10	  N	  1.4	  0.0	0.000	2.526	2.526
11	  A	  1.6	  0.0	0.000	5.918	5.918
12	  V	  1.5	  0.0	0.000	9.603	9.603
13	  S	  1.5	  0.1	0.000	9.413	9.413
14	  T	  2.2	  0.1	0.000	9.413	9.413
15	  L	  2.3	  0.1	0.000	9.413	9.413
16	  V	  5.0	  0.0	0.000	9.155	9.155
17	  H	  4.0	  0.2	0.000	0.000	0.000
18	  H	  3.1	  0.2	0.000	0.000	0.000
19	  S	  0.3	  0.2	0.000	0.000	0.000
20	  G	  0.0	  0.2	0.000	0.000	0.000
