res	aa	Beta	Turn	Helix	Aggregation	Conc-Stab_Aggregation
01	  S	  0.6	  0.0	0.000	0.000	0.000
02	  L	  0.7	  0.0	0.000	0.000	0.000
03	  I	  0.7	  0.1	0.000	0.000	0.000
04	  P	  0.1	  0.1	0.000	0.000	0.000
05	  H	  0.7	  0.1	0.000	0.000	0.000
06	  A	  0.9	  0.1	0.000	0.205	0.205
07	  I	  1.9	  0.0	0.000	0.330	0.330
08	  N	  1.3	  0.0	1.672	0.330	0.330
09	  A	  1.6	  0.0	1.672	0.940	0.940
10	  V	  2.6	  0.0	1.672	1.269	1.269
11	  S	  2.7	  0.0	2.654	1.064	1.064
12	  A	  2.5	  0.0	2.654	1.064	1.064
13	  I	  1.0	  0.0	2.654	1.064	1.064
14	  A	  0.8	  0.1	2.654	0.610	0.610
15	  K	  0.7	  0.1	2.387	0.000	0.000
16	  H	  0.2	  0.1	1.458	0.000	0.000
17	  F	  0.1	  0.1	0.109	0.000	0.000
