res	aa	Beta	Turn	Helix	Aggregation	Conc-Stab_Aggregation
01	  D	  0.0	  0.0	0.000	0.000	0.000
02	  C	  0.3	  0.2	0.000	7.472	7.472
03	  L	  0.4	  0.3	0.000	7.472	7.472
04	  G	  0.4	  0.3	0.000	7.472	7.472
05	  W	  0.7	  0.3	0.000	7.472	7.472
06	  F	  1.5	  0.2	0.000	7.472	7.472
07	  K	  2.4	  0.2	0.000	0.000	0.000
08	  S	 14.0	  0.2	0.000	0.000	0.000
09	  C	 13.2	  0.2	0.000	0.000	0.000
10	  D	 12.3	  0.6	0.154	0.000	0.000
11	  P	  0.1	  0.9	0.154	0.000	0.000
12	  K	  0.0	  1.0	0.154	0.000	0.000
13	  N	  0.0	  1.1	0.154	0.000	0.000
14	  D	  0.1	  0.7	0.240	0.000	0.000
15	  K	  2.9	  0.4	0.240	0.000	0.000
16	  C	  9.4	  0.3	0.086	0.000	0.000
17	  C	  9.5	  0.5	0.086	0.000	0.000
18	  K	  6.7	  0.4	0.086	0.000	0.000
19	  N	  1.3	  0.4	0.086	0.000	0.000
20	  Y	 17.4	  0.4	0.000	0.000	0.000
21	  T	 25.9	  0.0	0.000	0.000	0.000
22	  C	 25.4	  0.1	0.000	0.000	0.000
23	  S	 11.3	  0.1	0.913	0.000	0.000
24	  R	  1.4	  0.4	0.913	0.000	0.000
25	  R	  0.8	  0.4	0.913	0.000	0.000
26	  D	  0.5	  0.5	0.913	0.000	0.000
27	  R	  0.2	  0.4	0.913	0.000	0.000
28	  W	  0.8	  0.1	0.913	0.465	0.465
29	  C	  1.0	  0.1	0.618	0.465	0.465
30	  K	  1.2	  0.0	0.407	0.465	0.465
31	  Y	  1.9	  0.0	0.306	0.465	0.465
32	  Y	  1.7	  0.0	0.188	0.465	0.465
33	  L	  1.4	  0.0	0.000	0.465	0.465
