res	aa	Beta	Turn	Helix	Aggregation	Conc-Stab_Aggregation
01	  G	  0.0	  0.0	0.000	0.000	0.000
02	  I	  0.0	  0.2	0.000	0.000	0.000
03	  P	  0.0	  0.2	0.000	0.000	0.000
04	  C	  0.1	  0.3	0.000	0.000	0.000
05	  G	  0.1	  0.6	0.000	0.000	0.000
06	  E	  0.3	  0.5	0.000	0.000	0.000
07	  S	  1.7	  0.5	0.000	0.000	0.000
08	  C	  2.4	  0.3	0.000	0.000	0.000
09	  V	  6.5	  0.0	0.000	0.000	0.000
10	  F	  5.2	  0.0	0.000	0.000	0.000
11	  I	  4.5	  0.0	0.000	0.000	0.000
12	  P	  0.2	  0.0	0.000	0.000	0.000
13	  C	  1.2	  0.0	0.000	0.407	0.407
14	  I	  3.6	  0.0	0.000	0.948	0.948
15	  T	  4.5	  0.0	0.000	0.948	0.948
16	  S	  3.9	  0.0	0.000	0.948	0.948
17	  V	  2.0	  0.3	0.000	0.948	0.948
18	  A	  1.1	  0.7	0.000	0.725	0.725
19	  G	  0.6	  0.7	0.000	0.000	0.000
20	  C	  4.0	  0.8	0.000	0.000	0.000
21	  S	  5.3	  0.5	0.000	0.000	0.000
22	  C	  5.6	  0.3	0.000	0.000	0.000
23	  K	  2.1	  0.4	0.000	0.000	0.000
24	  S	  1.1	  0.3	0.000	0.000	0.000
25	  K	  1.6	  0.3	0.000	0.000	0.000
26	  V	  2.2	  0.0	0.000	0.000	0.000
27	  C	  5.0	  0.0	0.000	0.000	0.000
28	  Y	  5.6	  0.0	0.000	0.000	0.000
29	  R	  4.6	  0.0	0.000	0.000	0.000
30	  N	  1.5	  0.0	0.000	0.000	0.000
