res	aa	Beta	Turn	Helix	Aggregation	Conc-Stab_Aggregation
01	  A	  0.0	  0.0	0.000	0.000	0.000
02	  C	  0.2	  0.2	0.000	0.000	0.000
03	  G	  0.2	  0.3	0.118	0.000	0.000
04	  S	  7.6	  0.3	0.314	0.000	0.000
05	  C	  8.8	  0.3	0.314	0.000	0.000
06	  R	  8.8	  0.2	0.314	0.000	0.000
07	  K	  1.7	  0.2	0.314	0.000	0.000
08	  K	  0.9	  0.2	0.314	0.000	0.000
09	  C	  0.9	  0.1	0.195	0.000	0.000
10	  K	  0.8	  0.1	0.000	0.000	0.000
11	  G	  0.1	  3.0	0.000	0.000	0.000
12	  P	  0.0	  3.0	0.000	0.000	0.000
13	  G	  0.0	  3.1	0.000	0.000	0.000
14	  K	  1.2	  3.0	0.000	0.000	0.000
15	  C	  4.7	  0.4	0.000	0.000	0.000
16	  I	  5.5	  6.9	0.000	0.000	0.000
17	  N	  4.3	  7.0	0.000	0.000	0.000
18	  G	  0.9	  7.0	0.000	0.000	0.000
19	  R	  0.4	  6.8	0.000	0.000	0.000
20	  C	  1.0	  0.2	0.000	0.000	0.000
21	  K	  1.6	  0.1	0.000	0.000	0.000
22	  C	  1.2	  0.1	0.000	0.000	0.000
23	  Y	  0.6	  0.1	0.000	0.000	0.000
