res	aa	Beta	Turn	Helix	Aggregation	Conc-Stab_Aggregation
01	  A	  0.1	  0.0	0.000	0.000	0.000
02	  I	  0.1	  0.2	0.000	0.000	0.000
03	  P	  0.1	  0.2	0.000	0.000	0.000
04	  C	  0.1	  0.3	0.000	0.000	0.000
05	  G	  0.1	  0.6	0.000	0.000	0.000
06	  E	  0.3	  0.5	0.000	0.000	0.000
07	  S	  1.7	  0.5	0.000	0.000	0.000
08	  C	  2.3	  0.3	0.000	0.131	0.131
09	  V	  5.1	  0.0	0.000	0.131	0.131
10	  W	  3.7	  0.0	0.000	0.131	0.131
11	  I	  3.1	  0.0	0.000	0.131	0.131
12	  P	  0.1	  0.0	0.000	0.131	0.131
13	  C	  2.7	  0.0	0.187	0.245	0.245
14	  I	  4.2	  0.0	0.187	0.964	0.964
15	  S	  4.3	  0.0	0.316	0.964	0.964
16	  A	  1.7	  0.0	0.316	0.964	0.964
17	  A	  0.3	  0.2	0.316	0.964	0.964
18	  I	  0.4	  1.0	0.316	0.964	0.964
19	  G	  0.2	  1.0	0.316	0.000	0.000
20	  C	  4.1	  1.0	0.129	0.000	0.000
21	  S	  5.3	  0.8	0.000	0.000	0.000
22	  C	  5.5	  0.6	0.000	0.000	0.000
23	  K	  1.6	  0.6	0.000	0.000	0.000
24	  N	  0.4	  0.5	0.000	0.000	0.000
25	  K	  1.1	  0.5	0.000	0.000	0.000
26	  V	  2.0	  0.0	0.000	0.000	0.000
27	  C	  4.2	  0.0	0.000	0.000	0.000
28	  Y	  3.3	  0.0	0.000	0.000	0.000
29	  R	  2.3	  0.0	0.000	0.000	0.000
