res	aa	Beta	Turn	Helix	Aggregation	Conc-Stab_Aggregation
01	  K	  0.2	  0.0	0.000	0.000	0.000
02	  I	  0.2	  0.2	0.000	0.000	0.000
03	  P	  0.2	  0.2	0.000	0.000	0.000
04	  C	  0.1	  0.3	0.000	0.000	0.000
05	  G	  0.1	  0.6	0.000	0.000	0.000
06	  E	  0.3	  0.5	0.000	0.000	0.000
07	  S	  1.7	  0.5	0.000	0.000	0.000
08	  C	  2.3	  0.3	0.000	0.126	0.126
09	  V	  5.2	  0.0	0.000	0.126	0.126
10	  W	  3.8	  0.0	0.000	0.126	0.126
11	  I	  3.2	  0.0	0.000	0.126	0.126
12	  P	  0.1	  0.0	0.000	0.126	0.126
13	  C	  0.5	  0.0	0.000	2.905	2.905
14	  V	  3.0	  0.0	0.000	10.958	10.958
15	  T	  3.3	  0.0	0.000	10.958	10.958
16	  S	  3.1	  0.0	0.000	10.958	10.958
17	  I	  0.9	  0.0	0.000	10.958	10.958
18	  F	  7.7	  0.0	0.000	10.745	10.745
19	  N	  7.8	  0.0	0.000	0.153	0.153
20	  C	  8.1	  0.1	0.000	0.000	0.000
21	  K	  4.9	  0.1	0.000	0.000	0.000
22	  C	  5.1	  0.6	0.000	0.000	0.000
23	  E	  4.6	  0.6	0.000	0.000	0.000
24	  N	  0.8	  0.5	0.000	0.000	0.000
25	  K	  1.0	  0.5	0.000	0.000	0.000
26	  V	  2.0	  0.0	0.000	0.000	0.000
27	  C	  4.4	  0.0	0.000	0.000	0.000
28	  Y	  4.4	  0.0	0.000	0.000	0.000
29	  H	  3.4	  0.0	0.000	0.000	0.000
30	  D	  0.9	  0.0	0.000	0.000	0.000
