res	aa	Beta	Turn	Helix	Aggregation	Conc-Stab_Aggregation
01	  G	  0.0	  0.0	0.000	0.000	0.000
02	  L	  0.4	  0.0	0.000	0.717	0.717
03	  W	  0.8	  0.1	0.000	0.717	0.717
04	  S	  1.2	  0.1	0.130	0.717	0.717
05	  T	 12.1	  0.1	0.130	0.717	0.717
06	  I	 12.7	  0.2	0.130	0.717	0.717
07	  K	 12.5	  0.1	0.130	0.000	0.000
08	  Q	  1.4	  0.5	0.223	0.000	0.000
09	  K	  0.3	  0.6	0.223	0.000	0.000
10	  G	  0.0	  0.6	2.677	0.000	0.000
11	  K	  0.1	  0.6	3.932	0.000	0.000
12	  E	  0.2	  0.2	5.156	0.000	0.000
13	  A	  0.3	  0.1	5.773	0.636	0.636
14	  A	  0.4	  0.0	6.262	1.452	1.452
15	  I	  1.2	  0.0	6.877	1.452	1.452
16	  A	  1.1	  0.0	7.431	1.452	1.452
17	  A	  0.9	  0.0	7.431	1.452	1.452
18	  A	  0.1	  0.0	7.255	1.108	1.108
19	  K	  0.2	  0.0	6.389	0.000	0.000
20	  A	  0.2	  0.5	4.173	0.000	0.000
21	  A	  0.2	  0.6	3.628	0.000	0.000
22	  G	  0.1	  0.6	3.415	0.000	0.000
23	  Q	  0.3	  0.6	2.187	0.000	0.000
24	  A	  1.0	  0.1	0.598	0.000	0.000
25	  V	  4.1	  0.1	0.598	0.000	0.000
26	  L	  4.3	  0.1	0.598	0.000	0.000
27	  N	  3.6	  0.1	0.598	0.000	0.000
28	  S	  3.4	  1.1	0.364	0.000	0.000
29	  A	  3.0	  1.1	0.000	0.000	0.000
30	  S	  3.0	  1.1	0.000	0.000	0.000
31	  E	  0.1	  1.1	0.000	0.000	0.000
32	  A	  0.0	  0.1	0.000	0.000	0.000
33	  L	  0.0	  0.0	0.000	0.000	0.000
