res	aa	Beta	Turn	Helix	Aggregation	Conc-Stab_Aggregation
01	  F	  1.0	  0.2	0.000	0.000	0.000
02	  H	  1.0	  0.5	0.000	0.000	0.000
03	  G	  1.0	  0.5	0.000	0.000	0.000
04	  G	  0.1	  0.5	0.000	0.000	0.000
05	  S	  0.8	  0.3	0.000	0.000	0.000
06	  W	  1.9	  0.0	0.000	0.000	0.000
07	  Y	  6.2	  0.0	0.000	0.000	0.000
08	  R	  5.5	  0.0	0.000	0.000	0.000
09	  F	  4.5	  0.5	0.000	0.000	0.000
10	  P	  0.1	  0.6	0.000	0.000	0.000
11	  W	  0.1	  0.6	0.000	0.000	0.000
12	  G	  0.1	  0.6	0.000	0.000	0.000
13	  Y	  0.1	  0.2	0.000	0.000	0.000
