res	aa	Beta	Turn	Helix	Aggregation	Conc-Stab_Aggregation
01	  P	  0.0	  0.0	0.000	0.000	0.000
02	  K	  2.2	  0.0	0.000	0.000	0.000
03	  V	  2.5	  0.0	0.000	0.000	0.000
04	  S	  2.5	  0.3	0.000	0.000	0.000
05	  P	  0.3	  0.3	0.000	0.000	0.000
06	  R	  0.0	  0.3	0.000	0.000	0.000
07	  W	  0.0	  0.3	0.000	0.000	0.000
08	  P	  0.0	  0.0	0.000	0.000	0.000
09	  P	  0.0	  0.0	0.000	0.000	0.000
10	  I	  0.0	  0.0	0.000	0.000	0.000
11	  P	  0.0	  0.0	0.000	0.000	0.000
12	  P	  0.0	  0.0	0.000	0.000	0.000
