res	aa	Beta	Turn	Helix	Aggregation	Conc-Stab_Aggregation
01	  T	  0.0	  0.0	0.000	0.000	0.000
02	  P	  0.0	  0.0	0.000	0.000	0.000
03	  V	  7.5	  0.0	0.000	0.000	0.000
04	  V	  7.5	  0.0	0.000	0.000	0.000
05	  N	  7.5	  0.0	0.000	0.000	0.000
06	  P	  0.0	  0.1	0.000	0.000	0.000
07	  P	  0.0	  0.1	0.000	0.000	0.000
08	  F	  0.8	  0.1	0.000	0.000	0.000
09	  L	  0.9	  0.1	0.000	0.000	0.000
10	  Q	  1.2	  0.0	0.000	0.000	0.000
11	  Q	  0.4	  0.0	0.000	0.000	0.000
12	  T	  0.3	  0.0	0.000	0.000	0.000
