res	aa	Beta	Turn	Helix	Aggregation	Conc-Stab_Aggregation
01	  A	  0.0	  0.0	0.000	0.000	0.000
02	  N	  0.0	  0.0	0.000	0.000	0.000
03	  D	  0.0	  1.1	0.199	0.000	0.000
04	  P	  0.0	  1.2	0.199	0.000	0.000
05	  Q	  0.5	  1.2	0.199	0.000	0.000
06	  C	  1.0	  1.3	0.199	0.000	0.000
07	  L	  1.1	  0.2	0.199	0.000	0.000
08	  Y	  0.7	  2.1	0.199	0.000	0.000
09	  G	  0.2	  2.1	0.164	0.000	0.000
10	  N	  0.4	  1.9	0.339	0.000	0.000
11	  V	  1.6	  1.9	0.339	0.000	0.000
12	  A	  1.6	  0.0	0.339	0.000	0.000
13	  A	  1.4	  0.0	0.339	0.000	0.000
14	  K	  0.2	  0.0	0.339	0.000	0.000
15	  F	  0.2	  0.0	0.176	0.000	0.000
