res	aa	Beta	Turn	Helix	Aggregation	Conc-Stab_Aggregation
01	  P	  0.0	  0.0	0.000	0.000	0.000
02	  A	  0.0	  0.0	0.000	0.000	0.000
03	  Q	  0.0	  0.0	0.000	0.000	0.000
04	  P	  0.0	  0.0	0.000	0.000	0.000
05	  F	  6.2	  0.0	0.000	0.000	0.000
06	  R	  8.6	  0.0	0.000	0.000	0.000
07	  I	  9.0	  0.0	0.000	0.000	0.000
08	  K	  3.1	  0.1	0.000	0.000	0.000
09	  K	  0.8	  0.2	0.000	0.000	0.000
10	  R	  0.4	  0.2	0.000	0.000	0.000
11	  Q	  0.3	  0.2	0.000	0.000	0.000
12	  G	  0.0	  0.3	0.000	0.000	0.000
13	  P	  0.0	  0.2	0.000	0.000	0.000
14	  F	  4.5	  0.2	0.000	0.000	0.000
15	  E	  4.6	  0.1	0.000	0.000	0.000
16	  R	  4.6	  0.0	0.000	0.000	0.000
17	  P	  0.0	  0.0	0.000	0.000	0.000
