res	aa	Beta	Turn	Helix	Aggregation	Conc-Stab_Aggregation
01	  E	  0.0	  0.0	0.000	0.000	0.000
02	  Q	  0.0	  0.8	0.000	0.000	0.000
03	  P	  0.0	  0.9	0.000	0.000	0.000
04	  G	  0.0	  1.6	0.000	0.000	0.000
05	  G	  0.0	  1.6	0.115	0.000	0.000
06	  D	  0.1	  0.8	0.115	0.000	0.000
07	  K	  1.8	  0.7	0.115	0.000	0.000
08	  V	  5.1	  0.1	0.115	2.112	2.112
09	  N	  5.1	  0.0	0.115	2.495	2.495
10	  L	  3.5	  0.0	0.115	3.593	3.593
11	  G	  0.1	  0.0	0.115	3.593	3.593
12	  Y	  1.2	  0.0	0.000	3.593	3.593
13	  F	  4.8	  0.0	0.000	3.451	3.451
14	  T	  4.8	  0.0	0.000	2.515	2.515
15	  N	  3.7	  0.0	0.000	0.000	0.000
