res	aa	Beta	Turn	Helix	Aggregation	Conc-Stab_Aggregation
01	  Q	  0.1	  0.0	0.000	0.000	0.000
02	  S	  0.2	  0.2	0.109	0.000	0.000
03	  E	  0.4	  0.2	0.109	0.000	0.000
04	  R	  1.7	  0.2	0.109	0.000	0.000
05	  F	  2.6	  0.2	0.109	0.000	0.000
06	  E	  2.4	  0.1	0.109	0.000	0.000
07	  Q	  1.4	  0.1	0.109	0.000	0.000
08	  Q	  1.6	  0.1	0.109	0.000	0.000
09	  M	  1.5	  0.4	0.109	0.000	0.000
10	  Q	  1.2	  0.4	0.109	0.000	0.000
11	  G	  0.1	  0.7	0.000	0.000	0.000
12	  Q	  0.5	  0.7	0.000	0.000	0.000
13	  D	  1.0	  0.6	0.000	0.000	0.000
14	  F	  3.1	  0.7	0.000	0.000	0.000
15	  S	  3.4	  0.7	0.192	0.000	0.000
16	  H	  2.9	  0.8	0.192	0.000	0.000
17	  D	  0.8	  0.6	0.504	0.000	0.000
18	  E	  0.3	  0.6	0.504	0.000	0.000
19	  R	  0.8	  0.2	0.504	0.000	0.000
20	  F	  1.8	  0.1	0.504	0.000	0.000
21	  L	  1.7	  0.1	0.312	0.000	0.000
22	  S	  1.3	  0.1	0.312	0.000	0.000
23	  Q	  0.3	  0.1	0.184	0.000	0.000
24	  A	  0.1	  0.1	0.000	0.000	0.000
25	  A	  0.0	  0.0	0.000	0.000	0.000
