res	aa	Beta	Turn	Helix	Aggregation	Conc-Stab_Aggregation
01	  D	  0.7	  0.3	0.000	0.000	0.000
02	  V	  2.4	  0.3	0.000	0.000	0.000
03	  D	  2.9	  0.8	0.000	0.000	0.000
04	  F	  3.4	  0.8	0.000	0.000	0.000
05	  N	  1.7	  0.6	0.318	0.000	0.000
06	  S	  1.4	  1.2	8.063	0.000	0.000
07	  E	  0.3	  0.8	8.063	0.000	0.000
08	  S	  0.9	  0.8	9.680	0.000	0.000
09	  T	  1.5	  0.8	9.860	0.000	0.000
10	  R	  1.5	  0.1	9.860	0.000	0.000
11	  R	  1.4	  0.3	9.860	0.000	0.000
12	  K	  0.7	  0.3	7.688	0.000	0.000
13	  N	  0.6	  0.4	4.573	0.000	0.000
14	  K	  0.3	  0.4	2.500	0.000	0.000
15	  Q	  0.7	  0.2	0.959	0.000	0.000
16	  K	  1.0	  0.2	0.264	0.000	0.000
17	  E	  1.1	  0.1	0.138	0.000	0.000
18	  I	  1.6	  0.1	0.138	0.000	0.000
19	  V	  3.5	  0.0	0.138	0.000	0.000
20	  D	  3.3	  0.0	0.138	0.000	0.000
21	  L	  2.6	  0.1	0.138	0.000	0.000
22	  H	  0.4	  0.1	0.138	0.000	0.000
23	  N	  0.4	  0.2	0.000	0.000	0.000
24	  S	  0.7	  0.2	0.000	0.000	0.000
25	  L	  0.6	  0.2	0.000	0.000	0.000
26	  K	  0.8	  0.2	0.000	0.000	0.000
27	  K	  0.9	  0.1	0.000	0.000	0.000
28	  T	  0.8	  0.1	0.000	0.000	0.000
29	  V	  0.6	  0.1	0.000	0.000	0.000
