res	aa	Beta	Turn	Helix	Aggregation	Conc-Stab_Aggregation
01	  E	  0.3	  0.0	0.000	0.000	0.000
02	  C	  1.8	  0.1	0.000	0.000	0.000
03	  R	  2.1	  0.1	0.000	0.000	0.000
04	  K	  2.1	  0.1	0.000	0.000	0.000
05	  M	  0.8	  0.1	0.000	0.000	0.000
06	  F	  0.5	  0.3	0.000	0.000	0.000
07	  G	  0.2	  0.7	0.000	0.000	0.000
08	  G	  0.1	  0.7	0.000	0.000	0.000
09	  C	  2.2	  0.7	0.000	0.000	0.000
10	  S	  6.0	  0.6	0.000	0.000	0.000
11	  V	  6.7	  0.3	0.000	0.000	0.000
12	  D	  4.7	  4.8	0.000	0.000	0.000
13	  S	  0.8	  4.8	0.118	0.000	0.000
14	  D	  0.9	  4.6	0.206	0.000	0.000
15	  C	 21.3	  4.5	0.206	0.000	0.000
16	  C	 21.7	  0.2	0.206	0.000	0.000
17	  A	 21.1	  0.2	0.206	0.000	0.000
18	  H	  1.2	  0.5	0.206	0.000	0.000
19	  L	  0.4	  0.7	0.088	0.000	0.000
20	  G	  0.2	  0.5	0.088	0.000	0.000
21	  C	  0.2	  0.5	0.000	0.000	0.000
22	  K	  0.1	  0.4	0.000	0.000	0.000
23	  P	  0.1	  0.2	0.000	0.000	0.000
24	  T	  3.0	  0.2	0.000	0.000	0.000
25	  L	  3.8	  0.2	0.000	0.000	0.000
26	  K	  4.6	  0.0	0.000	0.000	0.000
27	  Y	  4.3	  0.0	0.000	0.000	0.000
28	  C	  3.7	  0.1	0.000	0.000	0.000
29	  A	  3.1	  0.4	0.000	0.000	0.000
30	  W	  0.5	  0.5	0.000	0.000	0.000
31	  D	  0.2	  0.5	0.000	0.000	0.000
32	  G	  0.1	  0.4	0.000	0.000	0.000
33	  T	  0.0	  0.2	0.000	0.000	0.000
