res	aa	Beta	Turn	Helix	Aggregation	Conc-Stab_Aggregation
01	  A	  0.0	  0.0	0.000	0.000	0.000
02	  P	  0.0	  0.0	0.000	0.000	0.000
03	  V	  0.0	  0.4	0.000	0.000	0.000
04	  P	  0.0	  0.4	0.000	0.000	0.000
05	  G	  0.1	  0.4	0.000	0.000	0.000
06	  L	  0.1	  0.4	0.000	0.000	0.000
07	  S	  0.1	  0.2	0.000	0.000	0.000
08	  P	  0.1	  0.2	0.000	0.000	0.000
09	  F	  4.1	  0.2	0.000	0.000	0.000
10	  R	  6.9	  0.2	0.000	0.000	0.000
11	  V	  6.9	  0.0	0.000	0.000	0.000
12	  V	  2.9	  0.0	0.000	0.000	0.000
