res	aa	Beta	Turn	Helix	Aggregation	Conc-Stab_Aggregation
01	  R	  0.2	  0.0	0.000	0.000	0.000
02	  D	  0.9	  0.0	0.000	0.000	0.000
03	  F	  4.7	  0.0	0.000	0.349	0.349
04	  T	  7.2	  0.0	0.000	0.349	0.349
05	  H	  9.5	  0.0	0.000	0.349	0.349
06	  T	  8.0	  0.0	0.000	0.349	0.349
07	  I	  6.1	  0.0	0.000	0.349	0.349
08	  I	  3.1	  0.1	0.000	0.349	0.349
09	  D	  0.8	  0.6	0.133	0.000	0.000
10	  N	  0.1	  1.9	0.133	0.000	0.000
11	  S	  0.0	  1.9	0.133	0.000	0.000
12	  D	  0.3	  1.8	0.133	0.000	0.000
13	  L	  0.8	  1.3	0.133	0.000	0.000
14	  F	  1.4	  0.1	0.133	0.000	0.000
15	  S	  1.3	  1.0	0.000	0.000	0.000
16	  E	  0.8	  1.1	0.000	0.000	0.000
17	  S	  0.5	  2.0	1.163	0.000	0.000
18	  R	  0.5	  2.0	1.163	0.000	0.000
19	  N	  1.0	  1.0	1.163	0.000	0.000
20	  T	  1.1	  1.1	1.163	0.000	0.000
21	  R	  1.1	  0.1	1.163	0.000	0.000
22	  L	  0.5	  0.1	1.163	0.000	0.000
23	  G	  0.1	  0.1	0.000	0.000	0.000
