res	aa	Beta	Turn	Helix	Aggregation	Conc-Stab_Aggregation
01	  V	  4.6	  0.0	0.000	0.000	0.000
02	  I	  4.7	  0.1	0.000	0.000	0.000
03	  D	  4.7	  0.2	2.854	0.000	0.000
04	  D	  0.2	  0.2	7.096	0.000	0.000
05	  L	  0.2	  0.2	7.096	0.000	0.000
06	  K	  0.4	  0.1	7.096	0.000	0.000
07	  K	  2.2	  0.0	7.096	0.000	0.000
08	  V	  2.7	  0.0	7.096	0.000	0.000
09	  A	  2.6	  0.0	6.974	0.000	0.000
10	  K	  0.9	  0.0	5.592	0.000	0.000
11	  K	  1.7	  0.0	3.367	0.000	0.000
12	  V	  2.9	  0.1	1.074	0.000	0.000
13	  R	  2.8	  0.1	1.416	0.000	0.000
14	  R	  1.3	  0.1	1.001	0.000	0.000
15	  E	  0.2	  0.1	1.001	0.000	0.000
16	  L	  1.3	  0.1	1.001	0.000	0.000
17	  L	  1.3	  0.0	1.001	0.000	0.000
18	  C	  1.6	  0.1	1.001	0.000	0.000
19	  K	  0.5	  0.2	0.891	0.000	0.000
20	  K	  0.5	  0.2	0.424	0.000	0.000
21	  H	  0.8	  0.2	0.000	0.000	0.000
22	  H	  0.9	  0.2	0.000	0.000	0.000
23	  K	  0.8	  0.2	0.000	0.000	0.000
24	  K	  0.6	  0.2	0.000	0.000	0.000
25	  L	  0.4	  0.2	0.000	0.000	0.000
26	  N	  0.4	  0.0	0.000	0.000	0.000
