res	aa	Beta	Turn	Helix	Aggregation	Conc-Stab_Aggregation
01	  F	  0.1	  0.0	0.000	0.000	0.000
02	  L	  0.2	  0.1	0.000	0.000	0.000
03	  P	  0.2	  0.1	0.000	0.125	0.125
04	  L	  0.5	  0.1	0.000	22.518	22.518
05	  L	  0.7	  0.3	0.000	26.093	26.093
06	  F	  0.8	  0.5	0.000	26.093	26.093
07	  G	  0.3	  0.5	0.000	26.093	26.093
08	  A	  0.5	  0.5	0.000	26.093	26.093
09	  I	  1.0	  0.4	0.000	24.504	24.504
10	  S	  1.1	  0.0	0.000	2.745	2.745
11	  H	  1.3	  0.0	0.000	0.000	0.000
12	  L	  0.7	  0.0	0.000	0.000	0.000
13	  L	  0.5	  0.0	0.000	0.000	0.000
