res	aa	Beta	Turn	Helix	Aggregation	Conc-Stab_Aggregation
01	  F	  0.1	  0.0	0.000	0.000	0.000
02	  L	  0.2	  0.1	0.000	0.000	0.000
03	  P	  0.2	  0.1	0.000	0.000	0.000
04	  L	  0.2	  0.1	0.000	2.626	2.626
05	  L	  0.2	  0.3	0.220	2.757	2.757
06	  A	  0.3	  0.2	0.220	2.757	2.757
07	  G	  0.1	  0.2	0.531	2.757	2.757
08	  L	  0.2	  0.2	0.531	2.889	2.889
09	  A	  0.2	  0.4	0.531	1.999	1.999
10	  A	  0.2	  0.4	0.531	1.112	1.112
11	  N	  0.2	  0.4	0.531	0.470	0.470
12	  F	  0.3	  0.4	0.311	0.470	0.470
13	  L	  0.3	  0.1	0.000	0.000	0.000
14	  P	  0.1	  0.1	0.000	0.000	0.000
15	  K	  0.4	  0.1	0.000	0.000	0.000
16	  I	  1.7	  0.1	0.000	0.000	0.000
17	  F	  2.7	  0.0	0.000	0.000	0.000
18	  C	  3.0	  0.0	0.186	0.000	0.000
19	  K	  6.7	  0.0	0.186	0.000	0.000
20	  I	  9.5	  0.0	0.186	0.000	0.000
21	  T	  9.9	  0.1	0.186	0.000	0.000
22	  R	  4.8	  0.1	0.186	0.000	0.000
23	  K	  1.1	  0.1	0.186	0.000	0.000
24	  C	  0.0	  0.1	0.000	0.000	0.000
