res	aa	Beta	Turn	Helix	Aggregation	Conc-Stab_Aggregation
01	  G	  0.0	  0.0	0.000	0.000	0.000
02	  L	  0.4	  0.0	0.000	0.000	0.000
03	  W	  1.7	  0.1	0.000	0.000	0.000
04	  S	  2.0	  0.1	0.108	0.000	0.000
05	  K	  4.1	  0.1	0.108	0.000	0.000
06	  I	  3.0	  0.2	0.108	0.000	0.000
07	  K	  2.9	  0.1	0.263	0.000	0.000
08	  D	  0.6	  0.1	2.071	0.000	0.000
09	  V	  1.5	  0.1	2.509	0.387	0.387
10	  A	  1.4	  0.0	2.708	0.387	0.387
11	  A	  1.2	  0.0	2.708	0.387	0.387
12	  A	  0.1	  0.6	2.708	0.387	0.387
13	  A	  0.1	  0.7	2.708	0.387	0.387
14	  G	  0.1	  0.7	2.883	0.000	0.000
15	  K	  0.2	  0.7	2.076	0.000	0.000
16	  A	  0.3	  0.3	0.550	0.580	0.580
17	  A	  0.3	  0.2	0.550	1.267	1.267
18	  L	  0.2	  0.2	0.550	1.267	1.267
19	  G	  0.1	  0.2	0.550	1.267	1.267
20	  A	  0.3	  0.0	0.230	1.267	1.267
21	  V	  0.6	  0.0	0.000	1.267	1.267
22	  N	  0.6	  0.0	0.000	0.000	0.000
23	  E	  0.3	  0.0	0.000	0.000	0.000
24	  A	  0.1	  0.0	0.000	0.000	0.000
25	  L	  0.1	  0.1	0.000	0.000	0.000
26	  G	  0.1	  0.1	0.000	0.000	0.000
27	  E	  0.0	  0.1	0.000	0.000	0.000
28	  Q	  0.0	  0.1	0.000	0.000	0.000
