res	aa	Beta	Turn	Helix	Aggregation	Conc-Stab_Aggregation
01	  A	  0.1	  0.0	0.000	0.000	0.000
02	  L	  0.3	  0.0	0.000	0.000	0.000
03	  W	  0.5	  0.5	0.000	0.000	0.000
04	  K	  0.6	  0.5	0.000	0.000	0.000
05	  D	  0.5	  0.5	0.115	0.000	0.000
06	  I	  1.1	  0.5	0.115	0.000	0.000
07	  L	  1.0	  0.2	0.115	0.000	0.000
08	  K	  1.0	  0.2	0.115	0.000	0.000
09	  N	  0.2	  1.5	0.115	0.000	0.000
10	  A	  0.1	  1.6	0.115	0.000	0.000
11	  G	  0.1	  1.5	0.704	0.000	0.000
12	  K	  0.2	  1.4	0.589	0.000	0.000
13	  A	  0.3	  0.1	0.589	0.000	0.000
14	  A	  0.4	  0.0	0.589	0.000	0.000
15	  L	  0.3	  0.0	0.589	0.000	0.000
16	  N	  0.2	  0.0	0.589	0.000	0.000
17	  E	  3.6	  0.0	0.234	0.000	0.000
18	  I	  5.1	  0.0	0.000	0.000	0.000
19	  N	  5.5	  0.0	0.000	0.000	0.000
20	  Q	  3.5	  0.0	0.000	0.000	0.000
21	  I	  5.2	  0.0	0.000	0.000	0.000
22	  V	  4.7	  0.0	0.000	0.000	0.000
23	  Q	  3.3	  0.0	0.000	0.000	0.000
