res	aa	Beta	Turn	Helix	Aggregation	Conc-Stab_Aggregation
01	  Q	  0.1	  0.0	0.000	0.000	0.000
02	  D	  0.1	  0.0	0.000	0.000	0.000
03	  K	  0.1	  0.0	0.000	0.000	0.000
04	  P	  0.0	  0.0	0.000	0.000	0.000
05	  F	  0.0	  0.0	0.000	0.000	0.000
06	  W	  0.0	  0.0	0.000	0.000	0.000
07	  P	  0.0	  0.0	0.000	0.000	0.000
08	  P	  0.0	  0.0	0.000	0.000	0.000
09	  P	  0.0	  0.0	0.000	0.000	0.000
10	  I	  1.0	  0.0	0.000	0.000	0.000
11	  Y	  2.1	  0.0	0.000	0.000	0.000
12	  I	  2.1	  0.0	0.000	0.000	0.000
13	  M	  1.1	  0.0	0.000	0.000	0.000
