res	aa	Beta	Turn	Helix	Aggregation	Conc-Stab_Aggregation
01	  F	  1.0	  0.1	0.000	0.000	0.000
02	  L	  2.7	  0.2	0.000	0.000	0.000
03	  S	  3.3	  0.2	0.000	0.000	0.000
04	  L	  2.4	  0.2	0.000	0.000	0.000
05	  I	  0.7	  0.0	0.000	0.000	0.000
06	  P	  0.1	  0.0	0.000	0.000	0.000
07	  H	  4.5	  0.0	0.000	0.000	0.000
08	  I	  5.6	  0.1	0.000	1.750	1.750
09	  A	  5.6	  0.2	0.127	1.750	1.750
10	  T	  1.2	  0.3	0.374	1.750	1.750
11	  G	  0.5	  0.3	2.011	1.750	1.750
12	  I	  1.4	  0.1	2.257	2.784	2.784
13	  A	  1.4	  0.0	2.392	2.484	2.484
14	  A	  1.1	  0.0	2.392	2.228	2.228
15	  L	  0.2	  0.0	2.392	2.010	2.010
16	  A	  0.2	  0.1	2.392	1.483	1.483
17	  K	  0.2	  0.1	2.138	0.000	0.000
18	  H	  0.2	  0.1	0.476	0.000	0.000
19	  L	  0.1	  0.1	0.000	0.000	0.000
