res	aa	Beta	Turn	Helix	Aggregation	Conc-Stab_Aggregation
01	  F	  0.4	  0.0	0.000	0.000	0.000
02	  R	  0.4	  0.0	0.000	0.000	0.000
03	  P	  0.4	  0.0	0.000	0.000	0.000
04	  A	  0.3	  0.0	0.000	0.000	0.000
05	  L	  1.7	  0.0	0.000	0.000	0.000
06	  I	  6.4	  0.0	0.000	0.000	0.000
07	  V	  6.8	  0.0	0.000	0.000	0.000
08	  R	  5.6	  0.1	0.000	0.000	0.000
09	  T	  0.9	  0.4	0.000	0.000	0.000
10	  K	  0.3	  0.5	0.000	0.000	0.000
11	  G	  0.1	  0.5	0.000	0.000	0.000
12	  T	  0.5	  0.4	0.000	0.000	0.000
13	  R	  0.4	  0.1	0.000	0.000	0.000
14	  L	  0.4	  0.0	0.000	0.000	0.000
