res	aa	Beta	Turn	Helix	Aggregation	Conc-Stab_Aggregation
01	  G	  0.0	  0.0	0.150	0.000	0.000
02	  L	  0.4	  0.3	0.150	0.000	0.000
03	  L	  0.5	  1.7	0.317	0.000	0.000
04	  N	  0.5	  1.7	2.473	0.000	0.000
05	  G	  0.1	  1.7	6.352	0.000	0.000
06	  L	  0.3	  1.5	6.352	0.000	0.000
07	  A	  0.6	  0.0	6.352	0.000	0.000
08	  L	  1.9	  0.1	6.352	0.000	0.000
09	  R	  1.7	  0.2	6.352	0.000	0.000
10	  L	  1.5	  0.3	6.002	0.000	0.000
11	  G	  0.1	  0.4	6.799	0.000	0.000
12	  K	  0.2	  0.3	2.953	0.000	0.000
13	  R	  0.3	  0.2	1.483	0.000	0.000
14	  A	  0.5	  0.1	1.358	0.000	0.000
15	  L	  0.4	  0.0	1.358	0.000	0.000
16	  K	  0.4	  0.0	1.358	0.000	0.000
17	  K	  1.7	  0.0	0.691	0.000	0.000
18	  I	  3.4	  0.0	0.309	0.000	0.000
19	  I	  5.3	  0.0	0.309	0.000	0.000
20	  K	  4.0	  0.1	0.309	0.000	0.000
21	  R	  2.3	  0.1	0.111	0.000	0.000
22	  L	  0.3	  0.1	0.000	0.000	0.000
23	  C	  0.2	  0.0	0.000	0.000	0.000
24	  R	  0.1	  0.0	0.000	0.000	0.000
