res	aa	Beta	Turn	Helix	Aggregation	Conc-Stab_Aggregation
01	  G	  0.1	  0.0	0.000	0.000	0.000
02	  C	  9.0	  0.0	0.000	0.000	0.000
03	  C	  9.2	  0.0	0.000	0.000	0.000
04	  S	  9.1	  0.0	0.000	0.000	0.000
05	  D	  0.2	  0.8	0.787	0.000	0.000
06	  P	  0.0	  0.8	0.787	0.000	0.000
07	  R	  1.0	  0.8	0.787	0.000	0.000
08	  C	  1.7	  0.8	0.787	0.000	0.000
09	  R	  2.7	  0.0	0.787	0.000	0.000
10	  Y	  8.0	  0.0	0.787	0.000	0.000
11	  R	  7.3	  0.0	0.143	0.000	0.000
12	  C	  6.3	  0.0	0.000	0.000	0.000
