res	aa	Beta	Turn	Helix	Aggregation	Conc-Stab_Aggregation
01	  C	  0.3	  0.2	0.000	0.000	0.000
02	  L	  0.4	  0.2	0.000	0.000	0.000
03	  G	  0.4	  0.4	0.000	0.000	0.000
04	  V	  0.2	  0.8	0.000	0.000	0.000
05	  G	  0.2	  0.7	0.000	0.000	0.000
06	  S	  8.4	  1.2	0.000	0.000	0.000
07	  C	  8.4	  1.1	0.000	0.000	0.000
08	  N	  8.5	  0.7	0.000	0.000	0.000
09	  N	  0.5	  0.7	0.000	0.050	0.050
10	  F	  0.6	  0.8	0.000	1.635	1.635
11	  A	  0.5	  1.3	0.000	1.734	1.734
12	  G	  0.4	  1.3	0.000	1.852	1.852
13	  C	  0.1	  1.3	0.000	3.455	3.455
14	  G	  0.3	  0.7	0.000	8.300	8.300
15	  Y	  1.2	  0.0	0.000	52.385	52.385
16	  A	  1.7	  0.0	0.000	63.919	63.919
17	  I	  4.1	  0.0	0.000	63.919	63.919
18	  V	  4.2	  0.0	0.000	63.919	63.919
19	  C	  4.8	  0.0	0.000	62.452	62.452
20	  F	  2.3	  0.0	0.000	61.008	61.008
21	  W	  1.2	  0.0	0.000	0.000	0.000
