res	aa	Beta	Turn	Helix	Aggregation	Conc-Stab_Aggregation
01	  G	  0.2	  0.0	0.000	0.000	0.000
02	  C	  0.2	  0.0	0.000	0.000	0.000
03	  C	  0.2	  0.0	0.000	0.000	0.000
04	  P	  0.0	  0.3	0.000	0.000	0.000
05	  P	  0.0	  0.3	0.000	0.000	0.000
06	  Q	  1.4	  0.3	0.000	0.000	0.000
07	  W	  1.6	  0.3	0.000	0.000	0.000
08	  C	  1.6	  0.1	0.000	0.000	0.000
09	  G	  0.2	  3.8	0.000	0.000	0.000
10	  P	  0.0	  4.3	0.000	0.000	0.000
11	  G	  0.1	  4.3	0.000	0.000	0.000
12	  C	  2.6	  4.2	0.000	0.000	0.000
13	  T	  2.7	  0.5	0.000	0.000	0.000
14	  S	  2.6	  0.3	0.000	0.000	0.000
15	  P	  0.1	  0.3	0.000	0.000	0.000
16	  C	  0.0	  0.3	0.000	0.000	0.000
17	  C	  0.0	  0.3	0.000	0.000	0.000
