res	aa	Beta	Turn	Helix	Aggregation	Conc-Stab_Aggregation
01	  A	  0.0	  0.2	0.000	0.000	0.000
02	  S	  0.0	  0.2	0.223	0.000	0.000
03	  D	  1.1	  0.2	0.223	0.000	0.000
04	  V	  8.2	  0.2	0.223	0.000	0.000
05	  T	  9.8	  0.1	0.223	0.000	0.000
06	  L	  9.1	  0.2	0.223	0.000	0.000
07	  N	  3.1	  0.2	0.223	0.000	0.000
08	  S	  1.8	  0.2	0.000	0.000	0.000
09	  F	  1.7	  0.1	0.000	0.000	0.000
10	  A	  0.8	  0.2	0.000	0.000	0.000
11	  E	  0.3	  0.2	0.000	0.000	0.000
12	  D	  1.0	  0.2	0.000	0.000	0.000
13	  V	 19.5	  0.2	0.000	0.000	0.000
14	  T	 19.9	  0.1	0.000	0.000	0.000
15	  V	 19.1	  0.2	0.000	0.000	0.000
16	  G	  0.5	  0.3	0.000	0.000	0.000
17	  E	  1.0	  0.3	0.000	0.000	0.000
18	  C	  6.7	  0.4	0.000	0.000	0.000
19	  C	  7.5	  0.4	0.000	0.000	0.000
20	  D	  6.9	  0.3	0.000	0.000	0.000
21	  C	  2.5	  0.3	0.000	0.000	0.000
22	  V	  3.5	  0.0	0.000	0.000	0.000
23	  D	  3.4	  0.0	0.189	0.000	0.000
24	  L	  2.4	  0.0	0.189	0.000	0.000
25	  T	  2.5	  0.0	0.189	0.000	0.000
26	  T	  9.8	  0.0	0.189	0.000	0.000
27	  V	  9.6	  0.0	0.189	0.000	0.000
28	  Y	  7.6	  0.0	0.189	0.000	0.000
