res	aa	Beta	Turn	Helix	Aggregation	Conc-Stab_Aggregation
01	  C	  0.0	  0.0	0.000	0.000	0.000
02	  G	  0.0	  0.2	0.000	0.000	0.000
03	  P	  0.0	  0.2	0.000	0.000	0.000
04	  C	  1.0	  0.2	0.000	0.000	0.000
05	  F	  2.7	  0.2	0.000	0.000	0.000
06	  T	  3.1	  0.1	0.000	0.000	0.000
07	  T	  2.1	  0.2	0.000	0.000	0.000
08	  D	  0.6	  0.2	0.146	0.000	0.000
09	  H	  0.8	  0.1	0.275	0.000	0.000
10	  Q	  2.3	  0.1	0.275	0.000	0.000
11	  M	  2.3	  0.1	0.275	0.000	0.000
12	  E	  1.9	  0.1	0.552	0.000	0.000
13	  Q	  0.7	  0.1	0.552	0.000	0.000
14	  K	  1.4	  0.1	0.552	0.000	0.000
15	  C	  1.4	  0.3	0.277	0.000	0.000
16	  A	  1.1	  0.3	0.277	0.000	0.000
17	  E	  1.5	  0.3	0.277	0.000	0.000
18	  C	  4.4	  0.3	0.154	0.000	0.000
19	  C	  4.4	  1.2	0.000	0.000	0.000
20	  G	  3.3	  1.2	0.000	0.000	0.000
21	  G	  0.1	  1.5	0.000	0.000	0.000
22	  I	  0.1	  1.6	0.000	0.000	0.000
23	  G	  0.1	  0.6	0.000	0.000	0.000
24	  K	  0.7	  0.5	0.000	0.000	0.000
25	  C	  1.5	  0.2	0.000	0.000	0.000
26	  Y	  1.4	  0.2	0.000	0.000	0.000
27	  G	  0.8	  0.6	0.169	0.000	0.000
28	  P	  0.0	  0.7	0.169	0.000	0.000
29	  Q	  0.5	  0.7	0.169	0.000	0.000
30	  C	  1.8	  0.5	0.169	0.000	0.000
31	  L	  2.0	  0.0	0.169	0.000	0.000
32	  C	  2.2	  0.0	0.169	0.000	0.000
33	  N	  1.0	  0.0	0.169	0.000	0.000
34	  R	  0.7	  0.0	0.000	0.000	0.000
