res	aa	Beta	Turn	Helix	Aggregation	Conc-Stab_Aggregation
01	  F	  0.1	  0.0	0.000	0.000	0.000
02	  L	  0.2	  0.0	0.000	0.000	0.000
03	  P	  0.2	  0.0	0.000	0.000	0.000
04	  L	  0.2	  0.0	0.000	0.000	0.000
05	  V	  1.0	  0.1	0.000	0.000	0.000
06	  R	  1.0	  0.1	0.000	0.000	0.000
07	  G	  0.8	  0.1	0.000	0.000	0.000
08	  A	  0.1	  0.1	0.000	0.000	0.000
09	  A	  0.3	  0.1	0.000	0.000	0.000
10	  K	  1.2	  0.0	0.000	0.000	0.000
11	  L	  1.3	  0.0	0.000	0.000	0.000
12	  I	  1.0	  0.2	0.000	0.000	0.000
13	  P	  0.1	  0.2	0.000	0.000	0.000
14	  S	  0.9	  0.2	0.157	1.655	1.655
15	  V	  3.3	  0.2	0.157	13.170	13.170
16	  V	  4.0	  0.0	0.157	13.170	13.170
17	  C	  3.8	  0.0	0.351	13.170	13.170
18	  A	  1.8	  0.0	0.351	13.170	13.170
19	  I	  1.7	  0.0	0.351	12.888	12.888
20	  S	  1.7	  0.2	0.351	0.579	0.579
21	  K	  1.7	  0.2	0.193	0.000	0.000
22	  R	  1.1	  0.2	0.193	0.000	0.000
23	  C	  0.4	  0.1	0.000	0.000	0.000
