res	aa	Beta	Turn	Helix	Aggregation	Conc-Stab_Aggregation
01	  G	  0.1	  0.0	0.000	0.000	0.000
02	  C	  9.1	  0.0	0.000	0.000	0.000
03	  C	  9.3	  0.0	0.000	0.000	0.000
04	  S	  9.2	  0.0	0.000	0.000	0.000
05	  D	  0.2	  0.9	0.293	0.000	0.000
06	  P	  0.0	  0.9	0.293	0.000	0.000
07	  R	  0.4	  0.9	0.293	0.000	0.000
08	  C	  0.6	  1.0	0.293	0.000	0.000
09	  K	  1.0	  0.2	0.293	0.000	0.000
10	  H	  1.0	  0.1	0.293	0.000	0.000
11	  E	  0.8	  0.1	0.126	0.000	0.000
12	  C	  0.4	  0.0	0.000	0.000	0.000
