res	aa	Beta	Turn	Helix	Aggregation	Conc-Stab_Aggregation
01	  G	  0.0	  0.0	0.000	0.000	0.000
02	  N	  1.8	  0.0	0.000	0.000	0.000
03	  Y	  2.7	  0.1	0.000	0.000	0.000
04	  Y	  2.9	  0.2	0.000	0.000	0.000
05	  G	  1.2	  0.2	0.242	0.000	0.000
06	  Y	  2.4	  0.2	0.242	0.000	0.000
07	  C	  4.4	  0.0	0.242	0.000	0.000
08	  R	  6.0	  0.0	0.242	0.000	0.000
09	  V	  8.1	  0.0	0.242	0.000	0.000
10	  H	  6.7	  0.2	0.242	0.000	0.000
11	  L	  5.3	  0.2	0.000	0.000	0.000
12	  N	  1.2	  0.2	0.000	0.000	0.000
13	  T	  1.1	  0.2	0.000	0.000	0.000
14	  A	  0.8	  0.0	0.000	0.000	0.000
15	  Y	  0.8	  0.0	0.000	0.000	0.000
