res	aa	Beta	Turn	Helix	Aggregation	Conc-Stab_Aggregation
01	  K	  1.0	  0.0	0.000	0.000	0.000
02	  L	  1.2	  0.5	0.000	0.000	0.000
03	  K	  1.3	  0.5	0.000	0.000	0.000
04	  N	  0.4	  0.5	0.000	0.000	0.000
05	  F	  0.8	  0.8	0.000	0.000	0.000
06	  A	  0.7	  0.7	0.000	0.000	0.000
07	  K	  0.6	  0.7	0.000	0.000	0.000
08	  G	  0.2	  0.7	0.825	0.000	0.000
09	  V	  1.7	  0.4	0.825	0.000	0.000
10	  A	  1.7	  0.1	1.215	0.000	0.000
11	  Q	  1.7	  0.1	1.215	0.000	0.000
12	  S	  0.5	  0.1	1.653	0.000	0.000
13	  L	  0.8	  0.1	1.653	0.000	0.000
14	  L	  0.7	  0.0	1.653	0.000	0.000
15	  N	  0.5	  0.1	2.113	0.000	0.000
16	  K	  0.3	  0.3	1.622	0.000	0.000
17	  A	  0.6	  0.3	0.898	0.000	0.000
18	  S	  1.9	  0.3	0.667	0.000	0.000
19	  C	  2.3	  0.3	0.460	0.000	0.000
20	  K	  2.3	  0.3	0.460	0.000	0.000
21	  L	  1.1	  0.5	0.108	0.000	0.000
22	  S	  0.6	  0.6	0.000	0.000	0.000
23	  G	  0.2	  0.5	0.000	0.000	0.000
24	  Q	  0.0	  0.4	0.000	0.000	0.000
25	  C	  0.0	  0.1	0.000	0.000	0.000
