res	aa	Beta	Turn	Helix	Aggregation	Conc-Stab_Aggregation
01	  G	  0.0	  0.0	0.000	0.000	0.000
02	  F	  0.8	  0.0	0.000	4.310	4.310
03	  I	  1.6	  0.0	0.000	4.310	4.310
04	  S	  2.0	  0.0	0.000	4.310	4.310
05	  T	 16.9	  0.0	0.000	4.310	4.310
06	  V	 17.6	  0.1	0.000	4.310	4.310
07	  K	 17.2	  0.1	0.000	0.000	0.000
08	  N	  1.8	  0.1	0.217	0.000	0.000
09	  L	  0.1	  0.1	0.217	1.435	1.435
10	  A	  0.1	  0.1	0.217	1.435	1.435
11	  T	  0.8	  0.1	0.217	1.435	1.435
12	  N	  1.1	  0.1	0.217	1.435	1.435
13	  V	  1.6	  0.2	0.217	3.576	3.576
14	  A	  0.9	  0.1	0.217	3.739	3.739
15	  G	  0.6	  0.1	0.109	3.739	3.739
16	  T	  3.0	  0.1	0.115	3.739	3.739
17	  V	  7.1	  0.1	0.115	3.739	3.739
18	  I	  8.2	  0.0	0.115	3.453	3.453
19	  D	  5.8	  0.0	0.330	0.000	0.000
20	  T	 11.6	  0.0	0.330	0.000	0.000
21	  I	 13.6	  0.0	0.330	0.000	0.000
22	  K	 13.7	  0.0	0.330	0.000	0.000
23	  C	  5.0	  0.0	0.215	0.000	0.000
24	  K	  6.2	  0.0	0.215	0.000	0.000
25	  V	  6.1	  0.0	0.000	0.000	0.000
26	  T	  5.3	  0.1	0.000	0.000	0.000
27	  G	  0.6	  0.1	0.000	0.000	0.000
28	  G	  0.0	  0.1	0.000	0.000	0.000
29	  C	  0.0	  0.1	0.000	0.000	0.000
