res	aa	Beta	Turn	Helix	Aggregation	Conc-Stab_Aggregation
01	  D	  0.4	  0.0	0.000	0.000	0.000
02	  Y	 17.7	  0.0	0.000	0.000	0.000
03	  C	 25.3	  0.0	0.000	0.000	0.000
04	  C	 26.6	  0.0	0.000	0.000	0.000
05	  R	  9.9	  0.0	0.000	0.000	0.000
06	  R	  2.0	  0.0	0.000	0.000	0.000
07	  P	  0.0	  0.1	0.000	0.000	0.000
08	  P	  0.0	  0.1	0.000	0.000	0.000
09	  C	  2.2	  0.1	0.000	0.000	0.000
10	  T	  2.8	  0.1	0.000	0.000	0.000
11	  L	  4.9	  0.0	0.000	0.000	0.000
12	  I	  2.7	  0.0	0.000	0.000	0.000
13	  C	  2.2	  0.0	0.000	0.000	0.000
