res	aa	Beta	Turn	Helix	Aggregation	Conc-Stab_Aggregation
01	  K	  2.9	  0.0	0.000	0.000	0.000
02	  C	 12.5	  0.0	0.000	0.000	0.000
03	  C	 15.9	  0.0	0.000	0.000	0.000
04	  M	 13.2	  0.0	0.000	0.000	0.000
05	  R	  4.1	  0.0	0.000	0.000	0.000
06	  P	  0.2	  0.0	0.000	0.000	0.000
07	  I	  0.8	  0.0	0.000	0.000	0.000
08	  C	  6.1	  0.0	0.000	0.000	0.000
09	  T	  6.4	  0.0	0.000	0.000	0.000
10	  C	  5.6	  0.4	0.000	0.000	0.000
11	  P	  0.3	  0.4	0.000	0.000	0.000
12	  C	 10.9	  0.4	0.000	0.000	0.000
13	  C	 11.4	  0.4	0.000	0.000	0.000
14	  I	 11.5	  0.0	0.000	0.000	0.000
15	  G	  0.6	  0.0	0.000	0.000	0.000
16	  P	  0.0	  0.0	0.000	0.000	0.000
