res	aa	Beta	Turn	Helix	Aggregation	Conc-Stab_Aggregation
01	  N	  0.5	  0.0	0.000	0.000	0.000
02	  L	  0.7	  0.0	0.000	0.000	0.000
03	  Y	  6.4	  0.0	0.000	0.000	0.000
04	  Q	  6.1	  0.0	0.000	0.000	0.000
05	  F	  6.0	  1.2	0.000	0.000	0.000
06	  G	  0.3	  1.2	0.000	0.000	0.000
07	  G	  0.1	  1.2	0.000	0.000	0.000
08	  M	  0.2	  1.4	0.000	0.000	0.000
09	  I	  0.3	  0.6	0.000	0.000	0.000
10	  G	  0.4	  0.6	0.167	0.000	0.000
11	  C	  0.6	  1.3	0.167	0.000	0.000
12	  A	  0.4	  1.2	0.167	0.000	0.000
13	  N	  0.3	  1.3	0.167	0.000	0.000
14	  K	  0.0	  1.4	0.167	0.000	0.000
15	  G	  0.0	  0.8	0.167	0.000	0.000
16	  T	  2.2	  0.7	0.000	0.000	0.000
17	  R	  3.5	  0.1	0.000	0.000	0.000
18	  S	  3.8	  0.0	0.000	1.473	1.473
19	  W	  2.2	  0.0	0.000	13.782	13.782
20	  L	  2.9	  0.0	0.000	14.047	14.047
21	  S	  3.4	  0.0	0.000	14.047	14.047
22	  Y	  4.5	  0.0	0.000	14.047	14.047
23	  V	  5.1	  0.0	0.000	14.047	14.047
24	  N	  4.3	  0.4	0.000	6.256	6.256
25	  Y	  3.2	  1.9	0.000	5.975	5.975
26	  G	  0.5	  1.9	0.000	3.025	3.025
27	  C	  3.6	  1.9	0.000	2.808	2.808
28	  Y	  4.7	  1.5	0.000	2.808	2.808
29	  C	  4.6	  0.0	0.000	1.285	1.285
30	  G	  1.6	  0.0	0.000	0.000	0.000
