res	aa	Beta	Turn	Helix	Aggregation	Conc-Stab_Aggregation
01	  L	  7.9	  0.0	0.000	0.000	0.000
02	  C	  7.9	  0.0	0.000	0.000	0.000
03	  C	  7.9	  0.0	0.000	0.000	0.000
04	  P	  0.0	  0.3	0.000	0.000	0.000
05	  P	  0.0	  0.3	0.000	0.000	0.000
06	  Q	  0.1	  0.4	0.000	0.000	0.000
07	  A	  0.2	  0.4	0.000	0.000	0.000
08	  C	  0.2	  0.2	0.000	0.000	0.000
09	  G	  0.1	  2.4	0.000	0.000	0.000
10	  P	  0.0	  2.4	0.000	0.000	0.000
11	  D	  0.1	  2.4	0.000	0.000	0.000
12	  C	  1.4	  2.3	0.000	0.000	0.000
13	  A	  1.5	  0.0	0.000	0.000	0.000
14	  S	  1.4	  0.3	0.000	0.000	0.000
15	  P	  0.0	  0.3	0.000	0.000	0.000
16	  C	  0.0	  0.3	0.000	0.000	0.000
17	  C	  0.0	  0.3	0.000	0.000	0.000
