res	aa	Beta	Turn	Helix	Aggregation	Conc-Stab_Aggregation
01	  A	  0.6	  0.0	0.000	0.000	0.000
02	  T	 10.9	  0.0	0.000	0.000	0.000
03	  V	 11.0	  0.1	0.000	0.000	0.000
04	  Q	 10.4	  0.4	0.000	0.000	0.000
05	  G	  0.2	  0.5	0.000	0.000	0.000
06	  G	  0.4	  0.5	0.150	0.000	0.000
07	  I	  2.2	  0.4	0.150	0.000	0.000
08	  A	  2.6	  0.0	0.150	0.000	0.000
09	  Y	  6.2	  0.0	0.150	0.000	0.000
10	  R	  4.6	  0.0	0.150	0.000	0.000
11	  M	  4.1	  0.0	0.150	0.000	0.000
12	  P	  0.1	  0.0	0.000	0.000	0.000
