res	aa	Beta	Turn	Helix	Aggregation	Conc-Stab_Aggregation
01	  R	  1.1	  0.0	0.000	0.000	0.000
02	  F	  5.0	  0.0	0.000	0.000	0.000
03	  R	  5.0	  0.0	0.000	0.000	0.000
04	  L	  4.0	  0.0	0.000	0.000	0.000
05	  P	  0.1	  0.0	0.000	0.000	0.000
06	  F	  3.8	  0.0	0.000	0.000	0.000
07	  R	  3.8	  0.0	0.000	0.000	0.000
08	  R	  3.8	  0.0	0.000	0.000	0.000
09	  P	  0.0	  0.0	0.000	0.000	0.000
10	  P	  0.0	  0.0	0.000	0.000	0.000
11	  I	  9.0	  0.0	0.000	0.000	0.000
12	  R	 13.1	  0.0	0.000	0.000	0.000
13	  I	 13.1	  0.0	0.000	0.000	0.000
14	  H	  4.4	  0.0	0.000	0.000	0.000
15	  P	  0.0	  0.0	0.000	0.000	0.000
16	  P	  0.0	  0.1	0.000	0.000	0.000
17	  P	  0.0	  0.1	0.000	0.000	0.000
18	  F	  0.0	  0.1	0.000	0.000	0.000
19	  Y	  0.0	  0.1	0.000	0.000	0.000
20	  P	  0.0	  0.1	0.000	0.000	0.000
21	  P	  0.0	  0.1	0.000	0.000	0.000
22	  F	  1.9	  0.2	0.000	0.000	0.000
23	  R	  2.8	  0.2	0.000	0.000	0.000
24	  R	  3.6	  0.0	0.000	0.000	0.000
25	  F	  1.7	  0.0	0.000	0.000	0.000
26	  L	  0.8	  0.0	0.000	0.000	0.000
