res	aa	Beta	Turn	Helix	Aggregation	Conc-Stab_Aggregation
01	  E	  1.4	  0.0	0.000	0.000	0.000
02	  W	  1.8	  0.0	0.000	0.000	0.000
03	  E	  1.8	  0.0	0.000	0.000	0.000
04	  P	  0.4	  0.0	0.000	0.000	0.000
05	  V	  1.3	  0.3	0.000	0.000	0.000
06	  Q	  1.3	  0.6	0.000	0.000	0.000
07	  N	  1.3	  0.7	0.000	0.000	0.000
08	  G	  0.0	  1.2	0.000	0.000	0.000
09	  G	  0.0	  1.2	0.000	0.000	0.000
10	  S	  0.3	  0.9	0.000	0.000	0.000
11	  S	  1.4	  0.7	0.000	0.000	0.000
12	  Y	  2.5	  0.2	0.000	0.000	0.000
13	  Y	  4.0	  0.0	0.000	0.000	0.000
14	  M	  3.0	  0.0	0.000	0.000	0.000
15	  V	  2.0	  0.0	0.000	0.000	0.000
16	  P	  0.1	  0.0	0.000	0.000	0.000
17	  R	  2.6	  0.0	0.000	0.000	0.000
18	  I	  3.1	  0.0	0.000	0.000	0.000
19	  W	  3.1	  0.0	0.000	0.000	0.000
20	  A	  0.5	  0.0	0.000	0.000	0.000
