res	aa	Beta	Turn	Helix	Aggregation	Conc-Stab_Aggregation
01	  A	  0.1	  0.0	0.000	0.000	0.000
02	  N	  2.0	  0.0	0.000	22.380	22.380
03	  V	  5.5	  0.0	0.000	31.008	31.008
04	  V	  8.8	  0.0	0.000	31.008	31.008
05	  F	  7.9	  0.1	0.000	31.008	31.008
06	  L	  5.1	  0.1	0.000	31.008	31.008
07	  N	  1.8	  0.1	0.000	9.497	9.497
08	  A	  0.7	  0.1	0.000	0.000	0.000
09	  P	  0.0	  0.0	0.000	0.000	0.000
10	  A	  0.0	  0.2	0.000	0.000	0.000
11	  P	  0.0	  0.2	0.000	0.000	0.000
12	  Q	  0.0	  0.2	0.000	0.000	0.000
13	  W	  0.0	  0.2	0.000	0.000	0.000
