res	aa	Beta	Turn	Helix	Aggregation	Conc-Stab_Aggregation
01	  Q	  0.0	  0.0	0.000	0.000	0.000
02	  G	  0.1	  0.0	0.000	0.000	0.000
03	  W	  0.9	  0.0	0.000	0.000	0.000
04	  A	  0.9	  0.0	0.000	0.000	0.000
05	  W	  0.8	  0.0	0.000	0.000	0.000
06	  P	  0.0	  0.0	0.000	0.000	0.000
07	  R	  0.0	  0.2	0.000	0.000	0.000
08	  P	  0.0	  0.2	0.000	0.000	0.000
09	  Q	  0.0	  0.2	0.000	0.000	0.000
10	  I	  0.0	  0.2	0.000	0.000	0.000
11	  P	  0.0	  0.0	0.000	0.000	0.000
12	  P	  0.0	  0.0	0.000	0.000	0.000
