res	aa	Beta	Turn	Helix	Aggregation	Conc-Stab_Aggregation
01	  A	  0.3	  0.0	0.000	0.000	0.000
02	  C	  0.4	  0.0	0.000	0.000	0.000
03	  V	  0.5	  0.0	0.000	0.000	0.000
04	  P	  0.3	  0.0	0.000	0.000	0.000
05	  V	  3.4	  0.0	0.000	0.000	0.000
06	  Y	  4.0	  0.1	0.000	0.000	0.000
07	  E	  4.0	  0.2	0.000	0.000	0.000
08	  E	  0.7	  0.2	0.000	0.000	0.000
09	  C	  0.1	  0.2	0.000	0.000	0.000
10	  G	  0.1	  0.1	0.000	0.000	0.000
11	  T	  0.1	  0.2	0.304	0.000	0.000
12	  P	  0.0	  0.3	0.304	0.000	0.000
13	  K	  0.1	  0.3	0.304	0.000	0.000
14	  K	  0.5	  0.4	0.304	0.000	0.000
15	  R	  1.0	  0.2	0.304	0.000	0.000
16	  C	 13.3	  0.1	0.304	0.000	0.000
17	  C	 13.3	  0.2	0.111	0.000	0.000
18	  E	 12.9	  0.1	0.111	0.000	0.000
19	  E	  0.6	  0.1	0.111	0.000	0.000
20	  R	  0.1	  0.2	0.000	0.000	0.000
21	  P	  0.0	  0.1	0.000	0.000	0.000
22	  C	  0.0	  0.1	0.000	0.000	0.000
23	  K	  0.0	  0.1	0.000	0.000	0.000
