res	aa	Beta	Turn	Helix	Aggregation	Conc-Stab_Aggregation
01	  G	  0.0	  0.0	0.000	0.000	0.000
02	  N	  0.1	  0.0	0.000	0.000	0.000
03	  C	  1.1	  0.0	0.000	0.000	0.000
04	  L	  1.8	  0.1	0.000	0.000	0.000
05	  E	  1.7	  0.1	0.000	0.000	0.000
06	  L	  0.7	  0.5	0.000	0.000	0.000
07	  G	  0.0	  0.7	0.000	0.000	0.000
08	  E	  0.7	  0.5	0.000	0.000	0.000
09	  Y	  2.1	  0.8	0.000	0.000	0.000
10	  C	  2.2	  1.1	0.000	0.000	0.000
11	  D	  1.5	  1.3	0.000	0.000	0.000
12	  G	  0.1	  1.3	0.000	0.000	0.000
13	  S	  0.5	  3.5	0.000	0.000	0.000
14	  K	  0.5	  3.2	0.000	0.000	0.000
15	  D	  0.5	  3.0	0.000	0.000	0.000
16	  D	  0.3	  2.9	0.211	0.000	0.000
17	  C	  1.3	  0.6	0.560	0.000	0.000
18	  Q	  3.0	  0.1	0.560	0.000	0.000
19	  C	 11.4	  0.1	0.560	0.000	0.000
20	  C	 10.7	  0.6	0.659	0.000	0.000
21	  R	  9.1	  0.6	0.659	0.000	0.000
22	  D	  0.5	  0.6	0.659	0.000	0.000
23	  N	  0.2	  0.8	0.208	0.000	0.000
24	  A	  0.4	  0.4	0.099	0.000	0.000
25	  Y	  1.9	  0.2	0.099	0.000	0.000
26	  C	  2.0	  0.5	0.000	0.000	0.000
27	  G	  1.8	  0.3	0.000	0.000	0.000
28	  C	  1.4	  0.3	0.000	0.000	0.000
29	  D	  3.7	  0.3	0.000	0.000	0.000
30	  I	  3.6	  0.0	0.000	0.000	0.000
31	  F	  2.6	  0.0	0.000	0.000	0.000
