res	aa	Beta	Turn	Helix	Aggregation	Conc-Stab_Aggregation
01	  G	  0.0	  0.2	0.000	0.000	0.000
02	  K	  0.3	  0.2	0.000	0.000	0.000
03	  C	  0.4	  0.5	0.000	0.000	0.000
04	  G	  0.3	  0.5	0.000	0.000	0.000
05	  D	  0.9	  1.0	0.000	0.000	0.000
06	  I	  1.9	  1.0	0.000	0.000	0.000
07	  N	  1.9	  2.1	0.000	0.000	0.000
08	  A	  1.0	  2.5	0.000	0.000	0.000
09	  G	  0.0	  1.9	0.000	0.000	0.000
10	  C	  0.7	  2.2	0.000	0.000	0.000
11	  S	  0.7	  3.8	0.000	0.000	0.000
12	  S	  0.7	  3.4	0.000	0.000	0.000
13	  D	  0.3	  5.0	0.000	0.000	0.000
14	  C	  1.0	  4.8	0.000	0.000	0.000
15	  D	  2.2	  1.7	0.000	0.000	0.000
16	  C	  5.0	  1.7	0.000	0.000	0.000
17	  C	  4.3	  0.5	0.000	0.000	0.000
18	  G	  3.2	  0.5	0.000	0.000	0.000
19	  S	  0.3	  0.5	0.000	0.000	0.000
20	  S	  3.5	  0.5	0.000	0.000	0.000
21	  V	 10.2	  0.1	0.000	0.000	0.000
22	  T	 11.8	  0.1	0.386	0.000	0.000
23	  C	  9.4	  0.2	1.137	0.000	0.000
24	  D	  2.7	  0.2	2.469	0.000	0.000
25	  C	  1.5	  0.2	3.057	0.000	0.000
26	  A	  1.1	  0.0	3.057	0.000	0.000
27	  I	  1.8	  0.0	3.057	0.000	0.000
28	  R	  1.2	  0.1	3.057	0.000	0.000
29	  K	  0.8	  0.1	2.959	0.000	0.000
30	  K	  0.1	  0.1	2.096	0.000	0.000
31	  F	  0.1	  0.1	0.097	0.000	0.000
