res	aa	Beta	Turn	Helix	Aggregation	Conc-Stab_Aggregation
01	  G	  0.0	  0.2	0.000	0.000	0.000
02	  K	  0.3	  0.2	0.000	0.000	0.000
03	  C	  0.4	  0.5	0.000	0.000	0.000
04	  G	  0.3	  0.5	0.000	0.000	0.000
05	  D	  1.0	  1.0	0.000	0.000	0.000
06	  I	  3.2	  1.0	0.000	0.000	0.000
07	  N	  3.2	  0.7	0.000	0.000	0.000
08	  A	  2.3	  0.8	0.000	0.000	0.000
09	  P	  0.0	  0.1	0.000	0.000	0.000
10	  C	  1.0	  0.2	0.000	0.000	0.000
11	  K	  1.3	  0.2	0.000	0.000	0.000
12	  A	  1.3	  0.1	0.000	0.000	0.000
13	  E	  1.0	  0.2	0.000	0.000	0.000
14	  C	  1.6	  0.2	0.000	0.000	0.000
15	  D	  2.7	  0.2	0.000	0.000	0.000
16	  C	  5.2	  0.3	0.000	0.000	0.000
17	  C	  4.4	  0.3	0.000	0.000	0.000
18	  G	  3.4	  0.2	0.000	0.000	0.000
19	  Y	  1.8	  0.2	0.000	0.000	0.000
20	  T	  3.7	  0.0	0.000	0.000	0.000
21	  T	  5.5	  0.2	0.000	0.000	0.000
22	  C	  4.8	  0.2	0.000	0.000	0.000
23	  D	  4.0	  0.2	0.000	0.000	0.000
24	  C	  2.9	  0.2	0.000	0.000	0.000
25	  Y	  2.7	  0.1	0.000	0.000	0.000
26	  W	  1.5	  0.0	0.000	0.000	0.000
27	  G	  0.7	  0.0	0.000	0.000	0.000
28	  N	  0.1	  0.0	0.000	0.000	0.000
