res	aa	Beta	Turn	Helix	Aggregation	Conc-Stab_Aggregation
01	  K	  0.3	  0.0	0.000	0.000	0.000
02	  A	  0.4	  0.0	0.000	0.000	0.000
03	  K	  1.1	  0.0	0.000	0.000	0.000
04	  C	  1.2	  0.2	0.000	0.000	0.000
05	  A	  1.2	  0.2	0.000	0.000	0.000
06	  E	  3.3	  0.1	0.000	0.000	0.000
07	  I	  4.1	  0.2	0.000	0.000	0.000
08	  D	  3.9	  4.3	0.000	0.000	0.000
09	  Q	  1.3	  4.3	0.000	0.000	0.000
10	  D	  0.4	  4.3	0.173	0.000	0.000
11	  C	  0.4	  4.4	0.173	0.000	0.000
12	  K	  0.4	  0.2	0.173	0.000	0.000
13	  T	  2.0	  0.2	0.173	0.000	0.000
14	  S	  8.1	  1.0	0.173	0.000	0.000
15	  C	  8.7	  0.9	0.173	0.000	0.000
16	  D	  8.0	  0.9	0.000	0.000	0.000
17	  C	  9.3	  0.9	0.000	0.000	0.000
18	  C	  8.4	  0.8	0.000	0.000	0.000
19	  K	  7.4	  0.8	0.000	0.000	0.000
20	  G	  0.1	  0.8	0.000	0.000	0.000
21	  A	  0.1	  0.8	0.000	0.000	0.000
22	  C	  4.0	  0.1	0.000	0.000	0.000
23	  T	  8.3	  0.0	0.000	0.000	0.000
24	  C	  8.2	  0.0	0.000	0.000	0.000
25	  Y	  4.4	  0.0	0.000	0.000	0.000
