res	aa	Beta	Turn	Helix	Aggregation	Conc-Stab_Aggregation
01	  K	  0.1	  0.0	0.000	0.000	0.000
02	  K	  0.9	  0.0	0.000	0.000	0.000
03	  C	  1.1	  0.6	0.000	0.000	0.000
04	  A	  1.1	  0.6	0.000	0.000	0.000
05	  D	  1.0	  1.2	0.000	0.000	0.000
06	  I	  1.8	  1.2	0.000	0.000	0.000
07	  D	  1.8	  4.9	0.000	0.000	0.000
08	  Q	  1.3	  4.9	0.000	0.000	0.000
09	  D	  0.4	  4.3	0.154	0.000	0.000
10	  C	  0.4	  4.4	0.154	0.000	0.000
11	  K	  0.4	  0.2	0.154	0.000	0.000
12	  T	  2.0	  0.2	0.154	0.000	0.000
13	  S	  8.3	  1.0	0.154	0.000	0.000
14	  C	  8.9	  1.0	0.154	0.000	0.000
15	  D	  8.2	  0.9	0.000	0.000	0.000
16	  C	  8.1	  0.9	0.000	0.000	0.000
17	  C	  7.2	  0.1	0.000	0.000	0.000
18	  E	  6.1	  0.0	0.000	0.000	0.000
