res	aa	Beta	Turn	Helix	Aggregation	Conc-Stab_Aggregation
01	  S	  2.8	  0.0	0.000	0.000	0.000
02	  C	  8.8	  0.0	0.000	0.000	0.000
03	  I	  9.2	  0.1	0.000	0.000	0.000
04	  K	  6.6	  0.3	0.000	0.000	0.000
05	  H	  0.5	  2.3	0.000	0.000	0.000
06	  G	  0.1	  2.3	0.000	0.000	0.000
07	  D	  0.5	  2.2	0.000	0.000	0.000
08	  F	  1.9	  2.3	0.000	0.000	0.000
09	  C	  2.0	  0.8	0.000	0.000	0.000
10	  D	  1.5	  2.5	0.000	0.000	0.000
11	  G	  0.1	  2.8	0.000	0.000	0.000
12	  D	  0.0	  3.7	0.000	0.000	0.000
13	  N	  0.0	  5.8	0.000	0.000	0.000
14	  D	  0.0	  4.1	0.000	0.000	0.000
15	  D	  0.3	  3.8	0.198	0.000	0.000
16	  C	  1.3	  2.7	0.390	0.000	0.000
17	  Q	  3.0	  0.1	0.390	0.000	0.000
18	  C	 11.2	  0.1	0.390	0.000	0.000
19	  C	 10.5	  0.6	0.390	0.000	0.000
20	  R	  8.9	  0.9	0.390	0.000	0.000
21	  D	  0.5	  1.3	0.390	0.000	0.000
22	  N	  0.1	  1.3	0.000	0.000	0.000
23	  G	  0.0	  0.8	0.000	0.000	0.000
24	  F	  0.0	  0.3	0.000	0.000	0.000
