res	aa	Beta	Turn	Helix	Aggregation	Conc-Stab_Aggregation
01	  T	  1.2	  0.2	0.000	0.000	0.000
02	  A	  1.5	  0.2	0.000	0.000	0.000
03	  T	  3.1	  0.2	0.000	0.000	0.000
04	  C	  2.1	  1.4	0.000	0.000	0.000
05	  A	  1.8	  1.2	0.000	0.000	0.000
06	  G	  0.2	  1.5	0.000	0.000	0.000
07	  Q	  0.2	  1.5	0.000	0.000	0.000
08	  D	  0.2	  0.4	0.000	0.000	0.000
09	  K	  0.1	  0.3	0.000	0.000	0.000
10	  P	  0.0	  0.0	0.000	0.000	0.000
11	  C	  1.4	  0.1	0.000	0.000	0.000
12	  Q	  1.5	  0.2	0.000	0.000	0.000
13	  K	  1.7	  0.2	0.000	0.000	0.000
14	  H	  1.0	  0.5	0.000	0.000	0.000
15	  C	  1.7	  0.4	0.000	0.000	0.000
16	  D	  2.7	  0.4	0.000	0.000	0.000
17	  C	  5.3	  0.4	0.000	0.000	0.000
18	  C	  4.4	  0.1	0.000	0.000	0.000
19	  G	  3.2	  0.8	0.000	0.000	0.000
20	  P	  0.0	  1.4	0.000	0.000	0.000
21	  K	  0.0	  1.4	0.000	0.000	0.000
22	  G	  0.0	  1.4	0.000	0.000	0.000
23	  E	  0.1	  0.6	0.000	0.000	0.000
24	  C	  1.0	  0.1	0.000	0.000	0.000
25	  V	  2.0	  0.0	0.000	0.000	0.000
26	  C	  2.0	  0.0	0.000	0.000	0.000
27	  E	  1.1	  0.1	0.000	0.000	0.000
28	  G	  0.1	  0.2	0.000	0.000	0.000
29	  P	  0.0	  0.2	0.000	0.000	0.000
30	  C	  1.7	  0.2	0.000	0.000	0.000
31	  I	  2.6	  0.1	0.000	0.000	0.000
32	  C	  5.0	  0.3	0.000	0.000	0.000
33	  R	  3.4	  0.3	0.000	0.000	0.000
34	  Q	  2.5	  0.3	0.000	0.000	0.000
35	  G	  0.2	  0.3	0.000	0.000	0.000
