res	aa	Beta	Turn	Helix	Aggregation	Conc-Stab_Aggregation
01	  A	  0.2	  0.0	0.000	0.000	0.000
02	  C	  1.7	  0.2	0.000	0.000	0.000
03	  L	  4.0	  0.2	0.000	0.000	0.000
04	  D	  3.8	  0.4	0.000	0.000	0.000
05	  I	  2.4	  2.6	0.000	0.000	0.000
06	  G	  0.0	  2.5	0.000	0.000	0.000
07	  N	  0.5	  2.5	0.000	0.000	0.000
08	  S	  7.8	  2.4	0.000	0.000	0.000
09	  C	  8.1	  0.2	0.000	0.000	0.000
10	  R	  7.7	  0.2	0.000	0.000	0.000
11	  E	  0.5	  0.1	0.000	0.000	0.000
12	  D	  0.1	  0.1	0.000	0.000	0.000
