res	aa	Beta	Turn	Helix	Aggregation	Conc-Stab_Aggregation
01	  G	  0.0	  0.2	0.000	0.000	0.000
02	  K	  0.3	  0.3	0.000	0.000	0.000
03	  C	  0.4	  0.3	0.000	0.000	0.000
04	  G	  0.4	  0.3	0.000	0.000	0.000
05	  E	  3.5	  0.2	0.000	0.000	0.000
06	  I	  4.3	  1.5	0.000	0.000	0.000
07	  N	  4.3	  1.7	0.000	0.000	0.000
08	  G	  1.0	  1.8	0.000	0.000	0.000
09	  S	  6.5	  2.1	0.000	0.000	0.000
10	  C	  6.6	  0.9	0.000	0.000	0.000
11	  D	  6.5	  0.7	0.000	0.000	0.000
12	  E	  0.5	  0.6	0.000	0.000	0.000
13	  C	  1.2	  0.3	0.000	0.000	0.000
14	  Y	  1.2	  0.9	0.000	0.000	0.000
15	  G	  0.8	  0.9	0.000	0.000	0.000
16	  G	  0.1	  0.9	0.000	0.000	0.000
17	  S	  3.4	  0.8	0.000	0.000	0.000
18	  V	 10.3	  0.1	0.000	0.000	0.000
19	  T	 12.2	  0.1	0.000	0.000	0.000
20	  C	  9.6	  0.2	0.000	0.000	0.000
21	  D	  3.9	  0.2	0.000	0.000	0.000
22	  C	  2.0	  0.2	0.000	0.000	0.000
23	  Y	  1.2	  0.0	0.000	0.000	0.000
