res	aa	Beta	Turn	Helix	Aggregation	Conc-Stab_Aggregation
01	  I	  3.7	  0.0	0.000	0.000	0.000
02	  K	  6.2	  0.0	0.000	0.000	0.000
03	  C	  8.3	  0.0	0.000	0.000	0.000
04	  T	  9.7	  0.0	0.000	0.000	0.000
05	  L	  7.2	  0.1	0.000	0.000	0.000
06	  S	  5.6	  2.8	0.000	0.000	0.000
07	  K	  0.8	  2.8	0.000	0.000	0.000
08	  D	  1.7	  2.8	0.000	0.000	0.000
09	  C	  7.6	  2.7	0.000	0.000	0.000
10	  Y	  7.8	  0.0	0.000	0.000	0.000
11	  S	  6.7	  0.2	0.446	0.000	0.000
12	  P	  0.4	  0.2	0.446	0.000	0.000
13	  C	  0.3	  0.3	0.578	0.000	0.000
14	  K	  0.5	  0.3	0.578	0.000	0.000
15	  K	  0.7	  0.4	0.578	0.000	0.000
16	  E	  0.4	  0.5	0.578	0.000	0.000
17	  T	  0.3	  0.4	0.296	0.000	0.000
18	  G	  0.1	  0.4	0.296	0.000	0.000
19	  C	  0.1	  0.5	0.873	0.000	0.000
20	  P	  0.0	  0.4	0.576	0.000	0.000
21	  R	  0.1	  0.4	0.576	0.000	0.000
22	  A	  0.2	  0.5	0.576	0.000	0.000
23	  K	  1.5	  0.1	0.576	0.000	0.000
24	  C	  5.1	  0.0	0.576	0.000	0.000
25	  I	  5.6	  0.0	0.294	0.000	0.000
26	  N	  4.3	  2.7	0.294	0.000	0.000
27	  R	  0.6	  2.7	0.134	0.000	0.000
28	  N	  0.4	  2.7	0.000	0.000	0.000
29	  C	  1.0	  2.7	0.000	0.000	0.000
30	  K	  1.6	  0.1	0.000	0.000	0.000
31	  C	  2.0	  0.5	0.000	0.000	0.000
32	  Y	  1.9	  1.8	0.000	0.000	0.000
33	  G	  1.3	  1.7	0.000	0.000	0.000
34	  C	  0.5	  1.7	0.000	0.000	0.000
35	  S	  0.0	  1.3	0.000	0.000	0.000
