res	aa	Beta	Turn	Helix	Aggregation	Conc-Stab_Aggregation
01	  I	  3.8	  0.0	0.000	0.000	0.000
02	  N	  4.3	  0.0	0.114	0.000	0.000
03	  W	  4.6	  0.1	0.114	0.000	0.000
04	  K	  1.0	  0.1	0.114	0.000	0.000
05	  K	  1.7	  0.1	0.114	0.000	0.000
06	  I	  2.5	  0.1	0.114	0.000	0.000
07	  A	  2.8	  0.0	0.114	0.000	0.000
08	  S	  1.7	  0.3	0.114	0.000	0.000
09	  I	  0.7	  0.5	0.000	0.000	0.000
10	  G	  0.2	  0.5	0.338	0.000	0.000
11	  K	  0.6	  0.5	0.338	0.000	0.000
12	  E	  1.0	  0.2	0.338	0.000	0.000
13	  V	  2.1	  0.1	0.338	0.000	0.000
14	  L	  1.9	  0.0	0.338	0.000	0.000
15	  K	  1.5	  0.0	0.338	0.000	0.000
16	  A	  0.4	  0.0	0.173	0.000	0.000
17	  L	  0.1	  0.0	0.000	0.000	0.000
