res	aa	Beta	Turn	Helix	Aggregation	Conc-Stab_Aggregation
01	  K	  0.2	  0.0	0.000	0.000	0.000
02	  K	  1.4	  0.1	0.000	0.000	0.000
03	  I	  2.8	  0.1	0.000	0.000	0.000
04	  D	  2.9	  0.1	0.384	0.000	0.000
05	  T	  2.3	  0.3	0.384	0.000	0.000
06	  R	  1.0	  0.4	0.384	0.000	0.000
07	  T	  0.8	  0.7	0.384	0.000	0.000
08	  G	  0.2	  0.8	0.384	0.000	0.000
09	  K	  0.3	  0.6	0.384	0.000	0.000
10	  T	  1.4	  0.4	0.000	0.000	0.000
11	  M	  1.5	  0.1	0.000	0.000	0.000
12	  E	  1.6	  0.1	0.000	0.000	0.000
13	  K	  0.8	  0.1	0.000	0.000	0.000
14	  T	  0.9	  0.2	0.232	0.000	0.000
15	  E	  0.9	  0.1	0.232	0.000	0.000
16	  K	  0.8	  0.1	0.232	0.000	0.000
17	  K	  4.4	  0.1	0.232	0.000	0.000
18	  I	  6.6	  0.0	0.232	0.000	0.000
19	  E	  6.8	  0.0	0.232	0.000	0.000
20	  L	  4.7	  0.1	0.232	0.000	0.000
21	  S	  2.5	  0.1	0.649	0.000	0.000
22	  L	  2.2	  0.2	0.649	0.000	0.000
23	  K	  0.7	  0.2	0.649	0.000	0.000
24	  N	  0.5	  0.2	0.520	0.000	0.000
25	  M	  0.5	  0.3	0.417	0.000	0.000
26	  K	  0.9	  0.1	0.417	0.000	0.000
27	  T	  1.7	  0.1	0.000	0.000	0.000
28	  A	  1.6	  0.1	0.000	0.000	0.000
29	  T	  1.2	  0.0	0.000	0.000	0.000
