res	aa	Beta	Turn	Helix	Aggregation	Conc-Stab_Aggregation
01	  G	  0.0	  0.1	0.000	0.000	0.000
02	  P	  0.0	  0.1	0.000	0.000	0.000
03	  M	  0.2	  0.1	0.000	0.000	0.000
04	  E	  0.2	  0.1	0.000	0.000	0.000
05	  D	  0.2	  0.3	0.000	0.000	0.000
06	  P	  0.0	  0.3	0.000	0.000	0.000
07	  L	  1.2	  0.4	0.000	0.000	0.000
08	  E	  1.4	  0.4	0.000	0.000	0.000
09	  I	  5.5	  0.0	0.000	0.000	0.000
10	  I	  8.6	  0.0	0.000	0.000	0.000
11	  R	  8.4	  0.0	0.000	0.000	0.000
12	  I	  4.4	  0.0	0.000	0.000	0.000
