res	aa	Beta	Turn	Helix	Aggregation	Conc-Stab_Aggregation
01	  A	  0.4	  0.0	0.000	0.000	0.000
02	  Y	  0.6	  0.0	0.000	0.000	0.000
03	  D	  0.6	  0.0	0.000	0.000	0.000
04	  P	  0.2	  0.0	0.000	0.000	0.000
05	  D	  0.0	  0.5	2.205	0.000	0.000
06	  P	  0.0	  0.5	2.205	0.000	0.000
07	  Y	  0.9	  0.6	2.205	0.000	0.000
08	  K	  1.1	  0.6	2.205	0.000	0.000
09	  R	  2.1	  0.1	2.205	0.000	0.000
10	  Y	  4.8	  0.1	2.205	0.000	0.000
11	  S	  4.9	  0.1	1.373	0.000	0.000
12	  A	  4.0	  0.2	0.920	0.000	0.000
13	  E	  1.0	  0.2	0.781	0.000	0.000
14	  H	  3.4	  0.2	0.610	0.000	0.000
15	  T	  9.7	  0.1	0.000	0.000	0.000
16	  F	 10.1	  0.0	0.000	0.000	0.000
17	  F	  8.0	  0.0	0.000	0.000	0.000
18	  L	  1.7	  0.0	0.000	0.000	0.000
19	  L	  0.7	  0.0	0.000	0.000	0.000
