res	aa	Beta	Turn	Helix	Aggregation	Conc-Stab_Aggregation
01	  V	  0.6	  0.0	0.000	0.000	0.000
02	  I	  0.6	  0.0	0.000	0.000	0.000
03	  P	  0.6	  0.0	0.000	0.382	0.382
04	  F	  2.5	  0.0	0.000	18.099	18.099
05	  V	  4.7	  0.0	0.000	18.630	18.630
06	  A	  5.2	  0.0	0.000	18.630	18.630
07	  S	  3.3	  0.0	0.583	18.630	18.630
08	  V	  2.2	  0.0	0.583	18.630	18.630
09	  A	  1.7	  0.0	0.583	7.800	7.800
10	  A	  1.3	  0.0	0.583	3.584	3.584
11	  E	  0.2	  0.0	0.583	0.000	0.000
12	  M	  0.3	  0.0	0.583	0.000	0.000
13	  M	  0.8	  0.0	0.349	0.000	0.000
14	  Q	  1.3	  0.0	0.124	0.000	0.000
15	  H	  2.7	  0.0	0.000	0.000	0.000
16	  V	  5.9	  0.0	0.000	0.245	0.245
17	  Y	  8.0	  0.0	0.000	0.245	0.245
18	  C	  7.8	  0.0	0.288	0.245	0.245
19	  A	  4.2	  0.2	0.288	0.245	0.245
20	  A	  1.7	  0.2	0.288	0.245	0.245
21	  S	  0.7	  0.3	0.288	0.000	0.000
22	  R	  0.7	  0.3	0.288	0.000	0.000
23	  R	  0.5	  0.2	0.288	0.000	0.000
24	  C	  0.1	  0.1	0.000	0.000	0.000
