res	aa	Beta	Turn	Helix	Aggregation	Conc-Stab_Aggregation
01	  G	  0.0	  0.0	0.000	0.000	0.000
02	  I	  0.5	  0.1	0.000	0.000	0.000
03	  L	  0.7	  0.1	0.000	0.000	0.000
04	  D	  0.7	  0.3	0.799	0.000	0.000
05	  S	  0.8	  0.3	1.876	0.000	0.000
06	  L	  0.7	  0.4	1.876	0.000	0.000
07	  K	  0.7	  0.3	1.876	0.000	0.000
08	  N	  0.3	  0.2	2.001	0.000	0.000
09	  L	  0.1	  0.2	2.001	0.000	0.000
10	  A	  0.1	  0.3	1.927	0.000	0.000
11	  K	  0.1	  0.3	1.578	0.000	0.000
12	  N	  0.1	  0.3	2.182	0.000	0.000
13	  A	  0.1	  0.3	2.334	0.125	0.125
14	  A	  0.3	  0.0	2.769	0.478	0.478
15	  Q	  1.2	  0.0	2.769	0.478	0.478
16	  I	  4.0	  0.0	2.502	0.478	0.478
17	  L	  4.2	  0.0	2.502	0.478	0.478
18	  L	  3.4	  0.0	2.502	0.478	0.478
19	  N	  0.6	  0.1	2.944	0.000	0.000
20	  K	  0.2	  0.3	1.672	0.000	0.000
21	  A	  0.6	  0.3	0.675	0.000	0.000
22	  S	  1.9	  0.3	0.570	0.000	0.000
23	  C	  2.3	  0.3	0.442	0.000	0.000
24	  K	  2.3	  0.3	0.442	0.000	0.000
25	  L	  1.1	  0.5	0.104	0.000	0.000
26	  S	  0.6	  0.6	0.000	0.000	0.000
27	  G	  0.2	  0.5	0.000	0.000	0.000
28	  Q	  0.0	  0.4	0.000	0.000	0.000
29	  C	  0.0	  0.1	0.000	0.000	0.000
