res	aa	Beta	Turn	Helix	Aggregation	Conc-Stab_Aggregation
01	  G	  0.0	  0.0	0.000	0.000	0.000
02	  L	  0.6	  0.0	0.000	72.844	72.844
03	  F	  5.4	  0.0	0.000	76.478	76.478
04	  S	  6.2	  0.0	0.338	76.906	76.906
05	  V	  8.4	  0.0	0.338	80.314	80.314
06	  V	  4.2	  0.0	0.338	80.553	80.553
07	  T	  3.4	  0.0	0.858	60.019	60.019
08	  G	  0.7	  0.0	1.167	46.764	46.764
09	  V	  1.1	  0.0	1.167	45.567	45.567
10	  L	  1.4	  0.0	1.167	38.872	38.872
11	  K	  1.6	  0.0	1.167	0.000	0.000
12	  A	  0.7	  0.2	1.167	0.000	0.000
13	  V	  0.4	  0.5	0.943	0.000	0.000
14	  G	  0.2	  0.8	0.943	0.000	0.000
15	  K	  0.4	  0.8	0.103	0.000	0.000
16	  N	  0.7	  0.6	0.155	0.000	0.000
17	  V	  1.2	  0.5	0.155	0.519	0.519
18	  A	  0.9	  0.6	0.155	0.519	0.519
19	  G	  0.6	  0.7	0.881	0.519	0.519
20	  S	  0.2	  0.7	5.539	0.519	0.519
21	  L	  0.2	  0.5	5.930	0.519	0.519
22	  L	  0.3	  0.1	6.282	0.519	0.519
23	  E	  0.1	  0.1	6.446	0.000	0.000
24	  Q	  0.9	  0.1	6.446	0.000	0.000
25	  L	  2.9	  0.1	6.267	0.000	0.000
26	  K	  3.6	  0.0	5.974	0.000	0.000
27	  C	  3.3	  0.0	3.884	0.000	0.000
28	  K	  2.0	  0.0	2.197	0.000	0.000
29	  I	  2.4	  0.1	0.653	0.000	0.000
30	  S	  1.9	  0.2	0.653	0.000	0.000
31	  G	  1.2	  0.2	0.000	0.000	0.000
32	  G	  0.0	  0.2	0.000	0.000	0.000
33	  C	  0.0	  0.1	0.000	0.000	0.000
