res	aa	Beta	Turn	Helix	Aggregation	Conc-Stab_Aggregation
01	  G	  0.0	  0.0	0.000	0.000	0.000
02	  I	  0.5	  0.1	0.000	0.000	0.000
03	  L	  0.7	  0.1	0.000	0.000	0.000
04	  D	  0.7	  0.3	0.412	0.000	0.000
05	  S	  0.8	  0.3	0.532	0.000	0.000
06	  L	  0.7	  0.7	0.532	0.000	0.000
07	  K	  0.8	  0.7	0.532	0.000	0.000
08	  N	  0.4	  0.5	0.532	0.000	0.000
09	  F	  0.8	  0.5	0.532	0.000	0.000
10	  A	  0.7	  0.3	0.120	0.000	0.000
11	  K	  0.6	  0.3	0.120	0.000	0.000
12	  D	  0.1	  0.7	0.978	0.000	0.000
13	  A	  0.1	  0.9	1.125	0.906	0.906
14	  A	  0.1	  0.6	1.125	2.698	2.698
15	  G	  0.1	  0.6	1.638	2.698	2.698
16	  I	  3.0	  0.3	1.638	2.698	2.698
17	  L	  3.2	  0.1	1.638	2.698	2.698
18	  L	  3.2	  0.0	1.638	2.434	2.434
19	  K	  0.4	  0.1	1.638	0.000	0.000
20	  K	  0.3	  0.3	0.884	0.000	0.000
21	  A	  0.7	  0.3	0.000	0.000	0.000
22	  S	  1.9	  0.3	0.000	0.000	0.000
23	  C	  2.3	  0.3	0.000	0.000	0.000
24	  K	  2.3	  0.3	0.000	0.000	0.000
25	  L	  1.1	  0.5	0.000	0.000	0.000
26	  S	  0.6	  0.6	0.000	0.000	0.000
27	  G	  0.2	  0.5	0.000	0.000	0.000
28	  Q	  0.0	  0.4	0.000	0.000	0.000
29	  C	  0.0	  0.1	0.000	0.000	0.000
