res	aa	Beta	Turn	Helix	Aggregation	Conc-Stab_Aggregation
01	  I	  4.1	  0.0	0.000	0.000	0.000
02	  R	  5.1	  0.0	0.000	0.000	0.000
03	  C	  5.1	  0.7	0.000	0.000	0.000
04	  Q	  1.1	  1.2	0.000	0.000	0.000
05	  G	  0.1	  1.5	0.000	0.000	0.000
06	  S	  0.0	  1.6	0.000	0.000	0.000
07	  N	  0.2	  0.8	0.000	0.000	0.000
08	  Q	  1.8	  0.4	0.000	0.000	0.000
09	  C	  2.5	  0.4	0.000	0.000	0.000
10	  Y	  2.5	  0.5	0.000	0.000	0.000
11	  G	  0.9	  0.5	0.000	0.000	0.000
12	  H	  1.2	  0.5	0.000	0.000	0.000
13	  C	  1.4	  0.3	0.121	0.000	0.000
14	  R	  1.4	  0.1	0.121	0.000	0.000
15	  E	  0.7	  0.3	0.121	0.000	0.000
16	  K	  0.4	  0.4	0.121	0.000	0.000
17	  T	  0.4	  0.3	0.121	0.000	0.000
18	  G	  0.1	  0.3	0.121	0.000	0.000
19	  C	  0.1	  5.3	0.121	0.000	0.000
20	  P	  0.0	  7.0	0.000	0.000	0.000
21	  N	  0.0	  7.1	0.000	0.000	0.000
22	  G	  0.0	  7.2	0.000	0.000	0.000
23	  K	  1.3	  2.0	0.000	0.000	0.000
24	  C	  3.0	  0.1	0.000	0.000	0.000
25	  I	  3.0	  0.0	0.000	0.000	0.000
26	  D	  1.7	  0.0	0.000	0.000	0.000
