res	aa	Beta	Turn	Helix	Aggregation	Conc-Stab_Aggregation
01	  F	  0.2	  0.0	0.000	0.000	0.000
02	  V	  0.2	  0.0	0.000	0.000	0.000
03	  P	  0.2	  0.0	0.000	0.000	0.000
04	  L	  0.9	  0.0	0.000	0.000	0.000
05	  L	  1.6	  0.0	0.000	0.000	0.000
06	  V	  2.4	  0.0	0.000	0.000	0.000
07	  S	  1.7	  0.1	0.000	0.000	0.000
08	  K	  1.5	  0.1	0.000	0.000	0.000
09	  L	  1.9	  0.1	0.000	32.375	32.375
10	  V	  3.8	  0.1	0.000	33.490	33.490
11	  C	  5.4	  0.0	0.124	33.490	33.490
12	  V	  6.9	  0.0	0.124	33.490	33.490
13	  V	  6.5	  0.0	0.124	33.490	33.490
14	  T	  5.4	  0.1	0.124	7.553	7.553
15	  K	  2.7	  0.1	0.124	0.000	0.000
16	  K	  1.1	  0.1	0.124	0.000	0.000
17	  C	  0.1	  0.1	0.000	0.000	0.000
