res	aa	Beta	Turn	Helix	Aggregation	Conc-Stab_Aggregation
01	  G	  0.2	  0.0	0.218	0.000	0.000
02	  F	  0.4	  0.9	0.218	0.351	0.351
03	  A	  0.4	  1.0	0.218	0.351	0.351
04	  D	  0.5	  1.1	0.218	0.351	0.351
05	  L	  0.4	  1.3	0.218	0.351	0.351
06	  F	  0.5	  0.6	0.218	0.351	0.351
07	  G	  0.3	  0.6	0.218	0.351	0.351
08	  K	  2.2	  0.4	0.000	0.351	0.351
09	  V	  2.9	  0.4	0.000	2.079	2.079
10	  A	  2.9	  0.2	0.000	2.079	2.079
11	  N	  1.2	  0.2	0.000	2.079	2.079
12	  L	  0.8	  0.2	0.000	2.079	2.079
13	  I	  2.0	  0.0	0.000	2.079	2.079
14	  K	  1.7	  0.0	0.000	0.000	0.000
15	  S	  1.3	  0.0	0.000	0.000	0.000
