res	aa	Beta	Turn	Helix	Aggregation	Conc-Stab_Aggregation
01	  G	  0.0	  0.0	0.262	0.000	0.000
02	  I	  0.5	  0.1	0.262	0.000	0.000
03	  M	  0.7	  0.1	0.373	0.000	0.000
04	  D	  0.7	  0.1	1.252	0.000	0.000
05	  T	  3.3	  0.1	2.001	0.000	0.000
06	  L	  3.2	  0.3	2.001	0.000	0.000
07	  K	  3.3	  0.2	2.001	0.000	0.000
08	  N	  0.3	  0.2	1.875	0.000	0.000
09	  L	  0.1	  0.2	1.875	0.000	0.000
10	  A	  0.1	  0.1	1.694	0.000	0.000
11	  K	  0.5	  0.1	1.365	0.000	0.000
12	  T	  0.5	  0.8	0.000	0.000	0.000
13	  A	  0.5	  1.0	0.000	0.000	0.000
14	  G	  0.1	  1.5	0.435	0.000	0.000
15	  K	  0.0	  1.6	0.435	0.000	0.000
16	  G	  0.0	  0.9	0.631	0.000	0.000
17	  A	  0.2	  0.7	0.631	0.000	0.000
18	  L	  0.4	  0.2	0.631	0.000	0.000
19	  Q	  0.6	  0.1	0.631	0.000	0.000
20	  S	  0.7	  0.1	0.999	0.000	0.000
21	  L	  1.0	  0.1	0.834	0.000	0.000
22	  V	  8.2	  0.0	0.834	0.000	0.000
23	  K	  8.2	  0.0	0.834	0.000	0.000
24	  M	  7.9	  0.2	0.367	0.000	0.000
25	  A	  1.0	  0.3	0.367	0.000	0.000
26	  S	  1.8	  0.3	0.259	0.000	0.000
27	  C	  2.2	  0.3	0.115	0.000	0.000
28	  K	  2.2	  0.3	0.000	0.000	0.000
29	  L	  1.1	  0.5	0.000	0.000	0.000
30	  S	  0.6	  0.6	0.000	0.000	0.000
31	  G	  0.2	  0.5	0.000	0.000	0.000
32	  Q	  0.0	  0.4	0.000	0.000	0.000
33	  C	  0.0	  0.1	0.000	0.000	0.000
