res	aa	Beta	Turn	Helix	Aggregation	Conc-Stab_Aggregation
01	  G	  0.2	  0.0	0.223	0.000	0.000
02	  F	  0.4	  0.9	0.223	0.224	0.224
03	  A	  0.4	  1.0	0.223	0.224	0.224
04	  D	  0.5	  1.1	0.223	0.224	0.224
05	  L	  0.5	  1.3	0.223	1.977	1.977
06	  F	  0.5	  0.6	0.223	2.254	2.254
07	  G	  0.3	  0.6	0.223	2.254	2.254
08	  K	  0.4	  0.5	0.000	2.254	2.254
09	  A	  0.5	  0.3	0.000	2.254	2.254
10	  V	  2.4	  0.1	0.000	2.254	2.254
11	  D	  2.6	  0.1	0.000	2.030	2.030
12	  F	  3.6	  0.1	0.000	2.030	2.030
13	  I	  3.0	  0.1	0.000	1.891	1.891
14	  K	  2.7	  0.1	0.000	0.000	0.000
15	  S	  1.7	  0.1	0.000	0.000	0.000
16	  R	  0.3	  0.1	0.000	0.000	0.000
17	  V	  0.2	  0.0	0.000	0.000	0.000
