res	aa	Beta	Turn	Helix	Aggregation	Conc-Stab_Aggregation
01	  D	  0.0	  0.0	0.000	0.000	0.000
02	  G	  0.0	  0.0	0.000	0.000	0.000
03	  V	  1.0	  0.0	0.000	0.000	0.000
04	  C	  1.2	  0.5	0.000	0.000	0.000
05	  S	  1.1	  0.5	0.000	0.000	0.000
06	  N	  0.2	  0.6	0.000	0.000	0.000
07	  R	  0.5	  0.7	0.000	0.000	0.000
08	  R	  0.6	  0.2	0.000	0.000	0.000
09	  Q	  0.9	  0.2	0.000	0.000	0.000
10	  C	  1.0	  0.1	0.000	0.000	0.000
11	  N	  0.9	  0.1	0.000	0.000	0.000
12	  K	  1.1	  0.1	0.000	0.000	0.000
13	  E	  1.5	  0.1	0.000	0.000	0.000
14	  V	  1.7	  0.1	0.000	0.000	0.000
15	  C	  1.3	  0.4	0.000	0.000	0.000
16	  G	  0.5	  0.6	0.000	0.000	0.000
17	  S	  0.4	  0.6	0.000	0.000	0.000
18	  S	  7.6	  1.0	0.000	0.000	0.000
19	  Y	 10.7	  0.5	0.000	0.000	0.000
20	  D	 10.6	  0.4	0.109	0.000	0.000
21	  V	  6.6	  0.4	0.109	3.597	3.597
22	  A	  3.6	  0.0	0.109	3.597	3.597
23	  I	  6.3	  0.0	0.109	3.597	3.597
24	  V	  3.5	  0.0	0.109	3.597	3.597
25	  G	  2.9	  0.0	0.109	3.597	3.597
26	  A	  0.1	  0.0	0.000	0.000	0.000
