res	aa	Beta	Turn	Helix	Aggregation	Conc-Stab_Aggregation
01	  G	  0.0	  0.0	0.112	0.000	0.000
02	  F	  1.0	  0.1	0.112	7.824	7.824
03	  L	  2.6	  0.1	0.112	7.824	7.824
04	  S	  2.8	  0.1	1.215	7.824	7.824
05	  I	  2.6	  0.1	1.215	7.824	7.824
06	  L	  1.1	  0.0	1.215	7.824	7.824
07	  K	  1.0	  0.0	1.215	0.000	0.000
08	  K	  2.1	  0.0	1.215	0.000	0.000
09	  V	  2.4	  0.0	1.103	0.000	0.000
10	  L	  2.3	  0.1	1.103	0.000	0.000
11	  P	  0.4	  0.1	0.000	0.000	0.000
12	  K	  0.9	  0.1	0.000	0.000	0.000
13	  V	  2.2	  0.1	0.000	0.000	0.000
14	  M	  2.4	  0.0	0.000	0.000	0.000
15	  A	  1.7	  0.0	0.000	0.000	0.000
16	  H	  1.0	  0.0	0.000	0.000	0.000
17	  M	  0.8	  0.0	0.000	0.000	0.000
18	  K	  0.5	  0.0	0.000	0.000	0.000
