res	aa	Beta	Turn	Helix	Aggregation	Conc-Stab_Aggregation
01	  S	  1.4	  0.0	0.471	0.000	0.000
02	  C	  1.7	  0.1	0.471	0.000	0.000
03	  K	  2.0	  0.2	0.471	0.000	0.000
04	  R	  0.7	  0.2	0.471	0.000	0.000
05	  E	  0.8	  0.3	0.471	0.000	0.000
06	  C	  0.8	  0.8	0.471	0.000	0.000
07	  S	  1.1	  1.5	0.154	0.000	0.000
08	  G	  0.6	  1.5	0.000	0.000	0.000
09	  S	  1.0	  1.5	0.000	0.000	0.000
10	  K	  1.1	  0.9	0.000	0.000	0.000
11	  R	  1.3	  0.2	0.000	0.000	0.000
12	  Q	  0.6	  0.1	0.000	0.000	0.000
13	  K	  0.3	  0.0	0.000	0.000	0.000
