res	aa	Beta	Turn	Helix	Aggregation	Conc-Stab_Aggregation
01	  F	  0.1	  0.0	0.000	0.000	0.000
02	  L	  0.2	  0.1	0.000	0.000	0.000
03	  P	  0.2	  0.1	0.000	0.000	0.000
04	  L	  0.2	  0.1	0.000	2.617	2.617
05	  L	  0.2	  0.3	0.213	2.748	2.748
06	  A	  0.3	  0.2	0.213	2.748	2.748
07	  G	  0.1	  0.2	0.804	2.748	2.748
08	  L	  0.2	  0.2	0.804	2.879	2.879
09	  A	  0.2	  0.4	0.804	1.992	1.992
10	  A	  0.2	  0.4	0.804	1.108	1.108
11	  N	  3.0	  0.4	0.804	0.467	0.467
12	  F	  3.1	  0.4	0.591	0.467	0.467
13	  F	  3.0	  0.4	0.291	0.000	0.000
14	  P	  0.2	  0.4	0.000	0.000	0.000
15	  K	  0.4	  0.4	0.000	0.000	0.000
16	  I	  1.7	  0.4	0.000	0.000	0.000
17	  F	  2.7	  0.0	0.000	0.000	0.000
18	  C	  2.9	  0.0	0.185	0.000	0.000
19	  K	  6.7	  0.0	0.185	0.000	0.000
20	  I	  9.5	  0.0	0.185	0.000	0.000
21	  T	  9.9	  0.1	0.185	0.000	0.000
22	  R	  4.8	  0.1	0.185	0.000	0.000
23	  K	  1.1	  0.1	0.185	0.000	0.000
24	  C	  0.0	  0.1	0.000	0.000	0.000
