res	aa	Beta	Turn	Helix	Aggregation	Conc-Stab_Aggregation
01	  I	  2.0	  0.0	0.000	0.000	0.000
02	  I	  2.1	  0.2	0.000	0.000	0.000
03	  G	  2.1	  0.2	0.000	0.000	0.000
04	  H	  0.9	  0.2	0.000	0.000	0.000
05	  L	  1.2	  0.2	0.000	0.000	0.000
06	  I	  2.8	  0.0	0.000	0.000	0.000
07	  K	  2.2	  0.0	0.000	0.000	0.000
08	  T	  2.3	  0.2	0.000	3.163	3.163
09	  A	  0.9	  0.3	0.000	8.416	8.416
10	  L	  0.5	  0.3	0.000	8.618	8.618
11	  G	  0.1	  0.3	0.000	8.618	8.618
12	  F	  0.4	  0.3	0.000	8.618	8.618
13	  L	  0.4	  0.1	0.000	8.618	8.618
14	  G	  0.4	  0.1	0.000	1.746	1.746
15	  L	  0.1	  0.1	0.000	0.000	0.000
