res	aa	Beta	Turn	Helix	Aggregation	Conc-Stab_Aggregation
01	  I	  1.6	  0.0	0.000	0.000	0.000
02	  I	  2.2	  0.0	0.151	0.000	0.000
03	  E	  2.3	  0.0	0.151	0.000	0.000
04	  K	  1.2	  0.0	0.151	0.000	0.000
05	  L	  1.2	  0.1	0.151	5.744	5.744
06	  V	  2.4	  0.1	0.151	5.853	5.853
07	  N	  1.9	  0.0	0.275	5.853	5.853
08	  T	  1.7	  0.2	0.124	6.421	6.421
09	  A	  0.5	  0.2	0.124	7.352	7.352
10	  L	  0.6	  0.2	0.124	7.149	7.149
11	  G	  0.1	  0.2	0.124	5.979	5.979
12	  L	  0.5	  0.2	0.124	5.979	5.979
13	  L	  0.6	  0.3	0.000	5.363	5.363
14	  S	  0.6	  0.2	0.000	0.173	0.173
15	  G	  0.2	  0.2	0.000	0.000	0.000
16	  L	  0.0	  0.1	0.000	0.000	0.000
