res	aa	Beta	Turn	Helix	Aggregation	Conc-Stab_Aggregation
01	  I	  4.2	  0.0	0.000	0.000	0.000
02	  R	  5.7	  0.0	0.000	0.000	0.000
03	  C	  6.0	  0.3	0.000	0.000	0.000
04	  T	  2.1	  0.7	0.000	0.000	0.000
05	  G	  0.5	  0.7	0.000	0.000	0.000
06	  S	  0.6	  0.9	0.000	0.000	0.000
07	  K	  0.6	  0.6	0.000	0.000	0.000
08	  E	  1.1	  0.2	0.000	0.000	0.000
09	  C	  7.0	  0.2	0.000	0.000	0.000
10	  Y	  7.1	  0.0	0.000	0.000	0.000
11	  S	  6.7	  0.2	0.295	0.000	0.000
12	  P	  0.4	  0.2	0.295	0.000	0.000
13	  C	  3.5	  0.2	0.295	0.000	0.000
14	  Y	  4.6	  0.2	0.295	0.000	0.000
15	  K	  5.1	  0.3	0.295	0.000	0.000
16	  A	  1.6	  0.5	0.295	0.000	0.000
17	  T	  0.6	  0.5	0.135	0.000	0.000
18	  G	  0.1	  0.4	0.135	0.000	0.000
19	  C	  0.1	  2.1	0.135	0.000	0.000
20	  P	  0.0	  1.9	0.000	0.000	0.000
21	  N	  0.1	  2.2	0.000	0.000	0.000
22	  A	  0.1	  2.2	0.000	0.000	0.000
23	  K	  0.1	  0.3	0.000	0.000	0.000
24	  C	  0.1	  0.3	0.000	0.000	0.000
