res	aa	Beta	Turn	Helix	Aggregation	Conc-Stab_Aggregation
01	  A	  0.1	  0.0	0.000	0.000	0.000
02	  N	  2.0	  0.0	0.000	0.000	0.000
03	  I	  6.7	  0.0	0.000	0.000	0.000
04	  V	  9.4	  0.0	0.000	0.000	0.000
05	  F	 10.9	  0.0	0.000	0.000	0.000
06	  D	  8.4	  0.0	0.000	0.000	0.000
07	  V	  6.8	  0.1	0.000	0.000	0.000
08	  E	  3.6	  0.1	0.000	0.000	0.000
09	  S	  2.1	  0.2	0.000	0.000	0.000
10	  A	  0.9	  0.2	0.000	0.000	0.000
11	  T	  0.9	  0.2	0.000	0.000	0.000
12	  T	  0.2	  0.4	0.000	0.000	0.000
13	  G	  0.1	  0.3	0.000	0.000	0.000
14	  T	 29.9	  0.3	0.000	1.127	1.127
15	  Y	 30.5	  0.3	0.000	2.770	2.770
16	  S	 30.9	  0.1	0.000	2.770	2.770
17	  T	  3.7	  0.1	0.000	2.987	2.987
18	  F	  3.1	  0.1	0.000	2.987	2.987
19	  L	  3.1	  0.1	0.000	2.850	2.850
20	  T	  1.6	  0.1	0.000	0.752	0.752
21	  S	  1.3	  0.1	0.000	0.217	0.217
22	  F	  0.8	  0.1	0.000	0.000	0.000
