res	aa	Beta	Turn	Helix	Aggregation	Conc-Stab_Aggregation
01	  S	 10.9	  0.0	0.000	0.000	0.000
02	  C	 17.4	  0.1	0.000	0.000	0.000
03	  C	 18.4	  0.2	0.000	0.000	0.000
04	  N	  7.8	  0.5	0.000	0.000	0.000
05	  A	  1.1	  0.5	0.000	0.000	0.000
06	  G	  0.1	  0.4	0.000	0.000	0.000
07	  F	  2.3	  0.3	0.000	0.000	0.000
08	  C	  3.0	  0.1	0.000	0.000	0.000
09	  R	  3.2	  0.4	0.000	0.000	0.000
10	  F	  1.5	  2.3	0.000	0.000	0.000
11	  G	  0.9	  2.3	0.000	0.000	0.000
12	  C	  0.9	  2.2	0.000	0.000	0.000
13	  T	  0.4	  2.2	0.000	0.000	0.000
14	  P	  0.3	  0.2	0.000	0.000	0.000
15	  C	  5.9	  0.2	0.000	0.000	0.000
16	  C	  5.9	  0.2	0.000	0.000	0.000
17	  Y	  5.9	  0.0	0.000	0.000	0.000
