res	aa	Beta	Turn	Helix	Aggregation	Conc-Stab_Aggregation
01	  A	  0.1	  0.0	0.000	0.000	0.000
02	  L	  0.3	  0.0	0.000	0.000	0.000
03	  W	  0.6	  0.5	0.157	0.000	0.000
04	  K	  0.5	  0.5	0.157	0.000	0.000
05	  N	  0.4	  0.5	0.157	0.000	0.000
06	  M	  0.4	  0.5	0.157	0.000	0.000
07	  L	  0.4	  0.4	0.157	0.000	0.000
08	  K	  0.4	  0.5	0.157	0.000	0.000
09	  G	  0.1	  0.7	0.408	0.000	0.000
10	  I	  0.1	  1.0	0.251	0.000	0.000
11	  G	  0.1	  0.6	0.514	0.000	0.000
12	  K	  0.4	  0.6	0.514	0.000	0.000
13	  L	  0.4	  0.8	0.514	0.000	0.000
14	  A	  0.4	  0.6	0.514	0.000	0.000
15	  G	  0.1	  0.6	0.973	0.000	0.000
16	  K	  0.2	  0.6	0.846	0.000	0.000
17	  A	  0.3	  0.3	0.459	0.562	0.562
18	  A	  0.3	  0.2	0.459	1.226	1.226
19	  L	  0.2	  0.2	0.459	1.226	1.226
20	  G	  0.1	  0.2	0.459	1.226	1.226
21	  A	  0.5	  0.0	0.197	1.226	1.226
22	  V	  0.5	  0.0	0.000	1.226	1.226
23	  K	  0.5	  0.0	0.000	0.000	0.000
