res	aa	Beta	Turn	Helix	Aggregation	Conc-Stab_Aggregation
01	  G	  0.0	  0.0	0.273	0.000	0.000
02	  Y	  2.8	  0.0	0.273	0.000	0.000
03	  C	  3.1	  0.2	0.273	0.000	0.000
04	  A	  3.1	  0.3	0.273	0.000	0.000
05	  E	  0.4	  0.7	0.273	0.000	0.000
06	  K	  0.1	  0.7	0.273	0.000	0.000
07	  G	  0.1	  0.6	0.161	0.000	0.000
08	  I	  4.3	  0.4	0.000	0.000	0.000
09	  R	  6.9	  0.2	0.000	0.000	0.000
10	  C	  7.0	  0.5	0.000	0.000	0.000
11	  D	  3.0	  0.5	0.000	0.000	0.000
12	  D	  0.4	  0.4	0.000	0.000	0.000
13	  I	  2.2	  0.3	0.000	0.000	0.000
14	  H	  5.8	  0.0	0.000	0.000	0.000
15	  C	  8.1	  0.2	0.000	0.000	0.000
16	  C	  6.6	  0.3	0.000	0.000	0.000
17	  T	  2.9	  0.3	0.000	0.000	0.000
18	  G	  0.4	  0.3	0.000	0.000	0.000
19	  L	  2.1	  0.2	0.000	0.000	0.000
20	  K	  2.8	  0.1	0.000	0.000	0.000
21	  C	  3.4	  0.1	0.000	0.000	0.000
22	  K	  2.0	  0.1	0.000	0.000	0.000
23	  C	  2.3	  0.1	0.000	0.000	0.000
24	  N	  1.8	  4.5	0.000	0.000	0.000
25	  A	  1.2	  4.6	0.000	0.000	0.000
26	  S	  0.1	  4.6	0.000	0.000	0.000
27	  G	  0.2	  4.7	0.000	0.000	0.000
28	  Y	  7.4	  0.3	0.000	0.000	0.000
29	  N	  7.9	  0.1	0.320	0.000	0.000
30	  C	  8.6	  0.1	0.320	0.000	0.000
31	  V	  2.1	  0.0	0.320	0.000	0.000
32	  C	  2.7	  0.1	0.320	0.000	0.000
33	  R	  2.0	  0.1	0.320	0.000	0.000
34	  K	  1.5	  0.1	0.320	0.000	0.000
35	  K	  0.1	  0.1	0.000	0.000	0.000
