res	aa	Beta	Turn	Helix	Aggregation	Conc-Stab_Aggregation
01	  F	  0.8	  0.0	0.000	0.000	0.000
02	  L	  1.2	  0.0	0.000	0.000	0.000
03	  I	  5.6	  0.0	0.000	0.000	0.000
04	  S	  4.9	  0.0	0.000	0.000	0.000
05	  I	  4.5	  0.0	0.000	0.000	0.000
06	  P	  0.1	  0.0	0.000	0.000	0.000
07	  Y	  3.9	  0.0	0.000	0.000	0.000
08	  S	  6.9	  0.9	0.000	0.000	0.000
09	  A	  7.3	  0.9	0.000	0.000	0.000
10	  S	  3.9	  1.0	0.000	0.000	0.000
11	  I	  0.7	  1.8	0.000	0.000	0.000
12	  G	  0.3	  1.0	0.000	0.000	0.000
13	  G	  0.2	  1.0	0.000	0.000	0.000
14	  T	  1.3	  1.0	0.000	0.000	0.000
15	  A	  1.7	  0.2	0.000	0.000	0.000
16	  T	  4.4	  0.2	0.000	0.000	0.000
17	  L	  3.4	  0.3	0.000	0.000	0.000
18	  T	  3.0	  0.3	0.000	0.000	0.000
19	  G	  0.3	  0.3	0.000	0.000	0.000
20	  T	  0.2	  0.2	0.000	0.000	0.000
21	  A	  0.1	  0.1	0.000	0.000	0.000
