res	aa	Beta	Turn	Helix	Aggregation	Conc-Stab_Aggregation
01	  G	  0.1	  0.0	0.000	0.000	0.000
02	  C	 15.6	  0.0	0.000	0.000	0.000
03	  C	 15.7	  0.0	0.000	0.000	0.000
04	  H	 15.6	  0.6	0.000	0.000	0.000
05	  P	  0.2	  0.7	0.000	0.000	0.000
06	  S	  0.6	  0.7	0.000	0.000	0.000
07	  T	  4.0	  0.7	0.000	0.000	0.000
08	  C	  6.2	  0.1	0.000	0.000	0.000
09	  H	  7.1	  0.0	0.000	0.000	0.000
10	  V	  4.5	  0.1	0.000	0.000	0.000
11	  R	  2.2	  0.7	0.000	0.000	0.000
12	  K	  0.7	  1.0	0.000	0.000	0.000
13	  G	  0.1	  1.0	0.000	0.000	0.000
14	  C	  0.7	  1.1	0.000	0.000	0.000
15	  S	  1.0	  0.5	0.000	0.000	0.000
16	  R	  1.5	  0.2	0.000	0.000	0.000
17	  C	  9.7	  0.2	0.000	0.000	0.000
18	  C	  9.4	  0.1	0.000	0.000	0.000
19	  S	  8.9	  0.0	0.000	0.000	0.000
