res	aa	Beta	Turn	Helix	Aggregation	Conc-Stab_Aggregation
01	  A	  0.1	  0.0	0.000	0.000	0.000
02	  L	  0.3	  0.0	0.000	0.000	0.000
03	  W	  0.5	  0.2	0.135	0.000	0.000
04	  K	  0.6	  0.2	0.135	0.000	0.000
05	  T	  1.3	  0.2	0.135	0.000	0.000
06	  M	  1.4	  0.2	0.135	0.000	0.000
07	  L	  1.2	  0.0	0.135	0.000	0.000
08	  K	  0.4	  0.1	0.135	0.000	0.000
09	  K	  0.3	  0.1	0.135	0.000	0.000
10	  L	  0.2	  0.2	0.000	0.207	0.207
11	  G	  0.1	  0.1	0.435	0.207	0.207
12	  T	  3.9	  0.0	0.547	0.207	0.207
13	  V	  7.2	  0.0	0.547	0.207	0.207
14	  A	  7.4	  0.0	0.547	0.207	0.207
15	  L	  4.0	  0.0	0.547	0.207	0.207
16	  H	  0.7	  1.2	0.684	0.000	0.000
17	  A	  0.4	  1.3	0.488	0.000	0.000
18	  G	  0.2	  1.4	1.022	0.000	0.000
19	  K	  0.2	  1.3	0.799	0.000	0.000
20	  A	  0.3	  0.3	0.671	0.000	0.000
21	  A	  0.3	  0.2	0.671	0.000	0.000
22	  L	  0.2	  0.3	0.671	0.000	0.000
23	  G	  0.1	  0.3	0.535	0.000	0.000
24	  A	  0.1	  0.1	0.223	0.000	0.000
25	  A	  0.1	  0.3	0.000	0.000	0.000
26	  A	  0.1	  0.3	0.000	0.000	0.000
27	  D	  0.7	  0.3	0.000	0.000	0.000
28	  T	 13.9	  0.3	0.000	0.000	0.000
29	  I	 14.9	  0.1	0.000	0.000	0.000
30	  S	 14.3	  0.5	0.000	0.000	0.000
31	  Q	  1.2	  0.5	0.000	0.000	0.000
32	  G	  0.0	  0.5	0.000	0.000	0.000
33	  A	  0.0	  0.4	0.000	0.000	0.000
