res	aa	Beta	Turn	Helix	Aggregation	Conc-Stab_Aggregation
01	  T	  0.0	  1.2	0.000	0.000	0.000
02	  P	  0.0	  1.2	0.000	0.000	0.000
03	  D	  0.1	  1.3	0.000	0.000	0.000
04	  H	  0.3	  1.3	0.000	0.000	0.000
05	  R	  0.5	  0.2	0.000	0.000	0.000
06	  E	  0.6	  0.1	0.000	0.000	0.000
07	  V	  0.4	  0.5	0.000	0.000	0.000
08	  P	  0.2	  0.4	0.000	0.000	0.000
09	  S	 20.6	  0.6	0.000	0.000	0.000
10	  F	 21.8	  0.7	0.000	0.000	0.000
11	  S	 22.0	  0.2	0.000	0.000	0.000
12	  S	  1.9	  0.2	0.000	0.000	0.000
13	  R	  2.2	  0.1	0.000	0.000	0.000
14	  W	  2.3	  0.0	0.000	0.000	0.000
15	  E	  2.2	  0.5	0.000	0.000	0.000
16	  P	  0.4	  0.5	0.000	0.000	0.000
17	  N	  0.0	  0.5	0.000	0.125	0.125
18	  F	  0.1	  0.7	0.000	10.152	10.152
19	  G	  0.2	  0.2	0.000	10.336	10.336
20	  L	  3.2	  0.2	0.000	10.336	10.336
21	  T	 33.2	  0.2	0.000	10.336	10.336
22	  F	 34.6	  0.0	0.000	10.336	10.336
23	  S	 31.9	  0.0	0.000	2.583	2.583
24	  K	  2.4	  0.0	0.000	0.000	0.000
