res	aa	Beta	Turn	Helix	Aggregation	Conc-Stab_Aggregation
01	  D	  0.0	  0.0	0.000	0.000	0.000
02	  G	  0.0	  0.0	0.000	0.000	0.000
03	  C	  0.0	  0.0	0.000	0.000	0.000
04	  P	  0.0	  0.0	0.000	0.000	0.000
05	  P	  0.0	  0.0	0.000	0.000	0.000
06	  H	  0.0	  0.0	0.000	0.000	0.000
07	  P	  0.0	  0.0	0.000	0.000	0.000
08	  V	  0.0	  0.9	0.000	0.000	0.000
09	  P	  0.0	  0.9	0.000	0.000	0.000
10	  G	  0.1	  0.9	0.000	0.000	0.000
11	  M	  0.1	  0.9	0.000	0.000	0.000
12	  H	  0.1	  0.3	0.000	0.000	0.000
13	  P	  0.1	  0.3	0.000	0.000	0.000
14	  C	  1.4	  0.3	0.000	0.000	0.000
15	  M	  1.7	  0.3	0.000	0.000	0.000
16	  C	  2.6	  0.1	0.000	0.000	0.000
17	  T	  1.8	  0.1	0.000	0.000	0.000
18	  N	  2.1	  0.1	0.000	0.000	0.000
19	  T	  1.1	  0.1	0.000	0.000	0.000
20	  C	  0.5	  0.0	0.000	0.000	0.000
