res	aa	Beta	Turn	Helix	Aggregation	Conc-Stab_Aggregation
01	  D	  0.9	  2.0	0.000	0.000	0.000
02	  I	  1.9	  2.9	0.000	0.000	0.000
03	  N	  1.9	  3.1	0.000	0.000	0.000
04	  G	  1.0	  3.2	0.000	0.000	0.000
05	  G	  0.0	  1.6	0.000	0.000	0.000
06	  G	  0.0	  0.8	0.000	0.000	0.000
07	  A	  0.9	  0.6	0.000	0.000	0.000
08	  T	  1.1	  0.4	0.000	0.000	0.000
09	  L	  1.1	  0.3	0.000	0.000	0.000
10	  P	  0.2	  0.2	0.126	0.000	0.000
11	  Q	  0.2	  0.2	0.126	0.000	0.000
12	  A	  0.3	  0.2	0.126	0.000	0.000
13	  L	  0.6	  0.0	0.126	0.000	0.000
14	  Y	  0.9	  0.1	0.126	0.000	0.000
15	  Q	  0.8	  0.1	0.126	0.000	0.000
16	  T	  0.6	  0.4	0.000	0.000	0.000
17	  S	  0.2	  0.4	0.000	0.000	0.000
18	  G	  0.1	  0.3	0.000	0.000	0.000
19	  V	  0.0	  0.2	0.000	0.000	0.000
20	  L	  0.0	  0.0	0.000	0.000	0.000
