res	aa	Beta	Turn	Helix	Aggregation	Conc-Stab_Aggregation
01	  L	  0.0	  0.2	0.000	0.000	0.000
02	  P	  0.0	  0.2	0.000	0.000	0.000
03	  R	  0.6	  0.2	0.000	0.000	0.000
04	  H	  1.6	  0.2	0.000	0.000	0.000
05	  T	  2.8	  0.1	0.000	0.000	0.000
06	  L	  3.8	  0.0	0.000	0.147	0.147
07	  H	  3.8	  0.0	0.000	0.147	0.147
08	  C	  8.2	  0.0	0.000	0.147	0.147
09	  V	  8.2	  0.0	0.000	0.277	0.277
10	  A	  7.6	  0.0	0.000	0.277	0.277
11	  Y	  3.0	  1.6	0.000	0.277	0.277
12	  H	  1.4	  1.6	0.000	0.130	0.130
13	  G	  1.0	  1.6	0.000	0.130	0.130
14	  Y	  3.4	  1.6	0.000	0.130	0.130
15	  C	  5.7	  0.0	0.000	0.130	0.130
16	  F	  6.1	  0.0	0.000	0.130	0.130
17	  H	  3.1	  0.1	0.000	0.000	0.000
18	  S	  0.9	  0.1	0.000	0.000	0.000
19	  K	  0.3	  0.1	0.000	0.000	0.000
20	  V	  0.2	  0.1	0.000	0.000	0.000
