res	aa	Beta	Turn	Helix	Aggregation	Conc-Stab_Aggregation
01	  D	  0.0	  0.6	0.000	0.000	0.000
02	  Q	  0.0	  0.6	0.000	0.000	0.000
03	  G	  0.1	  0.6	0.000	0.000	0.000
04	  T	  0.7	  0.6	0.000	0.000	0.000
05	  A	  0.8	  0.1	0.000	0.000	0.000
06	  C	  1.0	  0.3	0.000	0.000	0.000
07	  T	  0.5	  0.4	0.000	0.000	0.000
08	  G	  0.4	  0.6	0.000	0.000	0.000
09	  E	  0.2	  0.6	0.000	0.000	0.000
10	  H	  0.4	  0.5	0.000	0.000	0.000
11	  A	  0.5	  0.3	0.000	0.000	0.000
12	  H	  0.7	  0.2	0.000	0.000	0.000
13	  S	  3.2	  0.2	0.000	0.000	0.000
14	  F	  5.4	  0.0	0.000	0.000	0.000
15	  C	  6.7	  0.6	0.000	0.000	0.000
16	  L	  4.0	  1.2	0.000	0.000	0.000
17	  N	  1.8	  1.4	0.117	0.000	0.000
18	  G	  0.1	  1.5	0.117	0.000	0.000
19	  G	  0.0	  0.9	0.117	0.000	0.000
20	  T	  4.2	  0.3	0.117	0.000	0.000
21	  C	  5.4	  0.2	0.117	0.000	0.000
22	  R	  7.6	  0.1	0.117	0.000	0.000
23	  H	  5.6	  0.1	0.117	0.000	0.000
24	  I	  4.8	  0.1	0.000	0.000	0.000
25	  Q	  2.8	  0.1	0.000	0.000	0.000
26	  Q	  0.7	  0.1	0.000	0.000	0.000
27	  L	  0.4	  0.1	0.000	0.000	0.000
28	  G	  0.1	  0.1	0.000	0.000	0.000
29	  E	  0.0	  0.0	0.000	0.000	0.000
