res	aa	Beta	Turn	Helix	Aggregation	Conc-Stab_Aggregation
01	  G	  0.0	  0.0	0.000	0.000	0.000
02	  V	  0.0	  0.0	0.000	0.000	0.000
03	  P	  0.0	  0.0	0.000	0.000	0.000
04	  C	  3.9	  0.1	0.000	0.000	0.000
05	  S	 11.1	  0.1	0.000	0.000	0.000
06	  C	 11.4	  0.6	0.000	0.000	0.000
07	  R	  7.7	  0.6	0.000	0.000	0.000
08	  G	  0.4	  1.0	0.000	0.000	0.000
09	  K	  0.1	  1.1	0.000	0.000	0.000
10	  S	  0.1	  1.1	0.000	0.000	0.000
11	  G	  0.2	  1.1	0.000	0.000	0.000
12	  T	  5.6	  0.6	0.000	0.000	0.000
13	  Y	  7.0	  0.5	0.000	0.000	0.000
14	  W	  9.0	  0.1	0.000	0.000	0.000
15	  S	  3.8	  0.9	0.000	0.000	0.000
16	  A	  2.2	  1.0	0.000	0.000	0.000
17	  G	  0.2	  1.0	0.000	0.000	0.000
18	  K	  0.1	  0.9	0.000	0.000	0.000
19	  C	  0.1	  3.1	0.000	0.000	0.000
20	  P	  0.1	  3.2	0.000	0.000	0.000
21	  G	  0.0	  3.3	0.000	0.000	0.000
22	  E	  0.4	  3.3	0.000	0.000	0.000
23	  H	  3.1	  0.2	0.000	0.000	0.000
24	  Y	  4.5	  0.1	0.000	0.000	0.000
25	  T	  7.4	  0.0	0.000	0.000	0.000
26	  T	 13.2	  0.0	0.000	0.000	0.000
27	  Y	 13.4	  0.1	0.000	0.000	0.000
28	  C	 10.4	  0.2	0.000	0.000	0.000
29	  N	  1.9	  0.2	0.000	0.000	0.000
30	  N	  0.5	  0.2	0.000	0.000	0.000
31	  L	  0.5	  0.1	0.000	0.000	0.000
32	  I	  0.5	  0.0	0.000	0.000	0.000
33	  G	  0.2	  0.0	0.000	0.000	0.000
