res	aa	Beta	Turn	Helix	Aggregation	Conc-Stab_Aggregation
01	  G	  0.0	  0.0	0.000	0.000	0.000
02	  F	  0.9	  0.0	0.000	0.000	0.000
03	  W	  1.1	  0.1	0.000	0.000	0.000
04	  K	  1.3	  0.1	0.000	0.000	0.000
05	  K	  0.8	  0.3	0.000	0.000	0.000
06	  V	  0.7	  0.7	0.000	0.000	0.000
07	  G	  0.6	  0.6	0.000	0.000	0.000
08	  S	  0.3	  0.6	0.149	0.000	0.000
09	  A	  0.3	  0.6	0.149	0.000	0.000
10	  A	  0.2	  0.3	0.149	0.000	0.000
11	  W	  0.2	  2.1	0.149	0.000	0.000
12	  G	  0.1	  2.1	0.296	0.000	0.000
13	  G	  0.1	  1.9	0.954	0.000	0.000
14	  V	  2.1	  1.8	0.992	0.000	0.000
15	  K	  2.3	  0.0	1.121	0.000	0.000
16	  A	  2.3	  0.0	1.121	0.000	0.000
17	  A	  0.2	  0.2	1.121	0.000	0.000
18	  A	  0.1	  0.6	1.121	0.000	0.000
19	  K	  0.1	  0.7	0.931	0.000	0.000
20	  G	  0.1	  0.7	0.128	0.000	0.000
21	  A	  0.2	  0.5	0.000	0.000	0.000
22	  A	  0.3	  0.1	0.000	0.000	0.000
23	  V	  0.3	  0.8	0.000	0.000	0.000
24	  G	  0.2	  0.8	0.110	0.000	0.000
25	  G	  0.1	  1.0	0.885	0.000	0.000
26	  L	  0.4	  1.0	0.885	0.000	0.000
27	  N	  0.4	  0.3	2.042	0.000	0.000
28	  A	  0.4	  0.3	2.042	0.000	0.000
29	  L	  0.1	  0.1	2.042	0.000	0.000
30	  A	  0.2	  0.2	2.042	0.000	0.000
31	  K	  0.7	  0.1	1.891	0.000	0.000
32	  H	  4.8	  0.1	1.280	0.000	0.000
33	  I	  4.7	  0.1	0.129	0.000	0.000
34	  Q	  4.1	  0.0	0.129	0.000	0.000
