res	aa	Beta	Turn	Helix	Aggregation	Conc-Stab_Aggregation
01	  G	  0.0	  0.0	0.000	0.000	0.000
02	  T	  2.2	  0.1	0.000	0.000	0.000
03	  T	  5.9	  0.1	0.000	0.000	0.000
04	  C	  6.5	  0.3	0.000	0.000	0.000
05	  K	  4.7	  0.2	0.000	0.000	0.000
06	  C	  1.1	  1.0	0.000	0.057	0.057
07	  G	  0.4	  1.1	0.000	0.137	0.137
08	  S	  0.3	  0.9	0.000	2.045	2.045
09	  T	  0.3	  0.9	0.156	17.685	17.685
10	  L	  0.4	  0.4	0.156	43.605	43.605
11	  G	  0.3	  0.3	0.156	48.081	48.081
12	  I	  1.0	  0.2	0.156	95.112	95.112
13	  Y	  1.8	  0.2	0.156	99.002	99.002
14	  W	  2.6	  0.0	0.156	99.184	99.184
15	  F	  2.9	  0.0	0.156	99.012	99.012
16	  A	  2.4	  0.0	0.000	96.483	96.483
17	  V	  4.2	  0.0	0.000	92.112	92.112
18	  T	  6.2	  0.0	0.000	36.762	36.762
19	  S	  5.8	  0.0	0.000	4.116	4.116
20	  C	  3.3	  0.0	0.000	0.017	0.017
21	  P	  0.0	  2.3	0.000	0.000	0.000
22	  P	  0.0	  2.6	0.000	0.000	0.000
23	  G	  0.0	  2.8	0.000	0.000	0.000
24	  R	  0.1	  2.8	0.000	0.000	0.000
25	  G	  0.3	  0.5	0.000	0.000	0.000
26	  Y	  1.8	  0.2	0.000	0.000	0.000
27	  T	  3.0	  0.1	0.000	0.000	0.000
28	  T	  4.8	  0.1	0.000	0.000	0.000
29	  H	  3.6	  0.2	0.000	0.000	0.000
30	  C	  2.3	  0.2	0.000	0.000	0.000
31	  G	  0.5	  0.2	0.000	0.000	0.000
32	  Y	  0.1	  0.1	0.000	0.000	0.000
33	  F	  0.0	  0.0	0.000	0.000	0.000
