res	aa	Beta	Turn	Helix	Aggregation	Conc-Stab_Aggregation
01	  N	  1.8	  0.0	0.000	0.000	0.000
02	  I	  2.7	  0.0	0.000	0.000	0.000
03	  V	 15.5	  0.0	0.000	0.000	0.000
04	  D	 13.7	  0.0	0.000	0.000	0.000
05	  V	 12.9	  0.0	0.000	0.000	0.000
06	  P	  0.1	  0.0	0.000	0.000	0.000
07	  C	  0.4	  0.5	0.000	0.000	0.000
08	  R	  0.4	  0.9	0.000	0.000	0.000
09	  D	  0.5	  0.9	0.000	0.000	0.000
10	  D	  1.0	  0.9	0.000	0.000	0.000
11	  Y	  2.6	  0.4	0.000	0.000	0.000
12	  Y	  3.2	  0.2	0.000	0.000	0.000
13	  R	  2.4	  0.3	0.000	0.000	0.000
14	  D	  0.7	 10.9	0.000	0.000	0.000
15	  S	  0.0	 11.1	0.000	0.000	0.000
16	  D	  0.0	 11.5	0.000	0.000	0.000
17	  G	  0.0	 11.4	0.000	0.000	0.000
18	  N	  0.5	  0.7	0.000	0.000	0.000
19	  C	  1.2	  0.6	0.000	0.000	0.000
20	  V	  4.6	  0.0	0.000	0.000	0.000
21	  C	 11.9	  0.0	0.000	0.000	0.000
22	  C	 11.4	  0.2	0.000	0.000	0.000
23	  K	  8.2	  0.2	0.000	0.000	0.000
24	  F	  0.6	  1.0	0.000	0.000	0.000
25	  G	  0.3	  1.0	0.000	0.000	0.000
26	  G	  0.1	  0.8	0.000	0.000	0.000
27	  A	  0.0	  0.8	0.000	0.000	0.000
