res	aa	Beta	Turn	Helix	Aggregation	Conc-Stab_Aggregation
01	  N	  2.5	  0.0	0.000	0.000	0.000
02	  I	  3.3	  0.0	0.000	0.000	0.000
03	  I	 13.5	  0.0	0.000	0.000	0.000
04	  D	 11.1	  0.0	0.000	0.000	0.000
05	  V	 10.4	  0.0	0.000	0.000	0.000
06	  P	  0.1	  0.0	0.000	0.000	0.000
07	  C	  0.2	  0.0	0.000	0.000	0.000
08	  R	  0.2	  0.1	0.000	0.000	0.000
09	  P	  0.2	  0.1	0.000	0.000	0.000
10	  C	  1.0	  0.1	0.000	0.000	0.000
11	  Y	  2.8	  0.1	0.000	0.000	0.000
12	  Y	  3.4	  0.2	0.000	0.000	0.000
13	  R	  2.5	  0.3	0.000	0.000	0.000
14	  D	  0.7	  5.2	0.000	0.000	0.000
15	  S	  0.1	  5.4	0.000	0.000	0.000
16	  S	  0.1	  6.6	0.000	0.000	0.000
17	  G	  0.1	  6.5	0.000	0.000	0.000
18	  N	  0.6	  1.5	0.000	0.000	0.000
19	  C	  1.3	  1.4	0.000	0.000	0.000
20	  V	  4.4	  0.0	0.000	0.000	0.000
21	  Y	  4.7	  0.1	0.000	0.000	0.000
22	  D	  4.0	  0.4	0.000	0.000	0.000
23	  Q	  1.0	  0.5	0.000	0.000	0.000
24	  L	  0.2	  1.1	0.000	0.000	0.000
25	  G	  0.2	  1.0	0.000	0.000	0.000
26	  C	  0.5	  0.7	0.000	0.000	0.000
27	  G	  0.4	  0.6	0.000	0.000	0.000
28	  A	  0.4	  0.0	0.000	0.000	0.000
