res	aa	Beta	Turn	Helix	Aggregation	Conc-Stab_Aggregation
01	  P	  0.0	  0.0	0.000	0.000	0.000
02	  N	  0.0	  0.2	0.000	0.000	0.000
03	  P	  0.0	  0.2	0.000	0.000	0.000
04	  K	  0.9	  0.2	0.000	1.419	1.419
05	  V	  2.9	  0.2	0.000	1.419	1.419
06	  F	  4.4	  0.1	0.000	1.419	1.419
07	  F	  4.6	  0.1	0.000	1.419	1.419
08	  D	  2.8	  0.1	0.000	1.419	1.419
09	  M	  5.7	  0.1	0.000	1.285	1.285
10	  T	  4.9	  0.0	0.000	1.123	1.123
11	  I	  4.8	  2.3	0.000	1.123	1.123
12	  G	  0.4	  2.3	0.000	0.000	0.000
13	  G	  0.1	  2.5	0.000	0.000	0.000
14	  Q	  0.1	  2.5	0.000	0.000	0.000
15	  S	  0.2	  0.9	0.000	0.000	0.000
16	  A	  0.2	  0.9	0.000	0.000	0.000
17	  G	  0.2	  0.8	0.000	0.000	0.000
18	  R	  4.8	  0.8	0.000	0.000	0.000
19	  I	 13.5	  0.1	0.000	0.000	0.000
20	  V	 14.8	  0.0	0.000	0.000	0.000
21	  M	 10.2	  0.1	0.000	0.000	0.000
22	  E	  1.5	  0.1	0.000	0.000	0.000
23	  E	  0.4	  0.1	0.000	0.000	0.000
24	  Y	  0.3	  0.1	0.000	0.000	0.000
25	  A	  0.3	  0.0	0.000	0.000	0.000
