res	aa	Beta	Turn	Helix	Aggregation	Conc-Stab_Aggregation
01	  G	  0.0	  0.0	0.000	0.000	0.000
02	  L	  0.7	  0.0	0.000	0.418	0.418
03	  V	  2.1	  0.0	0.000	0.418	0.418
04	  S	  2.2	  0.1	0.000	0.418	0.418
05	  S	  1.6	  0.3	0.423	0.418	0.418
06	  I	  0.4	  0.6	0.423	0.418	0.418
07	  G	  0.3	  0.6	0.575	0.000	0.000
08	  R	  0.3	  0.7	0.575	0.000	0.000
09	  A	  0.3	  0.4	0.575	0.353	0.353
10	  L	  0.2	  0.7	0.575	0.768	0.768
11	  G	  0.1	  0.7	0.691	0.768	0.768
12	  G	  0.0	  0.6	0.808	0.768	0.768
13	  L	  0.2	  0.6	0.450	0.768	0.768
14	  L	  0.2	  0.3	0.450	0.768	0.768
15	  A	  0.3	  0.2	0.450	0.353	0.353
16	  D	  1.2	  0.2	0.639	0.000	0.000
17	  V	  3.9	  0.2	0.524	0.000	0.000
18	  V	  6.7	  0.1	0.524	0.000	0.000
19	  K	  6.1	  0.1	0.524	0.000	0.000
20	  S	  3.8	  0.1	0.335	0.000	0.000
21	  K	  1.0	  0.1	0.189	0.000	0.000
22	  Q	  0.5	  0.0	0.000	0.000	0.000
23	  P	  0.0	  0.0	0.000	0.000	0.000
24	  A	  0.0	  0.0	0.000	0.000	0.000
