res	aa	Beta	Turn	Helix	Aggregation	Conc-Stab_Aggregation
01	  L	  2.2	  0.0	0.000	0.000	0.000
02	  K	  2.8	  0.0	0.000	0.000	0.000
03	  C	  3.3	  0.1	0.000	0.000	0.000
04	  N	  1.2	  0.1	0.000	0.000	0.000
05	  K	  1.4	  0.1	0.000	0.000	0.000
06	  L	  1.0	  0.1	0.000	0.000	0.000
07	  I	  1.0	  0.0	0.000	0.000	0.000
08	  P	  0.1	  0.0	0.000	0.000	0.000
09	  L	  0.3	  0.0	0.000	0.000	0.000
10	  A	  0.5	  0.0	0.000	0.000	0.000
11	  Y	  0.9	  0.1	0.000	0.000	0.000
12	  K	  1.8	  0.1	0.000	0.000	0.000
13	  T	  1.8	  0.1	0.000	0.000	0.000
14	  C	  1.5	  0.7	0.000	0.000	0.000
15	  P	  0.4	  1.3	0.000	0.000	0.000
16	  A	  0.0	  1.5	0.000	0.000	0.000
17	  G	  0.0	  1.8	0.000	0.000	0.000
18	  K	  0.1	  1.2	0.000	0.000	0.000
19	  N	  0.3	  0.5	0.109	0.000	0.000
20	  L	  1.2	  0.3	0.109	0.000	0.000
21	  C	  4.8	  0.0	0.109	0.000	0.000
22	  Y	  6.0	  0.0	0.109	0.000	0.000
23	  K	  5.3	  0.0	0.109	0.000	0.000
24	  M	  2.5	  0.0	0.109	7.807	7.807
25	  Y	  2.2	  0.0	0.109	7.807	7.807
26	  M	  3.1	  0.0	0.109	7.807	7.807
27	  V	  4.0	  0.0	0.000	7.807	7.807
28	  A	  2.9	  0.0	0.000	7.807	7.807
29	  T	  1.8	  0.0	0.000	0.000	0.000
30	  P	  0.0	  0.0	0.000	0.000	0.000
