res	aa	Beta	Turn	Helix	Aggregation	Conc-Stab_Aggregation
01	  A	  0.2	  0.0	0.000	0.000	0.000
02	  S	  0.2	  0.2	0.000	0.000	0.000
03	  A	  0.3	  0.6	0.000	0.000	0.000
04	  A	  0.1	  0.6	0.000	0.000	0.000
05	  G	  0.0	  0.6	0.000	0.000	0.000
06	  A	  0.5	  0.4	0.000	0.000	0.000
07	  V	  1.7	  0.1	0.000	0.000	0.000
08	  R	  1.7	  0.4	0.000	0.000	0.000
09	  A	  1.2	  1.6	0.000	0.000	0.000
10	  G	  0.1	  1.8	0.000	0.000	0.000
11	  D	  0.0	  1.9	1.257	0.000	0.000
12	  D	  0.0	  1.7	1.846	0.000	0.000
13	  E	  0.0	  0.4	1.846	0.000	0.000
14	  T	  0.8	  0.2	1.846	0.000	0.000
15	  L	  1.2	  0.1	1.846	0.000	0.000
16	  L	  1.3	  0.0	1.846	0.000	0.000
17	  K	  0.5	  0.0	1.471	0.000	0.000
18	  P	  0.1	  0.0	0.000	0.000	0.000
19	  V	  3.2	  0.0	0.000	0.301	0.301
20	  L	  3.6	  0.1	0.000	0.301	0.301
21	  N	  3.6	  0.2	0.000	0.301	0.301
22	  S	  2.7	  1.2	0.113	0.301	0.301
23	  L	  2.4	  1.3	0.113	0.301	0.301
24	  D	  2.3	  1.2	0.113	0.000	0.000
25	  N	  0.4	  1.1	0.113	0.000	0.000
26	  L	  1.0	  0.1	0.113	0.000	0.000
27	  V	  1.6	  0.1	0.113	0.000	0.000
28	  S	  1.3	  0.1	0.113	0.000	0.000
29	  G	  0.6	  0.1	0.000	0.000	0.000
30	  L	  0.0	  0.1	0.000	0.000	0.000
