res	aa	Beta	Turn	Helix	Aggregation	Conc-Stab_Aggregation
01	  V	  1.1	  0.0	0.000	0.000	0.000
02	  V	  1.1	  0.3	0.000	0.000	0.000
03	  G	  1.1	  1.0	0.000	0.000	0.000
04	  G	  0.1	  1.1	0.000	0.000	0.000
05	  D	  0.0	  1.2	0.200	0.000	0.000
06	  E	  0.9	  0.9	0.200	0.000	0.000
07	  C	  2.5	  0.2	0.200	0.000	0.000
08	  N	  4.1	  0.5	0.200	0.000	0.000
09	  I	  3.4	  0.4	0.200	0.000	0.000
10	  N	  1.9	  0.4	0.200	0.000	0.000
11	  E	  0.2	  0.4	0.000	0.000	0.000
12	  H	  0.0	  0.2	0.000	0.000	0.000
13	  P	  0.0	  0.2	0.000	0.000	0.000
14	  F	  1.3	  0.2	0.000	0.000	0.000
15	  L	  1.3	  0.2	0.000	0.000	0.000
16	  V	  1.3	  0.0	0.000	0.000	0.000
