res	aa	Beta	Turn	Helix	Aggregation	Conc-Stab_Aggregation
01	  A	  0.0	  0.4	0.000	0.000	0.000
02	  G	  0.0	  0.4	0.000	0.000	0.000
03	  G	  0.1	  0.6	0.000	0.000	0.000
04	  L	  0.1	  0.8	0.000	0.000	0.000
05	  D	  0.1	  0.5	0.000	0.000	0.000
06	  D	  0.1	  0.4	0.000	0.000	0.000
07	  L	  0.2	  0.2	0.000	0.000	0.000
08	  L	  0.3	  0.0	0.000	0.000	0.000
09	  E	  0.2	  0.0	0.000	0.000	0.000
10	  P	  0.1	  0.0	0.000	0.000	0.000
11	  V	  3.3	  0.0	0.000	0.000	0.000
12	  L	  3.7	  0.1	0.000	0.000	0.000
13	  N	  3.7	  0.1	0.000	0.000	0.000
14	  S	  0.8	  3.2	0.000	0.000	0.000
15	  A	  0.4	  3.3	0.000	0.000	0.000
16	  D	  0.4	  3.3	0.000	0.000	0.000
17	  N	  0.3	  3.2	0.000	0.000	0.000
18	  L	  1.3	  0.2	0.000	0.000	0.000
19	  V	  2.2	  0.5	0.000	0.000	0.000
20	  H	  1.9	  0.5	0.000	0.000	0.000
21	  G	  1.0	  0.5	0.000	0.000	0.000
22	  L	  0.1	  0.5	0.000	0.000	0.000
