res	aa	Beta	Turn	Helix	Aggregation	Conc-Stab_Aggregation
01	  A	  0.0	  1.2	0.000	0.000	0.000
02	  G	  0.0	  1.5	0.000	0.000	0.000
03	  D	  0.0	  1.6	0.937	0.000	0.000
04	  D	  0.0	  1.7	1.425	0.000	0.000
05	  E	  0.0	  0.5	1.425	0.000	0.000
06	  T	  0.8	  0.2	1.425	0.000	0.000
07	  L	  1.2	  0.1	1.425	0.000	0.000
08	  L	  1.3	  0.0	1.425	0.000	0.000
09	  K	  0.5	  0.0	1.146	0.000	0.000
10	  P	  0.1	  0.0	0.000	0.000	0.000
11	  V	  3.2	  0.0	0.000	0.296	0.296
12	  L	  3.6	  0.1	0.000	0.296	0.296
13	  N	  3.6	  0.2	0.000	0.296	0.296
14	  S	  2.7	  1.2	0.113	0.296	0.296
15	  L	  2.4	  1.3	0.113	0.296	0.296
16	  D	  2.3	  1.2	0.113	0.000	0.000
17	  N	  0.4	  1.1	0.113	0.000	0.000
18	  L	  1.0	  0.1	0.113	0.000	0.000
19	  V	  1.6	  0.1	0.113	0.000	0.000
20	  S	  1.3	  0.1	0.113	0.000	0.000
21	  G	  0.6	  0.1	0.000	0.000	0.000
22	  L	  0.0	  0.1	0.000	0.000	0.000
