res	aa	Beta	Turn	Helix	Aggregation	Conc-Stab_Aggregation
01	  V	  2.6	  0.0	0.000	0.000	0.000
02	  I	  3.9	  0.0	0.000	0.000	0.000
03	  C	  6.9	  0.0	0.000	0.000	0.000
04	  Y	  5.5	  0.2	0.000	0.000	0.000
05	  R	  4.3	  0.2	0.000	0.000	0.000
06	  G	  1.4	  0.3	0.000	0.000	0.000
07	  Y	  3.5	  0.3	0.000	0.000	0.000
08	  N	  3.5	  0.1	0.000	0.000	0.000
09	  Y	  4.4	  0.1	0.000	0.000	0.000
10	  A	  1.2	  0.0	0.000	0.000	0.000
11	  Q	  1.1	  0.0	0.000	0.000	0.000
12	  P	  0.0	  0.0	0.000	0.000	0.000
13	  C	  0.0	  0.0	0.000	0.000	0.000
14	  P	  0.0	  2.0	0.000	0.000	0.000
15	  P	  0.0	  2.1	0.000	0.000	0.000
16	  G	  0.0	  2.4	0.000	0.000	0.000
17	  E	  0.0	  2.4	0.000	0.000	0.000
18	  N	  0.8	  0.5	0.000	0.187	0.187
19	  V	  1.7	  0.3	0.000	0.187	0.187
20	  C	  2.6	  0.0	0.000	0.187	0.187
21	  F	  5.8	  0.0	0.000	0.187	0.187
22	  T	  6.1	  0.0	0.000	0.187	0.187
23	  K	  5.6	  0.0	0.000	0.000	0.000
24	  T	  8.0	  0.0	0.116	0.000	0.000
25	  W	  7.3	  0.0	0.116	0.000	0.000
26	  C	  7.5	  0.0	0.116	0.000	0.000
27	  D	  1.5	  0.3	0.588	0.000	0.000
28	  A	  0.8	  0.4	0.588	0.000	0.000
29	  R	  2.5	  0.4	0.588	0.000	0.000
30	  C	  8.7	  0.3	0.472	0.000	0.000
31	  Y	 11.7	  0.1	0.472	0.000	0.000
32	  Q	  9.5	  0.2	0.472	0.000	0.000
33	  L	  3.3	  0.2	0.297	0.000	0.000
34	  G	  0.1	  0.2	0.189	0.000	0.000
35	  K	  0.0	  0.1	0.000	0.000	0.000
