res	aa	Beta	Turn	Helix	Aggregation	Conc-Stab_Aggregation
01	  A	  0.2	  0.0	0.000	0.000	0.000
02	  S	  0.2	  0.2	0.000	0.000	0.000
03	  A	  0.3	  0.6	0.000	0.000	0.000
04	  A	  0.1	  0.6	0.000	0.000	0.000
05	  G	  0.0	  0.6	0.000	0.000	0.000
06	  A	  0.5	  0.4	0.000	0.000	0.000
07	  V	  0.9	  0.1	0.000	0.000	0.000
08	  R	  1.0	  0.7	0.000	0.000	0.000
09	  E	  0.5	  0.8	0.000	0.000	0.000
10	  D	  0.1	  2.8	0.124	0.000	0.000
11	  D	  0.0	  2.8	7.490	0.000	0.000
12	  D	  0.0	  2.3	9.656	0.000	0.000
13	  E	  0.0	  2.1	9.656	0.000	0.000
14	  T	  0.7	  0.2	9.656	0.000	0.000
15	  L	  1.3	  0.1	9.656	0.000	0.000
16	  L	  1.4	  0.0	9.656	0.000	0.000
17	  N	  0.7	  0.0	9.148	0.000	0.000
18	  P	  0.1	  0.0	0.113	0.000	0.000
19	  V	  2.9	  0.0	0.113	0.000	0.000
20	  L	  3.3	  0.1	0.113	0.000	0.000
21	  N	  3.4	  0.2	0.113	0.000	0.000
22	  S	  2.7	  1.2	0.226	0.000	0.000
23	  L	  2.4	  1.3	0.113	0.000	0.000
24	  D	  2.3	  1.2	0.113	0.000	0.000
25	  N	  0.4	  1.1	0.113	0.000	0.000
26	  L	  1.0	  0.1	0.113	0.000	0.000
27	  V	  1.6	  0.1	0.113	0.000	0.000
28	  S	  1.3	  0.1	0.113	0.000	0.000
29	  G	  0.6	  0.1	0.000	0.000	0.000
30	  L	  0.0	  0.1	0.000	0.000	0.000
