res	aa	Beta	Turn	Helix	Aggregation	Conc-Stab_Aggregation
01	  D	  0.3	  0.0	0.000	0.000	0.000
02	  L	  0.5	  0.0	0.000	0.637	0.637
03	  F	  6.1	  0.0	0.000	0.637	0.637
04	  Q	  6.1	  0.2	0.000	0.637	0.637
05	  F	  6.0	  1.3	0.000	0.637	0.637
06	  G	  0.3	  1.3	0.000	0.637	0.637
07	  K	  0.7	  1.3	0.000	0.000	0.000
08	  M	  0.7	  1.1	0.000	0.000	0.000
09	  I	  2.7	  0.0	0.000	0.000	0.000
10	  E	  2.4	  0.0	0.000	0.000	0.000
11	  C	  2.5	  0.7	0.000	0.000	0.000
12	  A	  0.5	  0.8	0.000	0.000	0.000
13	  N	  0.3	  2.1	0.000	0.000	0.000
14	  K	  0.0	  2.3	0.000	0.000	0.000
15	  G	  0.0	  1.6	0.000	0.000	0.000
16	  S	  0.1	  1.6	0.000	0.000	0.000
17	  R	  0.1	  0.7	0.000	0.000	0.000
18	  P	  0.0	  0.4	0.000	0.000	0.000
19	  S	  2.3	  1.4	0.099	0.000	0.000
20	  L	  3.4	  1.4	0.099	0.000	0.000
21	  D	  3.4	  1.0	0.270	0.000	0.000
22	  Y	  2.4	  1.0	0.270	0.000	0.000
23	  M	  3.2	  0.1	0.270	0.000	0.000
24	  N	  3.2	  0.5	0.625	0.000	0.000
25	  Y	  2.5	  2.0	0.625	0.000	0.000
26	  G	  0.5	  1.9	0.625	0.000	0.000
27	  C	  3.6	  1.9	0.354	0.000	0.000
28	  Y	  4.6	  2.1	0.354	0.000	0.000
29	  C	  4.8	  0.6	0.354	0.000	0.000
30	  G	  1.8	  0.6	0.354	0.000	0.000
31	  K	  0.2	  0.6	0.000	0.000	0.000
