res	aa	Beta	Turn	Helix	Aggregation	Conc-Stab_Aggregation
01	  I	  5.5	  0.0	0.000	0.000	0.000
02	  S	  8.1	  0.0	1.940	0.000	0.000
03	  C	  8.5	  0.3	1.940	0.000	0.000
04	  Q	  3.5	  0.3	1.940	0.000	0.000
05	  D	  2.0	  0.3	1.940	0.000	0.000
06	  V	  3.5	  0.4	1.940	0.000	0.000
07	  K	  3.2	  0.1	1.940	0.000	0.000
08	  Q	  2.2	  0.1	1.292	0.000	0.000
09	  S	  0.5	  0.1	0.773	0.000	0.000
10	  L	  0.5	  0.1	0.313	0.000	0.000
11	  A	  0.3	  0.2	0.190	0.000	0.000
12	  P	  0.0	  0.1	0.000	0.000	0.000
13	  C	  0.2	  0.1	0.000	0.000	0.000
14	  L	  0.2	  0.2	0.000	0.000	0.000
15	  P	  0.2	  0.1	0.000	0.000	0.000
16	  Y	  0.9	  0.1	0.000	0.000	0.000
17	  V	  1.5	  0.2	0.000	0.000	0.000
18	  T	  1.6	  0.2	0.000	0.000	0.000
19	  G	  0.9	  0.2	0.000	0.000	0.000
20	  R	  0.2	  0.2	0.000	0.000	0.000
21	  A	  0.2	  0.2	0.000	0.000	0.000
22	  P	  0.0	  0.0	0.000	0.000	0.000
23	  K	  0.0	  0.0	0.000	0.000	0.000
24	  P	  0.0	  0.0	0.000	0.000	0.000
25	  A	  0.0	  0.0	0.000	0.000	0.000
