res	aa	Beta	Turn	Helix	Aggregation	Conc-Stab_Aggregation
01	  C	  0.0	  0.2	0.000	0.000	0.000
02	  P	  0.0	  0.2	0.000	0.000	0.000
03	  A	  0.2	  0.2	0.000	0.000	0.000
04	  I	  0.6	  0.2	0.000	0.000	0.000
05	  Q	  0.9	  0.1	0.000	0.000	0.000
06	  R	  1.2	  0.1	0.000	0.000	0.000
07	  C	 14.9	  0.1	0.678	0.000	0.000
08	  C	 15.7	  0.1	1.322	0.000	0.000
09	  Q	 15.5	  0.1	1.322	0.000	0.000
10	  Q	  2.6	  0.1	1.322	0.000	0.000
11	  L	  1.1	  0.2	1.322	0.000	0.000
12	  R	  1.2	  0.1	1.322	0.000	0.000
13	  N	  1.8	  0.1	1.322	0.000	0.000
14	  I	  1.6	  0.1	0.547	0.000	0.000
15	  Q	  1.2	  0.0	0.547	0.000	0.000
16	  P	  0.0	  0.1	0.000	0.000	0.000
17	  P	  0.0	  0.1	0.000	0.000	0.000
18	  C	  1.7	  0.2	0.000	0.000	0.000
19	  R	  2.2	  0.2	0.000	0.000	0.000
20	  C	 16.2	  0.1	0.000	0.000	0.000
21	  C	 14.5	  0.1	0.000	0.000	0.000
22	  Q	 14.1	  0.0	0.000	0.000	0.000
