res	aa	Beta	Turn	Helix	Aggregation	Conc-Stab_Aggregation
01	  T	  2.4	  0.0	0.000	0.000	0.000
02	  I	  3.6	  0.0	0.000	0.000	0.000
03	  C	  6.6	  0.1	0.000	0.000	0.000
04	  Y	  4.9	  0.1	0.000	0.000	0.000
05	  N	  3.6	  0.2	0.520	0.000	0.000
06	  H	  1.2	  0.2	0.520	0.000	0.000
07	  L	  4.0	  0.0	0.520	0.000	0.000
08	  T	 10.4	  0.0	0.520	0.000	0.000
09	  I	 11.2	  0.0	0.520	0.000	0.000
10	  R	  7.9	  0.1	0.520	0.000	0.000
11	  S	  1.5	  0.1	0.244	0.000	0.000
12	  E	  4.9	  0.1	0.244	0.000	0.000
13	  V	  5.4	  0.0	0.244	0.000	0.000
14	  T	  5.5	  0.0	0.244	0.000	0.000
15	  E	  1.2	  0.0	0.244	0.000	0.000
16	  I	  2.1	  0.0	0.244	0.802	0.802
17	  C	  5.1	  0.0	0.244	0.802	0.802
18	  I	  6.5	  0.0	0.091	0.802	0.802
19	  I	  5.1	  0.0	0.091	0.802	0.802
20	  C	  2.1	  0.5	0.091	0.802	0.802
21	  D	  0.2	  1.8	0.000	0.000	0.000
22	  D	  0.2	  1.8	0.000	0.000	0.000
23	  D	  1.0	  1.7	0.000	0.000	0.000
24	  Y	  3.0	  1.3	0.000	0.000	0.000
25	  Y	  2.9	  0.0	0.000	0.000	0.000
26	  F	  2.0	  0.0	0.000	0.000	0.000
