res	aa	Beta	Turn	Helix	Aggregation	Conc-Stab_Aggregation
01	  N	  0.0	  0.0	0.000	0.000	0.000
02	  L	  0.2	  0.0	0.000	10.949	10.949
03	  L	  1.8	  0.0	0.000	11.553	11.553
04	  Q	  2.0	  0.1	0.000	11.773	11.773
05	  F	  2.0	  0.1	0.000	17.043	17.043
06	  G	  0.4	  0.1	0.467	17.043	17.043
07	  F	  1.1	  0.1	0.467	16.937	16.937
08	  M	  1.1	  0.0	0.467	15.549	15.549
09	  I	  5.1	  0.0	0.467	14.827	14.827
10	  R	  4.7	  0.0	0.467	0.000	0.000
11	  C	  4.8	  0.7	0.594	0.000	0.000
12	  A	  0.7	  0.7	0.594	0.000	0.000
13	  N	  0.3	  0.8	0.487	0.000	0.000
14	  K	  0.4	  0.8	0.331	0.000	0.000
15	  R	  1.2	  0.2	0.127	0.000	0.000
16	  R	  1.1	  0.1	0.127	0.000	0.000
17	  R	  0.9	  0.0	0.000	0.000	0.000
18	  P	  0.1	  0.0	0.000	0.000	0.000
19	  V	  0.3	  0.0	0.000	0.000	0.000
20	  W	  0.3	  0.1	0.000	0.000	0.000
21	  P	  0.3	  0.1	0.000	0.000	0.000
22	  Y	  0.7	  0.2	0.000	0.000	0.000
23	  E	  0.7	  0.5	0.000	0.000	0.000
24	  E	  0.7	  0.6	0.000	0.000	0.000
25	  S	  0.1	  0.6	0.000	0.000	0.000
26	  G	  0.1	  0.5	0.000	0.000	0.000
27	  C	  0.0	  0.3	0.000	0.000	0.000
