res	aa	Beta	Turn	Helix	Aggregation	Conc-Stab_Aggregation
01	  E	  0.2	  0.0	0.000	0.000	0.000
02	  S	  0.2	  0.0	0.000	0.000	0.000
03	  A	  0.2	  0.0	0.000	0.000	0.000
04	  P	  0.1	  0.0	0.000	0.000	0.000
05	  A	  0.0	  0.2	0.000	0.000	0.000
06	  P	  0.0	  0.2	0.000	0.000	0.000
07	  E	  2.9	  0.2	0.000	0.000	0.000
08	  V	  3.5	  0.3	0.000	0.000	0.000
09	  S	  3.5	  1.7	0.000	0.000	0.000
10	  G	  0.6	  1.7	0.000	0.000	0.000
11	  D	  0.1	  1.6	0.111	0.000	0.000
12	  A	  0.6	  1.5	0.111	4.389	4.389
13	  V	  5.0	  0.0	0.111	9.158	9.158
14	  F	  8.6	  0.0	0.111	9.158	9.158
15	  S	  8.3	  0.0	0.111	9.158	9.158
16	  A	  4.2	  0.0	0.111	9.158	9.158
17	  I	  0.5	  0.3	0.111	8.820	8.820
18	  Q	  0.2	  1.0	0.111	0.352	0.352
19	  N	  0.1	  1.1	0.231	0.000	0.000
20	  G	  0.0	  1.1	0.373	0.000	0.000
21	  A	  0.2	  0.8	0.373	0.000	0.000
22	  L	  0.4	  0.3	0.373	0.000	0.000
23	  K	  0.4	  0.2	0.373	0.000	0.000
24	  N	  0.2	  0.4	0.373	0.000	0.000
25	  L	  0.1	  1.0	0.142	1.073	1.073
26	  G	  0.0	  0.8	0.000	1.073	1.073
27	  N	  0.2	  0.8	0.000	1.073	1.073
28	  A	  0.5	  0.7	0.000	1.073	1.073
29	  F	  2.1	  0.0	0.000	1.073	1.073
30	  F	  2.0	  0.0	0.000	1.073	1.073
31	  W	  1.7	  0.0	0.000	0.000	0.000
