res	aa	Beta	Turn	Helix	Aggregation	Conc-Stab_Aggregation
01	  A	  0.2	  0.0	0.000	0.000	0.000
02	  C	  3.3	  0.0	0.000	0.000	0.000
03	  Y	  5.6	  0.0	0.000	0.000	0.000
04	  C	 10.2	  0.0	0.000	0.000	0.000
05	  R	  7.5	  0.0	0.000	0.000	0.000
06	  I	  5.3	  0.0	0.000	0.000	0.000
07	  P	  0.4	  0.0	0.000	0.000	0.000
08	  A	  0.2	  0.0	0.000	0.000	0.000
09	  C	  6.4	  0.0	0.000	0.000	0.000
10	  F	  6.8	  0.4	0.103	0.000	0.000
11	  A	  6.6	  0.5	0.103	0.000	0.000
12	  G	  0.4	  0.6	0.103	0.000	0.000
13	  E	  0.2	  0.6	0.103	0.000	0.000
14	  R	  1.0	  0.2	0.103	0.000	0.000
15	  R	  1.2	  0.1	0.103	0.000	0.000
16	  Y	  1.2	  0.3	0.103	0.000	0.000
17	  G	  0.4	  0.3	0.000	0.000	0.000
18	  T	  4.5	  0.3	0.000	1.680	1.680
19	  C	  5.4	  0.3	0.000	2.114	2.114
20	  F	  6.3	  0.0	0.000	3.133	3.133
21	  Y	  2.3	  0.1	0.110	3.212	3.212
22	  L	  1.3	  0.2	0.110	3.212	3.212
23	  G	  0.4	  0.2	0.333	1.793	1.793
24	  R	  2.1	  0.2	0.333	1.745	1.745
25	  V	  3.3	  0.0	0.333	76.148	76.148
26	  W	  3.8	  0.0	0.333	76.148	76.148
27	  A	  2.0	  0.0	0.333	76.148	76.148
28	  F	  8.2	  0.0	0.333	76.148	76.148
29	  C	  7.8	  0.0	0.000	76.148	76.148
30	  C	  7.6	  0.0	0.000	1.745	1.745
