res	aa	Beta	Turn	Helix	Aggregation	Conc-Stab_Aggregation
01	  Q	  1.8	  0.0	0.000	0.000	0.000
02	  Q	  2.0	  0.0	0.000	0.000	0.000
03	  W	  2.0	  0.2	0.000	0.000	0.000
04	  P	  0.2	  0.2	0.000	0.000	0.000
05	  R	  0.0	  0.2	0.000	0.000	0.000
06	  D	  0.0	  0.2	0.000	0.000	0.000
07	  P	  0.0	  0.0	0.000	0.000	0.000
08	  A	  0.0	  0.0	0.000	0.000	0.000
09	  P	  0.0	  0.0	0.000	0.000	0.000
10	  I	  0.0	  0.0	0.000	0.000	0.000
11	  P	  0.0	  0.0	0.000	0.000	0.000
12	  P	  0.0	  0.0	0.000	0.000	0.000
