res	aa	Beta	Turn	Helix	Aggregation	Conc-Stab_Aggregation
01	  V	 17.4	  0.0	0.000	0.000	0.000
02	  T	 21.8	  0.0	0.000	0.451	0.451
03	  V	 24.8	  0.0	0.000	0.451	0.451
04	  V	 10.6	  0.0	0.000	0.451	0.451
05	  Q	  7.1	  0.0	0.000	0.451	0.451
06	  Y	  5.7	  0.1	0.000	0.451	0.451
07	  R	  3.5	  0.1	0.000	0.000	0.000
08	  S	  2.5	  0.6	0.000	0.000	0.000
09	  T	  1.0	  0.6	0.000	0.000	0.000
10	  N	  0.7	  2.0	0.000	0.000	0.000
11	  A	  0.3	  2.4	0.000	0.000	0.000
12	  S	  0.2	  2.2	0.000	0.000	0.000
13	  S	  0.2	  2.2	0.000	0.000	0.000
14	  G	  0.1	  0.7	0.000	0.000	0.000
15	  Y	  1.1	  0.5	0.000	0.441	0.441
16	  L	  2.4	  0.2	0.000	0.441	0.441
17	  N	  3.0	  0.2	0.501	0.441	0.441
18	  L	  4.0	  0.2	0.501	0.950	0.950
19	  R	  5.1	  0.0	0.501	0.950	0.950
20	  V	  7.8	  0.0	0.501	0.950	0.950
21	  Y	  6.5	  0.0	0.501	0.950	0.950
22	  L	  4.3	  0.1	0.501	0.950	0.950
23	  L	  1.2	  0.2	0.501	0.950	0.950
24	  D	  0.5	  0.3	0.204	0.950	0.950
25	  T	  0.2	  0.3	0.000	0.607	0.607
26	  G	  0.1	  0.3	0.000	0.607	0.607
27	  L	  0.1	  0.1	0.000	0.607	0.607
28	  R	  0.0	  0.0	0.000	0.000	0.000
