res	aa	Beta	Turn	Helix	Aggregation	Conc-Stab_Aggregation
01	  S	  0.0	  0.0	0.000	0.000	0.000
02	  P	  0.0	  0.3	0.000	0.000	0.000
03	  P	  0.0	  0.3	0.000	0.000	0.000
04	  E	  0.0	  0.3	0.000	0.000	0.000
05	  A	  0.1	  0.5	0.000	0.000	0.000
06	  A	  0.2	  0.2	0.000	0.000	0.000
07	  Y	  0.2	  0.6	0.000	0.000	0.000
08	  G	  0.1	  1.6	0.000	0.000	0.000
09	  P	  0.0	  3.1	0.000	0.000	0.000
10	  G	  0.0	  3.1	0.000	0.000	0.000
11	  N	  0.2	  3.3	0.000	0.000	0.000
12	  T	  0.9	  2.3	0.000	0.000	0.000
13	  N	  0.9	  3.1	0.000	0.000	0.000
14	  S	  0.8	  4.9	0.000	0.000	0.000
15	  D	  0.1	  5.0	0.000	0.000	0.000
16	  S	  0.1	  6.6	0.000	0.000	0.000
17	  G	  0.0	  4.2	0.000	0.000	0.000
18	  D	  0.0	  2.4	0.000	0.000	0.000
19	  K	  0.0	  1.6	0.000	0.000	0.000
