res	aa	Beta	Turn	Helix	Aggregation	Conc-Stab_Aggregation
01	  G	  0.1	  0.1	0.685	0.000	0.000
02	  L	  0.4	  0.1	0.685	0.000	0.000
03	  N	  0.4	  0.1	0.939	0.000	0.000
04	  T	  3.3	  0.1	1.223	0.000	0.000
05	  L	  3.1	  0.1	1.223	0.000	0.000
06	  K	  3.2	  0.1	1.223	0.000	0.000
07	  K	  2.5	  0.0	0.727	0.000	0.000
08	  V	  4.4	  0.0	0.538	0.185	0.185
09	  I	  4.4	  0.1	0.538	0.185	0.185
10	  Q	  2.2	  0.1	0.538	0.185	0.185
11	  G	  0.2	  0.1	0.229	0.185	0.185
12	  L	  0.1	  0.1	0.000	0.185	0.185
13	  H	  1.1	  0.0	0.161	0.000	0.000
14	  E	  1.5	  0.0	0.161	0.796	0.796
15	  V	  4.0	  0.0	0.161	0.796	0.796
16	  I	  8.1	  0.0	0.161	0.796	0.796
17	  K	  8.2	  0.0	0.161	0.796	0.796
18	  L	  6.4	  0.1	0.161	0.796	0.796
19	  V	  1.8	  0.1	0.161	0.796	0.796
20	  N	  1.2	  0.1	0.161	0.000	0.000
21	  N	  0.6	  0.1	0.000	0.000	0.000
22	  H	  0.0	  0.1	0.000	0.000	0.000
23	  A	  0.0	  0.0	0.000	0.000	0.000
