res	aa	Beta	Turn	Helix	Aggregation	Conc-Stab_Aggregation
01	  K	  0.0	  0.3	0.000	0.000	0.000
02	  E	  0.0	  0.3	0.000	0.000	0.000
03	  G	  0.0	  0.3	0.000	0.000	0.000
04	  Y	  0.0	  0.6	0.000	0.000	0.000
05	  P	  0.0	  0.5	0.000	0.000	0.000
06	  K	  0.1	  0.5	0.000	0.000	0.000
07	  N	  0.1	  0.9	0.000	0.000	0.000
08	  S	  0.1	  1.9	0.000	0.000	0.000
09	  E	  0.1	  1.9	0.000	0.000	0.000
10	  G	  0.0	  1.9	0.000	0.000	0.000
11	  C	  0.6	  1.5	0.000	0.000	0.000
12	  K	  5.4	  0.3	0.000	0.000	0.000
13	  I	 14.8	  0.0	0.000	21.063	21.063
14	  T	 16.1	  0.0	0.000	21.063	21.063
15	  C	 11.8	  0.0	0.000	21.063	21.063
16	  L	  2.8	  0.0	0.000	21.063	21.063
17	  F	  1.5	  0.0	0.000	21.063	21.063
18	  N	  1.1	  0.0	0.000	0.820	0.820
19	  D	  0.7	  0.9	0.272	0.000	0.000
20	  P	  0.0	  0.8	0.272	0.000	0.000
21	  Y	  1.1	  0.8	0.272	0.000	0.000
22	  C	  1.2	  1.2	0.272	0.000	0.000
23	  K	  1.2	  0.4	0.272	0.000	0.000
24	  G	  0.1	  0.4	0.272	0.000	0.000
25	  L	  1.5	  0.4	0.131	0.142	0.142
26	  C	  5.2	  0.0	0.000	0.142	0.142
27	  I	  9.2	  0.0	0.000	0.142	0.142
28	  N	  8.0	  0.4	0.000	0.142	0.142
29	  L	  4.5	  0.4	0.000	0.142	0.142
30	  S	  0.8	  0.4	0.000	0.000	0.000
31	  T	  0.9	  0.5	0.000	0.000	0.000
32	  Q	  0.8	  0.4	0.000	0.000	0.000
33	  A	  0.5	  0.4	0.000	0.000	0.000
34	  D	  0.1	  0.4	0.000	0.000	0.000
35	  Y	  0.0	  0.3	0.000	0.000	0.000
