res	aa	Beta	Turn	Helix	Aggregation	Conc-Stab_Aggregation
01	  L	  0.2	  0.1	0.000	0.000	0.000
02	  D	  0.2	  0.1	0.000	0.000	0.000
03	  S	  4.2	  0.4	0.000	0.000	0.000
04	  L	  5.7	  0.4	0.000	0.120	0.120
05	  S	 24.1	  0.5	0.000	0.120	0.120
06	  F	 25.2	  0.4	0.000	0.120	0.120
07	  S	 29.8	  0.4	0.000	0.120	0.120
08	  Y	 12.9	  0.5	0.000	0.120	0.120
09	  N	  7.3	  0.4	0.000	0.000	0.000
10	  N	  2.7	  0.4	0.000	0.000	0.000
11	  F	  2.9	  0.1	0.000	0.000	0.000
12	  E	  2.8	  0.3	0.000	0.000	0.000
13	  E	  0.7	  0.3	0.000	0.000	0.000
14	  D	  0.1	  0.3	0.000	0.000	0.000
15	  D	  0.1	  0.2	0.000	0.000	0.000
