res	aa	Beta	Turn	Helix	Aggregation	Conc-Stab_Aggregation
01	  P	  0.0	  0.0	0.000	0.000	0.000
02	  V	  3.8	  0.0	0.000	0.000	0.000
03	  V	  4.6	  0.0	0.000	0.000	0.000
04	  D	  4.8	  0.2	0.000	0.000	0.000
05	  T	  1.1	  0.3	0.000	0.000	0.000
06	  T	  0.3	  2.4	0.000	0.000	0.000
07	  G	  0.1	  2.4	0.000	0.000	0.000
08	  N	  0.0	  2.2	0.000	0.000	0.000
09	  N	  0.0	  2.4	0.000	0.000	0.000
10	  P	  0.0	  0.3	0.000	0.000	0.000
11	  L	  0.1	  0.3	0.000	0.000	0.000
12	  Q	  0.4	  0.3	0.000	0.000	0.000
13	  Q	  0.7	  0.1	0.000	0.000	0.000
14	  Q	  0.7	  0.2	0.000	0.000	0.000
15	  E	  0.4	  0.1	0.000	0.000	0.000
16	  E	  0.6	  0.1	0.000	0.000	0.000
17	  Y	  3.0	  0.1	0.000	0.000	0.000
18	  Y	  2.9	  0.0	0.000	0.000	0.000
19	  V	  2.5	  0.0	0.000	0.000	0.000
