res	aa	Beta	Turn	Helix	Aggregation	Conc-Stab_Aggregation
01	  G	  0.0	  0.0	0.373	0.000	0.000
02	  L	  0.2	  0.2	0.373	0.000	0.000
03	  K	  0.2	  0.2	0.493	0.000	0.000
04	  D	  0.4	  0.2	1.058	0.000	0.000
05	  M	  0.7	  0.2	1.058	0.000	0.000
06	  I	  0.9	  0.1	1.058	0.000	0.000
07	  K	  0.7	  0.1	1.058	0.000	0.000
08	  N	  0.3	  0.1	2.690	0.000	0.000
09	  L	  0.1	  0.1	2.981	0.000	0.000
10	  A	  0.1	  0.1	3.740	0.000	0.000
11	  K	  0.2	  0.1	4.016	0.000	0.000
12	  E	  0.2	  0.1	3.500	0.000	0.000
13	  A	  0.3	  0.1	3.500	0.000	0.000
14	  A	  0.8	  0.0	3.355	0.000	0.000
15	  V	  7.6	  0.0	3.134	0.000	0.000
16	  K	  7.8	  0.0	3.134	0.000	0.000
17	  L	  7.2	  0.3	2.029	0.713	0.713
18	  A	  0.4	  0.3	1.737	0.713	0.713
19	  G	  0.0	  0.3	1.598	0.713	0.713
20	  A	  1.0	  0.3	0.305	0.713	0.713
21	  V	  6.7	  0.1	0.205	0.713	0.713
22	  I	  7.3	  0.0	0.205	0.592	0.592
23	  N	  6.4	  0.0	0.205	0.000	0.000
24	  R	  2.5	  0.0	0.205	0.000	0.000
25	  F	  2.2	  0.0	0.109	0.000	0.000
26	  S	  2.1	  0.0	0.000	0.000	0.000
27	  P	  0.4	  0.0	0.000	0.000	0.000
28	  Q	  0.0	  0.0	0.000	0.000	0.000
29	  P	  0.0	  0.0	0.000	0.000	0.000
30	  Q	  0.0	  0.0	0.000	0.000	0.000
