res	aa	Beta	Turn	Helix	Aggregation	Conc-Stab_Aggregation
01	  A	  0.1	  0.0	0.000	0.000	0.000
02	  A	  0.3	  0.0	0.000	0.899	0.899
03	  T	  1.5	  0.0	0.000	1.271	1.271
04	  K	  2.1	  0.1	0.000	2.970	2.970
05	  F	  4.0	  0.1	0.000	2.970	2.970
06	  D	  3.6	  0.1	2.515	2.970	2.970
07	  F	  4.0	  0.1	2.515	47.862	47.862
08	  F	  6.3	  0.0	2.675	50.823	50.823
09	  T	  5.8	  0.0	2.859	50.755	50.755
10	  L	  5.0	  0.0	2.859	50.755	50.755
11	  A	  0.9	  0.0	2.859	50.318	50.318
12	  L	  1.2	  0.0	2.653	43.611	43.611
13	  Q	  0.9	  0.0	2.374	1.662	1.662
14	  A	  0.7	  0.0	0.835	0.000	0.000
15	  P	  0.0	  0.0	0.000	0.000	0.000
16	  A	  0.1	  0.0	0.000	0.000	0.000
17	  A	  0.1	  0.0	0.000	0.000	0.000
18	  F	  0.1	  0.0	0.000	0.000	0.000
