res	aa	Beta	Turn	Helix	Aggregation	Conc-Stab_Aggregation
01	  C	  0.0	  0.8	0.000	0.000	0.000
02	  P	  0.0	  0.8	0.000	0.000	0.000
03	  C	  0.1	  1.0	0.000	0.000	0.000
04	  G	  0.2	  1.0	0.000	0.000	0.000
05	  R	  0.5	  0.2	0.000	0.000	0.000
06	  R	  0.4	  0.3	0.000	0.000	0.000
07	  R	  0.9	  0.1	0.000	0.000	0.000
08	  C	 10.0	  0.1	0.000	0.000	0.000
09	  C	 11.4	  0.0	0.000	0.000	0.000
10	  V	 11.6	  0.0	0.000	0.000	0.000
11	  R	  2.3	  0.1	0.000	0.000	0.000
12	  G	  0.7	  0.1	0.000	0.000	0.000
13	  L	  2.5	  0.1	0.000	0.914	0.914
14	  N	  5.6	  0.1	0.000	0.914	0.914
15	  V	  8.9	  0.1	0.000	0.914	0.914
16	  Y	 23.1	  0.0	0.000	0.914	0.914
17	  C	 24.4	  0.0	0.000	0.914	0.914
18	  C	 21.4	  0.0	0.000	0.419	0.419
19	  F	  4.9	  0.0	0.000	0.000	0.000
