res	aa	Beta	Turn	Helix	Aggregation	Conc-Stab_Aggregation
01	  W	  0.7	  0.2	0.000	0.000	0.000
02	  E	  0.7	  0.3	0.000	0.000	0.000
03	  S	  0.8	  0.3	0.000	0.000	0.000
04	  N	  0.9	  0.8	0.198	0.000	0.000
05	  Y	  1.8	  0.6	0.198	0.000	0.000
06	  N	  2.3	  0.5	0.198	0.000	0.000
07	  T	  1.7	  0.5	0.406	0.000	0.000
08	  R	  1.0	  0.2	0.406	0.000	0.000
09	  A	  0.5	  0.2	0.406	0.000	0.000
10	  T	  0.8	  0.2	0.208	0.000	0.000
11	  N	  1.5	  0.8	0.208	0.000	0.000
12	  Y	  2.2	  0.7	0.208	0.000	0.000
13	  N	  1.6	  1.0	0.000	0.000	0.000
14	  H	  0.8	  2.2	0.000	0.000	0.000
15	  G	  0.0	  1.7	0.000	0.000	0.000
16	  D	  0.0	  2.8	0.344	0.000	0.000
17	  K	  0.6	  2.5	0.344	0.000	0.000
18	  S	  1.1	  1.9	0.344	0.000	0.000
19	  T	  1.5	  2.0	0.344	0.000	0.000
20	  D	  0.9	  0.8	0.344	0.000	0.000
21	  Y	  0.7	  0.9	0.344	0.666	0.666
22	  G	  0.4	  0.3	0.153	0.841	0.841
23	  I	  1.6	  0.2	0.000	1.023	1.023
24	  F	  5.1	  0.2	0.000	1.023	1.023
25	  Q	  6.2	  0.0	0.000	1.023	1.023
26	  I	  6.1	  0.0	0.000	1.023	1.023
27	  N	  2.8	  0.0	0.000	0.182	0.182
28	  S	  3.6	  0.0	0.000	0.000	0.000
29	  C	  2.6	  0.0	0.000	0.000	0.000
30	  W	  2.1	  0.0	0.000	0.000	0.000
