res	aa	Beta	Turn	Helix	Aggregation	Conc-Stab_Aggregation
01	  N	  0.0	  0.4	0.118	0.000	0.000
02	  P	  0.0	  0.4	0.118	0.000	0.000
03	  C	  6.0	  0.6	0.118	0.000	0.000
04	  C	  6.6	  0.6	0.118	0.000	0.000
05	  D	  6.6	  0.2	1.519	0.000	0.000
06	  A	  0.9	  0.3	1.519	0.000	0.000
07	  A	  0.3	  0.2	1.519	0.000	0.000
08	  T	  4.0	  0.2	1.400	0.000	0.000
09	  C	  4.5	  0.3	1.400	0.000	0.000
10	  K	  4.8	  0.2	1.400	0.000	0.000
11	  L	  1.3	  0.4	0.526	0.000	0.000
12	  D	  0.8	  0.7	0.296	0.000	0.000
13	  T	  0.2	  0.7	0.000	0.000	0.000
14	  G	  0.0	  0.8	0.000	0.000	0.000
15	  A	  0.1	  0.7	0.000	0.000	0.000
16	  Q	  0.2	  0.3	0.000	0.000	0.000
17	  C	  0.4	  2.4	0.000	0.000	0.000
18	  A	  0.4	  2.3	0.000	0.000	0.000
19	  D	  0.2	  2.3	0.000	0.000	0.000
20	  G	  0.0	  2.3	0.000	0.000	0.000
21	  L	  4.8	  0.2	0.000	0.000	0.000
22	  C	 10.4	  0.2	0.000	0.000	0.000
23	  C	 11.1	  0.3	0.000	0.000	0.000
24	  D	  6.5	  0.3	0.000	0.000	0.000
25	  Q	  1.6	  0.3	0.000	0.000	0.000
26	  C	  0.8	  0.2	0.000	0.000	0.000
27	  K	  0.7	  0.1	0.000	0.000	0.000
