res	aa	Beta	Turn	Helix	Aggregation	Conc-Stab_Aggregation
01	  N	  0.0	  0.4	0.119	0.000	0.000
02	  P	  0.0	  0.4	0.119	0.000	0.000
03	  C	  6.0	  0.6	0.119	0.000	0.000
04	  C	  6.7	  0.6	0.119	0.000	0.000
05	  D	  6.7	  0.2	0.904	0.000	0.000
06	  A	  0.9	  0.3	0.904	0.000	0.000
07	  A	  0.3	  0.2	0.904	0.000	0.000
08	  T	  2.6	  0.2	0.785	0.000	0.000
09	  C	  4.6	  0.2	0.785	0.000	0.000
10	  N	  8.3	  0.0	0.785	0.000	0.000
11	  V	  9.1	  0.0	0.238	0.000	0.000
12	  F	  7.3	  0.6	0.238	0.000	0.000
13	  E	  3.4	  1.0	0.000	0.000	0.000
14	  G	  0.3	  1.2	0.000	0.000	0.000
15	  S	  0.6	  1.2	0.000	0.000	0.000
16	  Q	  0.7	  0.6	0.000	0.000	0.000
17	  C	  0.7	  1.2	0.000	0.000	0.000
18	  P	  0.1	  1.3	0.000	0.000	0.000
19	  K	  0.0	  1.3	0.000	0.000	0.000
20	  G	  0.0	  1.3	0.000	0.000	0.000
21	  L	  4.9	  0.3	0.000	0.000	0.000
22	  C	 10.6	  0.1	0.000	0.000	0.000
23	  C	 11.3	  0.3	0.000	0.000	0.000
24	  D	  6.6	  0.3	0.000	0.000	0.000
25	  Q	  0.9	  0.3	0.000	0.000	0.000
26	  C	  0.1	  0.1	0.000	0.000	0.000
