res	aa	Beta	Turn	Helix	Aggregation	Conc-Stab_Aggregation
01	  N	  0.0	  0.4	0.118	0.000	0.000
02	  P	  0.0	  0.4	0.118	0.000	0.000
03	  C	  5.9	  0.6	0.118	0.000	0.000
04	  C	  6.6	  0.6	0.118	0.000	0.000
05	  D	  6.6	  0.2	1.635	0.000	0.000
06	  A	  0.9	  0.3	1.635	0.000	0.000
07	  A	  0.3	  0.2	1.635	0.000	0.000
08	  T	  3.9	  0.2	1.517	0.000	0.000
09	  C	  4.3	  0.2	1.517	0.000	0.000
10	  K	  7.1	  0.1	1.517	0.000	0.000
11	  L	  3.6	  0.1	0.505	0.000	0.000
12	  T	  3.1	  1.6	0.198	0.000	0.000
13	  P	  0.1	  1.7	0.000	0.000	0.000
14	  G	  0.0	  1.8	0.000	0.000	0.000
15	  A	  0.1	  1.9	0.000	0.000	0.000
16	  Q	  0.6	  0.3	0.000	0.000	0.000
17	  C	  0.9	  0.6	0.000	0.000	0.000
18	  S	  0.8	  0.7	0.000	0.000	0.000
19	  E	  0.3	  0.7	0.000	0.000	0.000
20	  G	  0.0	  0.7	0.000	0.000	0.000
21	  L	  4.9	  0.4	0.000	0.000	0.000
22	  C	 10.7	  0.2	0.000	0.000	0.000
23	  C	 11.4	  0.3	0.000	0.000	0.000
24	  D	  6.6	  0.3	0.000	0.000	0.000
25	  Q	  0.9	  0.3	0.000	0.000	0.000
26	  C	  0.1	  0.1	0.000	0.000	0.000
