res	aa	Beta	Turn	Helix	Aggregation	Conc-Stab_Aggregation
01	  N	  0.0	  0.4	0.117	0.000	0.000
02	  P	  0.0	  0.4	0.117	0.000	0.000
03	  C	  5.9	  0.6	0.117	0.000	0.000
04	  C	  6.6	  0.6	0.117	0.000	0.000
05	  D	  6.6	  0.2	2.614	0.000	0.000
06	  A	  0.9	  0.3	2.614	0.000	0.000
07	  A	  0.3	  0.2	2.614	0.000	0.000
08	  T	  4.0	  0.2	2.497	0.000	0.000
09	  C	  4.4	  0.2	2.497	0.000	0.000
10	  K	  4.4	  0.1	2.497	0.000	0.000
11	  L	  0.9	  0.1	1.459	0.000	0.000
12	  F	  0.4	  0.6	1.144	0.000	0.000
13	  G	  0.2	  0.8	0.133	0.000	0.000
14	  G	  0.1	  0.9	0.000	0.000	0.000
15	  S	  0.7	  0.9	0.000	0.000	0.000
16	  Q	  0.7	  0.4	0.000	0.000	0.000
17	  C	  0.7	  0.5	0.000	0.000	0.000
18	  P	  0.1	  0.4	0.000	0.000	0.000
19	  K	  0.1	  0.4	0.000	0.000	0.000
20	  R	  0.2	  0.4	0.000	0.000	0.000
21	  L	  5.1	  0.1	0.000	0.000	0.000
22	  C	 10.7	  0.2	0.000	0.000	0.000
23	  C	 11.4	  0.3	0.000	0.000	0.000
24	  D	  6.6	  0.3	0.000	0.000	0.000
25	  Q	  0.9	  0.3	0.000	0.000	0.000
26	  C	  0.1	  0.1	0.000	0.000	0.000
