res	aa	Beta	Turn	Helix	Aggregation	Conc-Stab_Aggregation
01	  N	  0.0	  0.4	0.118	0.000	0.000
02	  P	  0.0	  0.4	0.118	0.000	0.000
03	  C	  5.9	  0.6	0.118	0.000	0.000
04	  C	  6.6	  0.6	0.118	0.000	0.000
05	  D	  6.6	  0.2	2.099	0.000	0.000
06	  A	  0.9	  0.3	2.099	0.000	0.000
07	  A	  0.3	  0.2	2.099	0.000	0.000
08	  T	  4.0	  0.2	1.981	0.000	0.000
09	  C	  4.4	  0.2	1.981	0.000	0.000
10	  K	  6.0	  0.1	1.981	0.000	0.000
11	  L	  2.5	  0.1	0.951	0.000	0.000
12	  T	  2.0	  0.4	0.577	0.000	0.000
13	  R	  0.3	  0.4	0.577	0.000	0.000
14	  G	  0.1	  0.5	0.288	0.000	0.000
15	  S	  0.5	  0.5	0.000	0.000	0.000
16	  Q	  0.6	  0.3	0.000	0.000	0.000
17	  C	  0.9	  0.7	0.000	0.000	0.000
18	  A	  0.5	  0.7	0.000	0.000	0.000
19	  E	  0.3	  0.7	0.000	0.000	0.000
20	  G	  0.0	  0.7	0.000	0.000	0.000
21	  L	  4.9	  0.2	0.000	0.000	0.000
22	  C	 10.7	  0.2	0.000	0.000	0.000
23	  C	 11.4	  0.3	0.000	0.000	0.000
24	  D	  6.6	  0.3	0.000	0.000	0.000
25	  Q	  0.9	  0.3	0.000	0.000	0.000
26	  C	  0.1	  0.1	0.000	0.000	0.000
