res	aa	Beta	Turn	Helix	Aggregation	Conc-Stab_Aggregation
01	  G	  0.0	  0.0	0.000	0.000	0.000
02	  D	  0.3	  0.7	0.000	0.000	0.000
03	  C	  4.1	  0.8	0.000	0.000	0.000
04	  S	 12.7	  0.8	0.000	0.000	0.000
05	  C	 12.5	  2.0	0.000	0.000	0.000
06	  E	  8.9	  1.3	0.000	0.000	0.000
07	  G	  0.1	  1.3	0.336	0.000	0.000
08	  Q	  0.5	  1.3	0.336	0.000	0.000
09	  I	  0.7	  0.0	0.336	0.000	0.000
10	  C	  1.3	  0.2	0.336	0.000	0.000
11	  K	  1.1	  0.4	0.336	0.000	0.000
12	  C	  1.0	  0.4	0.336	0.000	0.000
13	  G	  0.4	  0.4	0.147	0.000	0.000
14	  Y	  4.0	  0.2	0.000	0.000	0.000
15	  R	  6.0	  0.0	0.000	0.000	0.000
16	  V	  6.3	  0.0	0.000	0.000	0.000
17	  S	  2.5	  3.6	0.000	0.000	0.000
18	  P	  0.3	  3.7	0.000	0.000	0.000
19	  G	  0.0	  4.3	0.000	0.000	0.000
20	  K	  0.1	  4.6	0.000	0.000	0.000
21	  S	  0.1	  1.4	0.000	0.000	0.000
22	  G	  0.3	  1.3	0.000	0.000	0.000
23	  C	  0.7	  0.8	0.000	0.000	0.000
24	  A	  0.7	  0.5	0.000	0.000	0.000
25	  C	  4.4	  0.0	0.000	0.000	0.000
26	  T	  8.2	  0.0	0.000	0.000	0.000
27	  C	  8.5	  0.4	0.000	0.000	0.000
28	  R	  4.8	  0.4	0.000	0.000	0.000
29	  N	  0.6	  0.4	0.000	0.000	0.000
30	  A	  0.1	  0.4	0.000	0.000	0.000
31	  K	  0.0	  0.0	0.000	0.000	0.000
