res	aa	Beta	Turn	Helix	Aggregation	Conc-Stab_Aggregation
01	  M	  0.0	  0.3	0.000	0.000	0.000
02	  A	  0.0	  0.7	0.000	0.000	0.000
03	  G	  0.1	  0.7	0.000	0.000	0.000
04	  D	  1.4	  0.7	0.000	0.000	0.000
05	  I	  3.3	  0.4	0.000	56.391	56.391
06	  I	  4.2	  0.0	0.000	61.253	61.253
07	  S	  3.2	  0.0	0.000	62.184	62.184
08	  T	  5.8	  0.0	0.621	69.744	69.744
09	  I	  5.8	  0.1	0.621	82.220	82.220
10	  V	  7.0	  0.1	0.621	83.094	83.094
11	  D	  2.9	  0.1	2.598	80.555	80.555
12	  F	  3.2	  0.1	2.598	81.759	81.759
13	  I	  6.5	  0.0	2.598	81.835	81.835
14	  K	  6.6	  0.0	2.598	81.835	81.835
15	  L	  6.0	  0.0	2.466	80.490	80.490
16	  I	  1.3	  0.0	2.466	72.594	72.594
17	  A	  0.7	  0.1	2.554	36.055	36.055
18	  E	  0.3	  0.1	2.171	4.929	4.929
19	  T	 14.7	  0.1	1.317	4.873	4.873
20	  V	 15.1	  0.1	1.317	4.685	4.685
21	  K	 15.1	  0.1	1.317	3.648	3.648
22	  K	  3.2	  0.1	0.685	0.000	0.000
23	  F	  6.0	  0.1	0.492	0.000	0.000
24	  T	  6.0	  0.0	0.000	0.000	0.000
25	  K	  3.5	  0.0	0.000	0.000	0.000
