res	aa	Beta	Turn	Helix	Aggregation	Conc-Stab_Aggregation
01	  A	  0.0	  0.0	0.000	0.000	0.000
02	  G	  0.0	  0.0	0.000	0.000	0.000
03	  A	  0.8	  0.0	0.000	0.168	0.168
04	  V	  1.8	  0.0	0.000	0.605	0.605
05	  V	  1.8	  0.7	0.000	0.605	0.605
06	  G	  1.1	  0.8	0.000	0.605	0.605
07	  G	  0.1	  0.8	0.000	0.605	0.605
08	  L	  0.0	  3.8	0.000	0.605	0.605
09	  G	  0.0	  3.1	0.000	0.000	0.000
10	  G	  0.0	  3.0	0.000	0.000	0.000
11	  Y	  0.8	  3.0	0.000	0.000	0.000
12	  M	  0.9	  0.1	0.000	0.000	0.000
13	  L	  1.0	  0.4	0.000	0.000	0.000
14	  G	  0.2	  0.4	0.000	0.000	0.000
15	  S	  0.3	  0.4	0.000	0.000	0.000
16	  A	  0.5	  0.3	0.000	0.000	0.000
17	  M	  0.6	  0.0	0.000	0.000	0.000
18	  S	  0.6	  0.0	0.000	0.000	0.000
19	  R	  0.3	  0.0	0.000	0.000	0.000
20	  P	  0.0	  0.0	0.000	0.000	0.000
21	  L	  0.5	  0.0	0.000	0.000	0.000
22	  I	  3.6	  0.0	0.000	0.000	0.000
23	  H	  4.4	  0.2	0.000	0.000	0.000
24	  F	  3.9	  3.4	0.000	0.000	0.000
25	  G	  0.8	  3.5	0.000	0.000	0.000
26	  N	  0.2	  3.5	0.000	0.000	0.000
27	  D	  1.5	  3.3	0.000	0.000	0.000
28	  Y	  2.2	  0.4	0.000	0.000	0.000
29	  E	  2.1	  0.3	0.000	0.000	0.000
30	  D	  0.8	  0.3	0.000	0.000	0.000
31	  R	  1.9	  0.3	0.000	0.000	0.000
32	  Y	  1.9	  0.0	0.000	0.000	0.000
33	  Y	  1.8	  0.0	0.000	0.000	0.000
