res	aa	Beta	Turn	Helix	Aggregation	Conc-Stab_Aggregation
01	  G	  0.0	  0.3	0.000	0.000	0.000
02	  Q	  0.0	  0.4	0.000	0.000	0.000
03	  G	  0.0	  1.0	0.000	0.000	0.000
04	  G	  0.0	  1.1	0.000	0.000	0.000
05	  S	  1.4	  1.0	0.000	0.000	0.000
06	  H	  1.5	  0.9	0.000	0.000	0.000
07	  S	  1.8	  0.4	0.000	0.000	0.000
08	  Q	  1.9	  0.3	0.000	0.000	0.000
09	  W	  2.5	  0.1	0.000	0.000	0.000
10	  N	  2.2	  0.0	0.000	0.000	0.000
11	  K	  0.8	  0.4	0.000	0.000	0.000
12	  P	  0.0	  0.4	0.000	0.000	0.000
13	  S	  0.1	  0.4	0.000	0.000	0.000
14	  K	  0.1	  0.5	0.000	0.000	0.000
15	  P	  0.1	  0.2	0.000	0.000	0.000
16	  K	  0.2	  0.3	0.000	0.000	0.000
17	  T	  0.5	  0.3	0.000	0.000	0.000
18	  N	  2.4	  0.2	0.000	0.000	0.000
19	  I	  2.7	  0.1	0.000	0.000	0.000
20	  K	  2.6	  0.0	0.000	0.000	0.000
21	  H	  2.2	  0.0	0.000	0.000	0.000
22	  V	  2.3	  0.2	0.000	1.486	1.486
23	  A	  2.1	  0.3	0.000	1.486	1.486
24	  G	  0.6	  0.3	0.580	1.486	1.486
25	  A	  0.1	  0.3	0.580	1.839	1.839
26	  A	  0.1	  0.1	0.580	2.255	2.255
27	  A	  0.1	  0.4	0.580	2.746	2.746
28	  A	  0.1	  0.4	0.580	3.326	3.326
29	  G	  0.0	  0.4	0.580	3.326	3.326
30	  A	  0.8	  0.4	0.189	3.326	3.326
31	  V	  2.4	  0.0	0.000	3.326	3.326
32	  V	  2.4	  0.0	0.000	3.326	3.326
33	  G	  1.6	  0.0	0.000	0.000	0.000
