res	aa	Beta	Turn	Helix	Aggregation	Conc-Stab_Aggregation
01	  R	  0.0	  0.0	0.000	0.000	0.000
02	  P	  0.0	  2.1	0.000	0.000	0.000
03	  P	  0.0	  2.1	0.000	0.000	0.000
04	  G	  0.1	  2.1	0.000	0.000	0.000
05	  F	  0.5	  2.1	0.000	0.000	0.000
06	  S	  0.5	  0.2	0.000	0.000	0.000
07	  P	  0.4	  0.2	0.000	0.000	0.000
08	  F	  4.1	  0.2	0.000	0.000	0.000
09	  R	  6.3	  0.2	0.000	0.000	0.000
10	  V	  6.7	  0.0	0.000	0.000	0.000
11	  A	  2.7	  0.0	0.000	0.000	0.000
12	  P	  0.4	  0.0	0.000	0.000	0.000
13	  A	  0.0	  0.0	0.000	0.000	0.000
14	  S	  0.0	  0.0	0.000	0.000	0.000
