res	aa	Beta	Turn	Helix	Aggregation	Conc-Stab_Aggregation
01	  A	  0.2	  0.0	0.000	0.000	0.000
02	  F	 25.5	  0.0	0.000	0.000	0.000
03	  C	 26.3	  0.0	0.000	0.000	0.000
04	  C	 26.1	  2.1	0.000	0.000	0.000
05	  P	  0.9	  2.3	0.000	0.000	0.000
06	  S	  0.0	  2.3	0.000	0.000	0.000
07	  G	  0.1	  2.3	0.000	0.000	0.000
08	  W	  2.2	  0.3	0.000	0.000	0.000
09	  S	  2.5	  0.2	0.000	0.000	0.000
10	  A	  2.6	  0.2	0.000	0.000	0.000
11	  Y	  1.4	  0.2	0.000	0.000	0.000
12	  D	  1.2	  0.1	0.000	0.000	0.000
13	  Q	  1.0	  0.0	0.000	0.000	0.000
