res	aa	Beta	Turn	Helix	Aggregation	Conc-Stab_Aggregation
01	  N	  0.3	  0.0	0.000	0.000	0.000
02	  L	  0.4	  0.0	0.000	0.565	0.565
03	  I	  1.8	  0.0	0.000	0.565	0.565
04	  Q	  3.8	  0.0	0.000	0.565	0.565
05	  F	  4.0	  0.6	0.000	0.565	0.565
06	  S	  2.7	  0.6	0.000	0.565	0.565
07	  N	  0.7	  0.6	0.000	0.207	0.207
08	  M	  0.5	  0.6	0.000	0.207	0.207
09	  I	  1.9	  0.0	0.000	0.207	0.207
10	  Q	  2.1	  0.0	0.000	0.000	0.000
11	  L	  2.0	  0.1	0.000	0.000	0.000
12	  D	  0.6	  0.2	0.000	0.000	0.000
13	  R	  0.5	  0.2	0.000	0.000	0.000
14	  C	 12.7	  0.2	0.000	0.000	0.000
15	  C	 12.9	  0.3	0.000	0.000	0.000
16	  E	 12.9	  0.2	0.000	0.000	0.000
17	  T	  1.2	  0.2	0.000	0.000	0.000
18	  H	  1.0	  0.5	0.000	0.000	0.000
19	  D	  0.6	  0.4	1.132	0.000	0.000
20	  N	  0.0	  0.4	10.644	0.000	0.000
21	  E	  0.0	  0.4	10.748	0.000	0.000
22	  A	  0.1	  0.2	10.748	0.000	0.000
23	  E	  0.4	  0.2	10.748	0.000	0.000
24	  K	  0.4	  0.7	10.748	0.000	0.000
25	  K	  0.4	  1.0	10.498	0.000	0.000
26	  G	  0.1	  1.0	5.500	0.000	0.000
27	  C	  0.3	  0.9	2.868	0.000	0.000
28	  Y	  0.3	  0.7	1.322	0.000	0.000
29	  P	  0.3	  0.4	0.000	0.000	0.000
30	  K	  1.9	  0.4	0.000	0.000	0.000
31	  L	  4.1	  0.4	0.000	0.000	0.000
32	  T	  5.7	  0.1	0.000	0.000	0.000
33	  L	  3.9	  0.0	0.000	0.000	0.000
34	  Y	  1.6	  0.0	0.000	0.000	0.000
