res	aa	Beta	Turn	Helix	Aggregation	Conc-Stab_Aggregation
01	  N	  0.5	  0.0	0.000	0.000	0.000
02	  L	  0.7	  0.0	0.000	0.000	0.000
03	  Y	  6.4	  0.0	0.000	0.000	0.000
04	  Q	  7.8	  0.0	0.000	0.000	0.000
05	  F	  8.1	  0.5	0.000	0.000	0.000
06	  K	  2.7	  0.5	0.000	0.000	0.000
07	  N	  0.9	  0.5	0.127	0.000	0.000
08	  M	  0.6	  0.5	0.127	0.000	0.000
09	  I	  2.6	  0.0	0.127	0.000	0.000
10	  E	  2.4	  0.0	0.127	0.000	0.000
11	  C	  2.5	  0.5	0.127	0.000	0.000
12	  A	  0.4	  0.6	0.127	0.000	0.000
13	  G	  0.2	  0.6	0.244	0.000	0.000
14	  T	  0.7	  0.6	0.224	0.000	0.000
15	  R	  1.7	  0.2	0.224	0.000	0.000
16	  T	  3.3	  0.0	0.719	17.311	17.311
17	  W	  3.5	  0.0	0.719	43.959	43.959
18	  I	  4.1	  0.0	0.719	44.794	44.794
19	  A	  2.8	  0.0	0.719	44.867	44.867
20	  Y	  3.9	  0.0	0.719	44.951	44.951
21	  V	  5.3	  0.0	0.602	43.686	43.686
22	  K	  5.2	  0.0	0.602	3.418	3.418
23	  Y	  3.3	  0.6	0.216	5.166	5.166
24	  G	  0.3	  0.6	0.201	5.856	5.856
25	  A	  0.5	  0.6	0.100	7.364	7.364
26	  Y	 12.8	  0.6	0.100	8.981	8.981
27	  T	 16.0	  0.0	0.100	8.981	8.981
28	  Y	 16.4	  0.0	0.100	8.981	8.981
29	  A	  4.3	  0.0	0.100	8.981	8.981
30	  Y	  1.0	  0.0	0.100	8.672	8.672
31	  T	  0.2	  0.0	0.000	3.418	3.418
