res	aa	Beta	Turn	Helix	Aggregation	Conc-Stab_Aggregation
01	  A	  0.0	  0.0	0.000	0.000	0.000
02	  T	  0.1	  0.4	0.000	0.000	0.000
03	  P	  0.1	  0.5	0.000	0.000	0.000
04	  F	  0.1	  1.0	0.000	0.000	0.000
05	  G	  0.1	  1.5	0.000	0.000	0.000
06	  G	  0.1	  1.4	0.000	0.000	0.000
07	  S	  0.3	  1.2	0.000	0.000	0.000
08	  S	  7.1	  0.7	0.000	0.000	0.000
09	  Y	  7.4	  0.7	0.000	0.000	0.000
10	  E	  7.1	  0.6	0.000	0.000	0.000
11	  G	  0.3	  0.6	0.000	0.000	0.000
12	  H	  0.0	  0.6	0.000	0.000	0.000
