res	aa	Beta	Turn	Helix	Aggregation	Conc-Stab_Aggregation
01	  N	  0.0	  0.0	0.000	0.000	0.000
02	  L	  0.1	  0.2	0.000	1.630	1.630
03	  A	  0.4	  0.2	0.000	1.630	1.630
04	  Q	  0.6	  0.3	0.000	1.862	1.862
05	  F	  0.7	  0.3	0.000	7.435	7.435
06	  G	  0.4	  0.1	0.000	7.435	7.435
07	  F	  1.1	  0.1	0.000	7.435	7.435
08	  M	  1.1	  0.0	0.000	7.216	7.216
09	  I	  5.1	  0.0	0.000	7.106	7.106
10	  R	  4.7	  0.0	0.000	0.000	0.000
11	  C	  4.7	  2.0	0.000	0.000	0.000
12	  A	  0.7	  2.4	0.000	0.000	0.000
13	  N	  0.2	  2.5	0.000	0.000	0.000
14	  G	  0.0	  2.9	0.000	0.000	0.000
15	  G	  0.0	  1.0	0.000	0.000	0.000
16	  S	  1.5	  1.3	0.152	0.000	0.000
17	  R	  1.7	  1.2	0.152	0.000	0.000
18	  S	  1.8	  0.8	0.285	0.000	0.000
19	  A	  0.5	  0.8	0.285	0.000	0.000
20	  L	  1.4	  0.2	0.285	0.000	0.000
21	  D	  1.4	  0.1	0.417	0.000	0.000
22	  Y	  1.4	  0.5	0.417	0.000	0.000
23	  A	  0.3	  0.4	0.265	0.000	0.000
24	  D	  0.3	  1.0	0.132	0.000	0.000
25	  Y	  0.6	  1.0	0.132	0.000	0.000
26	  G	  0.5	  0.6	0.132	0.000	0.000
27	  C	  0.5	  0.6	0.000	0.000	0.000
