res	aa	Beta	Turn	Helix	Aggregation	Conc-Stab_Aggregation
01	  N	  2.1	  0.0	0.000	0.000	0.000
02	  T	  7.1	  0.0	0.000	0.905	0.905
03	  F	 10.8	  0.0	0.000	0.905	0.905
04	  Y	 23.3	  0.0	0.000	0.905	0.905
05	  C	 27.1	  0.0	0.144	0.905	0.905
06	  C	 24.5	  0.1	0.366	0.905	0.905
07	  E	 10.2	  0.1	0.366	0.000	0.000
08	  L	  4.8	  0.1	0.366	0.000	0.000
09	  C	 13.0	  0.1	0.366	0.000	0.000
10	  C	 12.9	  0.0	0.366	0.000	0.000
11	  N	  9.5	  0.3	0.493	0.000	0.000
12	  P	  0.1	  0.3	0.127	0.000	0.000
13	  A	  0.1	  0.3	0.127	0.000	0.000
14	  C	  0.3	  1.7	0.127	0.000	0.000
15	  A	  0.3	  2.0	0.127	0.000	0.000
16	  G	  0.3	  2.0	0.127	0.000	0.000
17	  C	  0.1	  2.0	0.000	0.000	0.000
18	  Y	  0.0	  0.5	0.000	0.000	0.000
