res	aa	Beta	Turn	Helix	Aggregation	Conc-Stab_Aggregation
01	  S	  8.3	  0.7	0.000	0.000	0.000
02	  C	  9.5	  0.8	0.000	0.000	0.000
03	  N	 10.1	  0.8	0.000	0.000	0.000
04	  C	  2.7	  0.8	0.000	0.000	0.000
05	  V	  1.5	  0.0	0.000	0.000	0.000
06	  C	  1.0	  0.0	0.000	0.000	0.000
07	  G	  0.3	  0.0	0.000	0.000	0.000
08	  F	 12.6	  0.0	0.000	0.000	0.000
09	  C	 18.2	  0.1	0.000	0.000	0.000
10	  C	 21.1	  0.1	0.000	0.000	0.000
11	  S	 34.6	  0.1	0.000	0.000	0.000
12	  C	 28.9	  0.1	0.000	0.000	0.000
13	  S	 26.3	  0.0	0.000	0.000	0.000
14	  P	  0.1	  0.0	0.000	0.000	0.000
