res	aa	Beta	Turn	Helix	Aggregation	Conc-Stab_Aggregation
01	  V	  1.2	  0.0	0.000	0.000	0.000
02	  N	  2.4	  0.0	0.000	1.094	1.094
03	  T	  4.7	  0.0	0.000	5.549	5.549
04	  I	  5.5	  0.0	0.000	20.237	20.237
05	  I	  4.6	  0.0	0.000	20.337	20.337
06	  Y	  7.2	  0.0	0.000	20.337	20.337
07	  N	  5.3	  0.3	0.000	19.604	19.604
08	  V	  5.1	  1.4	0.000	19.310	19.310
09	  G	  0.2	  1.5	0.000	2.597	2.597
10	  S	  0.7	  1.5	0.000	1.020	1.020
11	  T	  1.6	  1.2	0.000	0.874	0.874
12	  T	 14.2	  0.1	0.000	0.874	0.874
13	  I	 13.7	  0.3	0.000	0.874	0.874
14	  S	 12.7	  0.3	0.000	0.106	0.106
15	  N	  0.2	  0.3	1.635	0.106	0.106
16	  Y	  0.4	  0.3	1.635	0.937	0.937
17	  A	  1.2	  0.0	1.635	0.937	0.937
18	  T	  4.5	  0.0	1.635	0.937	0.937
19	  F	  5.3	  0.2	1.635	0.937	0.937
20	  M	  4.6	  0.3	1.635	0.937	0.937
21	  D	  1.1	  0.4	1.438	0.000	0.000
22	  N	  0.7	  0.4	1.393	0.000	0.000
23	  L	  0.8	  0.3	1.286	0.000	0.000
24	  R	  0.8	  0.2	1.119	0.000	0.000
25	  N	  0.2	  0.2	0.763	0.000	0.000
26	  E	  0.4	  0.2	0.420	0.000	0.000
27	  A	  0.5	  0.1	0.122	0.000	0.000
28	  K	  0.5	  0.1	0.122	0.000	0.000
29	  D	  0.1	  2.7	0.000	0.000	0.000
30	  P	  0.0	  2.7	0.000	0.000	0.000
31	  S	  0.0	  2.7	0.000	0.000	0.000
32	  L	  0.0	  2.7	0.000	0.000	0.000
