res	aa	Beta	Turn	Helix	Aggregation	Conc-Stab_Aggregation
01	  G	  0.0	  0.0	0.000	0.000	0.000
02	  R	  0.0	  0.0	0.000	0.000	0.000
03	  P	  0.0	  2.1	0.000	0.000	0.000
04	  P	  0.0	  2.1	0.000	0.000	0.000
05	  G	  0.1	  2.1	0.000	0.000	0.000
06	  F	  0.4	  2.1	0.000	0.000	0.000
07	  S	  0.4	  0.1	0.000	0.000	0.000
08	  P	  0.3	  0.1	0.000	0.000	0.000
09	  F	  6.1	  0.1	0.000	0.000	0.000
10	  R	 13.1	  0.1	0.000	0.000	0.000
11	  I	 13.1	  0.0	0.000	0.000	0.000
12	  D	  7.4	  0.0	0.000	0.000	0.000
