res	aa	Beta	Turn	Helix	Aggregation	Conc-Stab_Aggregation
01	  A	  0.2	  0.0	0.000	0.000	0.000
02	  C	  3.3	  0.0	0.000	0.000	0.000
03	  Y	  5.6	  0.0	0.000	0.000	0.000
04	  C	 10.2	  0.0	0.000	0.000	0.000
05	  R	  7.5	  0.0	0.000	0.000	0.000
06	  I	  5.3	  0.0	0.000	0.000	0.000
07	  P	  0.4	  0.0	0.120	0.000	0.000
08	  A	  0.2	  0.0	0.120	0.000	0.000
09	  C	  2.5	  0.0	0.120	0.000	0.000
10	  L	  2.5	  0.3	0.228	0.000	0.000
11	  A	  2.3	  0.4	0.228	0.000	0.000
12	  G	  0.1	  0.5	0.228	0.000	0.000
13	  E	  0.2	  0.5	0.108	0.000	0.000
14	  R	  1.0	  0.2	0.108	0.000	0.000
15	  R	  1.3	  0.1	0.108	0.000	0.000
16	  Y	  1.2	  0.3	0.108	0.000	0.000
17	  G	  0.4	  0.3	0.000	0.000	0.000
18	  T	  4.4	  0.3	0.105	0.000	0.000
19	  C	  5.3	  0.3	0.105	0.000	0.000
20	  F	  7.0	  0.0	0.105	0.000	0.000
21	  Y	  4.5	  0.0	0.105	0.000	0.000
22	  R	  3.9	  0.1	0.105	0.000	0.000
23	  R	  2.9	  0.1	0.105	0.000	0.000
24	  R	  3.1	  0.1	0.000	0.000	0.000
25	  V	  4.0	  0.0	0.000	58.935	58.935
26	  W	  3.7	  0.0	0.000	58.935	58.935
27	  A	  1.9	  0.0	0.000	58.935	58.935
28	  F	  8.3	  0.0	0.000	58.935	58.935
29	  C	  7.8	  0.0	0.000	58.935	58.935
30	  C	  7.6	  0.0	0.000	0.000	0.000
