res	aa	Beta	Turn	Helix	Aggregation	Conc-Stab_Aggregation
01	  I	  4.8	  0.0	0.000	0.000	0.000
02	  V	  5.9	  0.0	0.000	0.000	0.000
03	  R	  6.0	  0.0	0.000	0.000	0.000
04	  R	  1.3	  0.0	0.000	0.000	0.000
05	  A	  0.4	  0.0	0.000	0.000	0.000
06	  C	  9.1	  0.0	0.000	0.000	0.000
07	  C	  9.2	  0.5	0.000	0.000	0.000
08	  S	  8.9	  0.6	0.376	0.000	0.000
09	  D	  0.2	  0.8	0.780	0.000	0.000
10	  R	  0.1	  0.8	0.780	0.000	0.000
11	  R	  1.1	  0.3	0.780	0.000	0.000
12	  C	  1.7	  0.2	0.780	0.000	0.000
13	  R	  2.3	  0.0	0.780	0.000	0.000
14	  W	  6.0	  0.1	0.780	0.000	0.000
15	  R	  5.8	  0.1	0.329	0.000	0.000
16	  C	  5.1	  0.1	0.000	0.000	0.000
17	  G	  0.4	  0.1	0.000	0.000	0.000
