res	aa	Beta	Turn	Helix	Aggregation	Conc-Stab_Aggregation
01	  A	  0.1	  0.1	0.000	0.006	0.006
02	  T	  0.3	  0.1	0.000	5.111	5.111
03	  N	  0.3	  0.5	0.113	8.510	8.510
04	  L	  0.3	  0.6	0.113	28.081	28.081
05	  G	  0.2	  0.5	0.271	31.477	31.477
06	  C	  1.3	  0.4	0.271	69.153	69.153
07	  W	  1.6	  0.0	0.380	93.347	93.347
08	  L	  2.3	  0.0	0.380	98.935	98.935
09	  L	  3.1	  0.0	0.380	99.871	99.871
10	  V	  4.2	  0.0	0.267	99.979	99.979
11	  L	  4.0	  0.0	0.267	99.927	99.927
12	  F	  4.6	  0.0	0.267	99.509	99.509
13	  V	  4.2	  0.0	0.000	93.684	93.684
14	  A	  3.5	  0.0	0.000	63.629	63.629
15	  T	  1.0	  0.0	0.000	0.007	0.007
