res	aa	Beta	Turn	Helix	Aggregation	Conc-Stab_Aggregation
01	  M	  0.7	  0.0	0.000	0.000	0.000
02	  V	  3.7	  0.1	0.000	0.002	0.002
03	  K	  3.8	  0.2	0.000	0.002	0.002
04	  S	  3.2	  0.4	0.000	1.528	1.528
05	  S	  0.4	  0.7	0.000	13.711	13.711
06	  L	  0.3	  0.6	0.000	32.269	32.269
07	  G	  0.3	  0.5	0.122	35.490	35.490
08	  C	  1.1	  0.3	0.122	71.235	71.235
09	  W	  1.5	  0.0	0.122	94.191	94.191
10	  I	  4.6	  0.0	0.122	99.494	99.494
11	  L	  5.6	  0.0	0.122	99.938	99.938
12	  V	  6.5	  0.0	0.122	99.989	99.989
13	  L	  4.0	  0.0	0.122	99.940	99.940
14	  F	  4.5	  0.0	0.122	99.543	99.543
15	  V	  4.1	  0.0	0.000	94.034	94.034
16	  A	  3.4	  0.0	0.000	63.847	63.847
17	  T	  1.0	  0.0	0.000	0.003	0.003
