res	aa	Beta	Turn	Helix	Aggregation	Conc-Stab_Aggregation
01	  M	  0.7	  0.0	0.000	0.000	0.000
02	  V	  3.6	  0.2	0.000	0.002	0.002
03	  K	  4.0	  0.2	0.000	0.002	0.002
04	  S	  4.2	  0.2	0.000	9.334	9.334
05	  F	  2.0	  0.2	0.000	83.838	83.838
06	  V	  1.6	  1.4	0.000	84.937	84.937
07	  G	  0.7	  1.4	0.000	85.027	85.027
08	  G	  0.1	  1.4	0.107	86.033	86.033
09	  W	  0.6	  1.4	0.107	97.185	97.185
10	  I	  3.7	  0.0	0.107	99.761	99.761
11	  L	  5.5	  0.0	0.107	99.971	99.971
12	  V	  6.5	  0.0	0.107	99.995	99.995
13	  L	  4.0	  0.0	0.107	99.988	99.988
14	  F	  4.5	  0.0	0.107	99.890	99.890
15	  V	  4.1	  0.0	0.000	98.453	98.453
16	  A	  3.4	  0.0	0.000	66.837	66.837
17	  T	  1.0	  0.0	0.000	0.002	0.002
