res	aa	Beta	Turn	Helix	Aggregation	Conc-Stab_Aggregation
01	  M	  0.7	  0.0	0.000	0.000	0.000
02	  V	  3.7	  0.2	0.000	0.001	0.001
03	  K	  3.8	  0.3	0.000	0.001	0.001
04	  S	  3.1	  0.5	0.000	0.774	0.774
05	  G	  0.1	  0.7	0.000	6.948	6.948
06	  L	  0.1	  0.5	0.000	27.164	27.164
07	  G	  0.2	  0.4	0.267	30.661	30.661
08	  C	  1.1	  0.3	0.462	69.327	69.327
09	  W	  1.5	  0.0	0.733	93.996	93.996
10	  I	  4.4	  0.0	0.733	99.542	99.542
11	  L	  4.3	  0.0	0.733	99.837	99.837
12	  L	  4.3	  0.0	0.733	99.850	99.850
13	  L	  2.2	  0.0	0.733	99.525	99.525
14	  F	  1.9	  0.0	0.733	96.905	96.905
15	  M	  1.5	  0.0	0.000	60.538	60.538
16	  A	  0.7	  0.0	0.000	41.104	41.104
17	  T	  0.1	  0.0	0.000	0.002	0.002
