res	aa	Beta	Turn	Helix	Aggregation	Conc-Stab_Aggregation
01	  M	  0.3	  0.0	0.000	0.000	0.000
02	  M	  0.7	  0.1	0.000	0.000	0.000
03	  K	  1.0	  0.2	0.000	0.000	0.000
04	  S	  1.1	  0.2	0.000	0.013	0.013
05	  H	  1.0	  0.4	0.000	0.113	0.113
06	  V	  0.8	  1.7	0.000	9.726	9.726
07	  G	  0.4	  1.7	0.000	10.520	10.520
08	  G	  0.1	  1.7	0.108	16.530	16.530
09	  W	  0.6	  1.5	0.108	83.177	83.177
10	  I	  3.7	  0.0	0.108	98.572	98.572
11	  L	  5.5	  0.0	0.108	99.827	99.827
12	  V	  6.5	  0.0	0.108	99.974	99.974
13	  L	  4.0	  0.0	0.108	99.964	99.964
14	  F	  4.5	  0.0	0.108	99.584	99.584
15	  V	  4.2	  0.0	0.000	93.667	93.667
16	  A	  3.6	  0.0	0.000	63.628	63.628
17	  A	  1.2	  0.0	0.000	0.002	0.002
