res	aa	Beta	Turn	Helix	Aggregation	Conc-Stab_Aggregation
01	  M	  0.3	  0.0	0.000	0.000	0.000
02	  M	  0.7	  0.4	0.000	0.000	0.000
03	  K	  0.8	  0.5	0.000	0.000	0.000
04	  S	  0.5	  0.6	0.000	1.141	1.141
05	  G	  0.1	  0.9	0.000	10.253	10.253
06	  L	  0.1	  0.5	0.000	29.555	29.555
07	  G	  0.2	  0.4	0.122	32.905	32.905
08	  C	  1.1	  0.3	0.122	70.082	70.082
09	  W	  1.5	  0.0	0.122	93.958	93.958
10	  I	  4.6	  0.0	0.122	99.474	99.474
11	  L	  5.6	  0.0	0.122	99.936	99.936
12	  V	  6.5	  0.0	0.122	99.989	99.989
13	  L	  4.0	  0.0	0.122	99.938	99.938
14	  F	  4.5	  0.0	0.122	99.526	99.526
15	  V	  4.1	  0.0	0.000	93.818	93.818
16	  A	  3.4	  0.0	0.000	63.701	63.701
17	  T	  1.0	  0.0	0.000	0.001	0.001
