res	aa	Beta	Turn	Helix	Aggregation	Conc-Stab_Aggregation
01	  R	  1.1	  0.0	0.000	0.000	0.000
02	  C	  2.5	  0.0	0.000	3.420	3.420
03	  H	  4.6	  0.0	0.000	5.274	5.274
04	  F	  5.6	  0.0	0.000	23.493	23.493
05	  V	  6.8	  0.0	0.000	24.027	24.027
06	  I	  5.4	  0.0	0.000	24.027	24.027
07	  C	  3.7	  0.1	0.000	23.302	23.302
08	  T	  1.6	  0.2	0.000	22.590	22.590
09	  T	  1.1	  0.2	0.286	8.771	8.771
10	  D	  1.5	  0.2	0.455	0.000	0.000
11	  C	  2.1	  0.3	0.455	0.000	0.000
12	  R	  2.5	  0.3	0.455	0.000	0.000
13	  R	  1.9	  0.3	0.455	0.000	0.000
14	  N	  0.8	  0.3	0.455	0.000	0.000
15	  S	  0.1	  1.7	0.169	0.000	0.000
16	  P	  0.0	  1.8	0.000	0.000	0.000
17	  G	  0.1	  1.8	0.000	0.000	0.000
18	  T	  1.0	  1.9	0.224	0.000	0.000
19	  Y	  1.1	  0.5	0.224	0.000	0.000
20	  G	  1.1	  0.4	1.014	0.000	0.000
21	  E	  0.2	  0.4	1.014	0.000	0.000
22	  C	  3.8	  0.3	1.014	0.000	0.000
23	  V	  4.4	  0.1	1.014	0.000	0.000
24	  K	  4.5	  0.1	1.014	0.000	0.000
25	  K	  1.1	  0.2	0.896	0.000	0.000
26	  E	  0.5	  1.3	0.502	0.000	0.000
27	  K	  0.3	  1.3	0.219	0.000	0.000
28	  G	  0.0	  1.4	0.000	0.000	0.000
29	  K	  0.2	  1.3	0.000	0.000	0.000
30	  E	  0.3	  0.2	0.000	0.000	0.000
31	  C	  1.2	  0.2	0.000	0.000	0.000
32	  V	  1.2	  0.0	0.000	0.000	0.000
33	  C	  1.5	  0.0	0.000	0.000	0.000
34	  K	  0.6	  0.0	0.000	0.000	0.000
35	  S	  0.4	  0.0	0.000	0.000	0.000
