res	aa	Beta	Turn	Helix	Aggregation	Conc-Stab_Aggregation
01	  M	  0.0	  0.0	0.000	0.000	0.000
02	  A	  0.1	  0.2	0.000	0.000	0.000
03	  Q	  0.2	  0.2	0.000	0.000	0.000
04	  D	  1.5	  0.2	0.000	0.000	0.000
05	  I	  3.2	  0.2	0.000	5.506	5.506
06	  I	  3.9	  0.0	0.000	5.839	5.839
07	  S	  3.0	  0.0	0.000	5.911	5.911
08	  T	 13.7	  0.0	0.185	6.484	6.484
09	  I	 12.9	  0.1	0.185	7.513	7.513
10	  S	 12.6	  0.1	0.890	6.440	6.440
11	  D	  0.2	  0.1	1.613	6.991	6.991
12	  L	  0.6	  0.1	1.613	36.220	36.220
13	  V	  3.2	  0.0	1.613	41.276	41.276
14	  K	  3.3	  0.0	1.613	41.348	41.348
15	  W	  3.5	  0.0	1.428	41.348	41.348
16	  I	  1.7	  0.0	1.205	41.275	41.275
17	  I	  2.7	  0.0	1.205	40.860	40.860
18	  D	  2.5	  0.0	1.363	34.357	34.357
19	  T	  6.8	  0.0	0.857	33.588	33.588
20	  V	  5.9	  0.0	0.857	33.123	33.123
21	  N	  5.6	  0.0	0.961	1.290	1.290
22	  K	  3.3	  0.0	0.559	0.000	0.000
23	  F	  6.8	  0.0	0.466	0.000	0.000
24	  T	  8.6	  0.0	0.104	0.000	0.000
25	  K	  5.8	  0.0	0.104	0.000	0.000
26	  K	  2.0	  0.0	0.104	0.000	0.000
