res	aa	Beta	Turn	Helix	Aggregation	Conc-Stab_Aggregation
01	  N	  0.0	  0.0	0.000	0.000	0.000
02	  K	  0.0	  0.4	0.000	0.000	0.000
03	  P	  0.0	  0.4	0.000	0.000	0.000
04	  S	  0.1	  0.4	0.000	0.000	0.000
05	  K	  0.1	  0.5	0.000	0.000	0.000
06	  P	  0.1	  0.2	0.000	0.000	0.000
07	  K	  0.2	  0.3	0.000	0.000	0.000
08	  T	  0.4	  0.3	0.000	0.000	0.000
09	  N	  0.7	  0.2	0.000	0.000	0.000
10	  M	  0.9	  0.1	0.000	0.000	0.000
11	  K	  0.9	  0.1	0.000	0.000	0.000
12	  H	  2.1	  0.1	0.000	0.000	0.000
13	  V	  2.4	  0.2	0.000	0.000	0.000
14	  A	  2.1	  0.3	0.000	0.000	0.000
15	  G	  0.6	  0.3	0.688	0.000	0.000
16	  A	  0.1	  0.3	0.688	0.345	0.345
17	  A	  0.1	  0.1	0.688	0.753	0.753
18	  A	  0.1	  0.4	0.688	1.232	1.232
19	  A	  0.1	  0.4	0.688	1.799	1.799
20	  G	  0.0	  0.4	0.688	1.799	1.799
21	  A	  0.8	  0.4	0.234	2.136	2.136
22	  V	  1.8	  0.0	0.000	2.533	2.533
23	  V	  1.8	  0.7	0.000	2.533	2.533
24	  G	  1.1	  0.8	0.000	0.734	0.734
25	  G	  0.1	  0.8	0.000	0.734	0.734
26	  L	  0.0	  3.8	0.000	0.734	0.734
27	  G	  0.0	  3.1	0.000	0.000	0.000
28	  G	  0.0	  3.0	0.000	0.000	0.000
29	  Y	  0.8	  3.0	0.000	0.000	0.000
30	  M	  0.9	  0.1	0.000	0.000	0.000
31	  L	  1.0	  0.4	0.000	0.000	0.000
32	  G	  0.2	  0.4	0.000	0.000	0.000
33	  S	  0.1	  0.4	0.000	0.000	0.000
34	  A	  0.1	  0.3	0.000	0.000	0.000
