res	aa	Beta	Turn	Helix	Aggregation	Conc-Stab_Aggregation
01	  V	  1.0	  0.0	0.000	0.000	0.000
02	  I	  1.1	  0.8	0.000	0.000	0.000
03	  G	  1.1	  0.9	0.000	0.000	0.000
04	  G	  0.1	  1.1	0.000	0.000	0.000
05	  A	  0.1	  1.2	0.000	0.000	0.000
06	  E	  0.9	  0.3	0.000	0.000	0.000
07	  C	  2.5	  0.2	0.000	0.000	0.000
08	  N	  4.1	  0.4	0.000	0.000	0.000
09	  I	  3.4	  0.4	0.000	0.000	0.000
10	  N	  1.8	  0.6	0.099	0.000	0.000
11	  E	  0.4	  0.6	0.099	0.000	0.000
12	  H	  0.7	  0.4	0.099	0.000	0.000
13	  R	  1.1	  0.4	0.099	0.000	0.000
14	  S	  1.3	  0.2	1.231	7.554	7.554
15	  L	  2.7	  0.2	1.231	72.486	72.486
16	  V	  5.9	  0.0	1.231	85.833	85.833
17	  L	  6.0	  0.0	1.231	85.953	85.953
18	  L	  4.5	  0.0	1.231	85.953	85.953
19	  Y	  1.6	  0.1	1.231	85.098	85.098
20	  A	  1.2	  0.3	0.544	49.812	49.812
21	  S	  1.7	  1.2	0.262	8.235	8.235
22	  S	  1.1	  1.3	0.000	2.896	2.896
23	  S	  1.2	  1.3	0.000	2.241	2.241
24	  A	  0.4	  1.4	0.000	2.164	2.164
25	  F	  0.4	  0.4	0.000	2.098	2.098
26	  G	  0.2	  0.4	0.000	0.378	0.378
27	  E	  0.1	  0.2	0.000	0.000	0.000
