res	aa	Beta	Turn	Helix	Aggregation	Conc-Stab_Aggregation
01	  V	  1.0	  0.0	0.000	0.000	0.000
02	  I	  1.1	  0.3	0.000	0.000	0.000
03	  G	  1.1	  1.0	0.000	0.000	0.000
04	  G	  0.1	  1.1	0.000	0.000	0.000
05	  D	  0.0	  1.2	0.337	0.000	0.000
06	  E	  0.9	  0.9	0.337	0.000	0.000
07	  C	  2.5	  0.2	0.337	0.000	0.000
08	  N	  4.1	  0.5	0.337	0.000	0.000
09	  I	  3.4	  0.4	0.337	0.000	0.000
10	  N	  1.8	  0.6	0.523	0.000	0.000
11	  E	  0.4	  0.6	0.311	0.000	0.000
12	  H	  0.9	  0.2	0.186	0.000	0.000
13	  R	  1.4	  0.2	0.186	0.012	0.012
14	  F	  2.3	  0.0	0.186	89.636	89.636
15	  L	  2.4	  0.0	0.186	96.422	96.422
16	  V	  5.2	  0.0	0.186	96.422	96.422
17	  A	  4.3	  0.0	0.186	96.422	96.422
18	  L	  3.8	  0.2	0.186	96.422	96.422
19	  Y	  0.9	  1.3	0.186	77.702	77.702
20	  D	  0.7	  1.3	0.000	0.012	0.012
21	  G	  0.4	  1.6	0.000	0.004	0.004
22	  L	  0.2	  1.5	0.000	0.004	0.004
23	  S	  0.2	  0.8	0.000	0.000	0.000
24	  G	  0.3	  0.8	0.000	0.000	0.000
25	  T	  3.5	  0.6	0.000	0.000	0.000
26	  F	  5.3	  0.5	0.000	0.000	0.000
27	  L	  5.4	  0.0	0.000	0.000	0.000
28	  C	  2.2	  0.0	0.000	0.000	0.000
29	  G	  0.2	  0.0	0.000	0.000	0.000
30	  G	  0.0	  0.0	0.000	0.000	0.000
