res	aa	Beta	Turn	Helix	Aggregation	Conc-Stab_Aggregation
01	  S	  0.3	  0.0	0.967	0.000	0.000
02	  L	  0.5	  0.0	0.967	1.003	1.003
03	  V	  4.9	  0.1	1.091	1.003	1.003
04	  E	  4.6	  0.1	1.680	1.003	1.003
05	  L	  4.4	  0.2	1.680	1.003	1.003
06	  G	  0.0	  0.2	2.193	1.003	1.003
07	  K	  0.6	  0.2	1.934	1.003	1.003
08	  M	  2.1	  0.2	1.447	1.003	1.003
09	  I	  3.5	  0.0	1.329	1.003	1.003
10	  L	  3.0	  0.0	1.329	1.003	1.003
11	  Q	  1.5	  0.2	1.445	0.000	0.000
12	  E	  0.1	  0.3	0.507	0.000	0.000
13	  T	  0.1	  0.6	0.115	0.000	0.000
14	  G	  0.1	  0.5	0.115	0.000	0.000
15	  K	  0.1	  0.3	0.115	0.000	0.000
16	  N	  0.0	  0.2	0.240	0.000	0.000
17	  P	  0.0	  0.0	0.125	0.000	0.000
18	  V	  8.9	  0.0	0.125	0.146	0.146
19	  T	  9.8	  0.1	0.125	0.146	0.146
20	  Y	 10.0	  0.8	0.125	0.146	0.146
21	  G	  1.1	  0.8	0.125	0.146	0.146
22	  A	  0.2	  0.8	0.000	0.146	0.146
23	  Y	  0.0	  0.7	0.000	0.000	0.000
