res	aa	Beta	Turn	Helix	Aggregation	Conc-Stab_Aggregation
01	  D	  0.0	  0.0	0.000	0.000	0.000
02	  C	  0.0	  1.2	0.000	0.000	0.000
03	  P	  0.0	  1.5	0.000	0.000	0.000
04	  S	  0.0	  1.5	0.000	0.000	0.000
05	  D	  0.7	  1.5	0.000	0.000	0.000
06	  W	  1.0	  0.4	0.000	0.000	0.000
07	  S	  1.0	  0.2	0.108	0.000	0.000
08	  P	  0.2	  0.2	0.108	0.000	0.000
09	  Y	  0.3	  0.8	0.108	0.000	0.000
10	  E	  0.3	  0.9	0.108	0.000	0.000
11	  G	  0.4	  0.7	0.108	0.000	0.000
12	  H	  1.5	  0.7	0.108	0.000	0.000
13	  C	  5.0	  0.1	0.000	0.000	0.000
14	  Y	  5.4	  0.1	0.000	0.000	0.000
15	  K	  4.2	  0.1	0.000	0.000	0.000
16	  H	  3.1	  0.1	0.000	0.000	0.000
17	  F	  3.7	  0.1	0.000	0.000	0.000
18	  I	  6.0	  0.0	0.000	0.000	0.000
19	  K	  3.7	  0.0	0.000	0.000	0.000
20	  W	  3.2	  0.1	0.000	0.000	0.000
21	  M	  1.0	  0.2	0.000	0.000	0.000
22	  N	  0.8	  0.2	1.017	0.000	0.000
23	  N	  0.2	  3.5	1.608	0.000	0.000
24	  E	  0.0	  3.4	1.608	0.000	0.000
25	  D	  0.0	  3.6	1.608	0.000	0.000
26	  A	  0.1	  3.6	1.608	0.000	0.000
27	  E	  0.3	  0.3	1.608	0.000	0.000
28	  R	  0.4	  0.3	1.434	0.000	0.000
29	  F	  0.3	  0.1	1.025	0.000	0.000
30	  C	  0.1	  0.0	0.000	0.000	0.000
