res	aa	Beta	Turn	Helix	Aggregation	Conc-Stab_Aggregation
01	  T	  0.0	  1.1	0.000	0.000	0.000
02	  P	  0.0	  1.2	0.000	0.000	0.000
03	  D	  0.0	  1.2	0.000	0.000	0.000
04	  H	  0.4	  1.3	0.000	0.000	0.000
05	  Q	  1.1	  0.2	0.000	0.141	0.141
06	  R	  1.9	  0.1	0.000	8.311	8.311
07	  Y	  3.4	  0.1	0.000	8.319	8.319
08	  V	  6.6	  0.0	0.000	8.319	8.319
09	  E	  6.0	  0.0	0.000	8.319	8.319
10	  L	  4.6	  0.0	0.000	94.386	94.386
11	  F	  2.2	  0.0	0.000	94.386	94.386
12	  I	 10.4	  0.0	0.000	94.386	94.386
13	  V	 13.3	  0.0	0.000	94.322	94.322
14	  V	 12.6	  0.1	0.000	93.696	93.696
15	  D	  4.3	  0.3	0.000	0.000	0.000
16	  H	  0.8	  0.3	0.000	0.000	0.000
17	  G	  0.1	  0.3	1.091	0.000	0.000
18	  M	  0.4	  0.2	1.091	0.000	0.000
19	  Y	  4.4	  0.0	1.091	0.000	0.000
20	  T	  5.6	  0.0	1.091	0.000	0.000
21	  K	  6.1	  0.2	1.091	0.000	0.000
22	  Y	  2.6	  1.6	1.091	0.000	0.000
23	  N	  1.3	  1.6	0.785	0.000	0.000
24	  G	  0.5	  1.6	0.218	0.000	0.000
25	  D	  0.0	  1.4	0.000	0.000	0.000
