res	aa	Beta	Turn	Helix	Aggregation	Conc-Stab_Aggregation
01	  M	  0.4	  0.4	0.000	0.000	0.000
02	  S	  0.4	  0.6	0.720	0.024	0.024
03	  S	  0.4	  0.9	1.024	0.104	0.104
04	  G	  0.1	  0.9	1.265	0.737	0.737
05	  G	  0.0	  0.5	4.351	7.711	7.711
06	  L	  0.9	  0.3	4.351	83.940	83.940
07	  L	  1.7	  0.0	4.351	96.421	96.421
08	  L	  2.5	  0.0	4.351	98.566	98.566
09	  L	  1.8	  0.0	4.351	98.926	98.926
10	  L	  1.0	  0.0	4.351	98.910	98.910
11	  G	  0.2	  0.0	6.505	94.605	94.605
12	  L	  0.3	  0.0	4.001	94.171	94.171
13	  L	  2.3	  0.0	3.442	91.499	91.499
14	  T	  3.4	  0.0	3.011	75.951	75.951
15	  L	  3.6	  0.0	3.011	66.781	66.781
16	  C	  1.9	  0.2	2.828	13.621	13.621
17	  A	  0.8	  0.2	1.605	6.269	6.269
18	  E	  1.3	  0.2	1.339	0.000	0.000
19	  L	  1.2	  0.2	0.567	0.000	0.000
20	  T	  1.1	  0.0	0.000	0.000	0.000
21	  P	  0.1	  0.0	0.000	0.000	0.000
22	  V	  1.3	  0.1	0.000	0.000	0.000
23	  S	  1.4	  0.2	0.000	0.000	0.000
24	  S	  1.9	  2.2	0.000	0.000	0.000
25	  K	  0.7	  2.2	0.000	0.000	0.000
26	  D	  0.5	  2.1	0.000	0.000	0.000
27	  R	  0.0	  2.0	0.000	0.000	0.000
28	  H	  0.0	  0.0	0.000	0.000	0.000
