res	aa	Beta	Turn	Helix	Aggregation	Conc-Stab_Aggregation
01	  N	  0.3	  0.0	0.000	0.000	0.000
02	  L	  0.7	  0.0	0.000	0.000	0.000
03	  I	  3.2	  0.0	0.000	0.000	0.000
04	  D	  3.9	  0.0	0.870	0.000	0.000
05	  C	 14.1	  0.0	1.032	0.000	0.000
06	  C	 14.1	  0.0	1.318	0.000	0.000
07	  E	 13.4	  0.0	1.318	0.000	0.000
08	  I	  5.8	  0.0	1.318	0.000	0.000
09	  C	 12.3	  0.0	1.318	0.000	0.000
10	  C	 12.0	  0.0	1.166	0.000	0.000
11	  N	  9.5	  0.3	1.166	0.000	0.000
12	  P	  0.1	  0.3	0.000	0.000	0.000
13	  A	  0.2	  0.3	0.000	0.000	0.000
14	  C	  1.0	  0.9	0.000	0.000	0.000
15	  F	  1.5	  2.8	0.000	0.000	0.000
16	  G	  1.3	  2.8	0.000	0.000	0.000
17	  C	  1.4	  2.8	0.000	0.000	0.000
18	  L	  0.9	  2.2	0.000	0.000	0.000
19	  N	  0.9	  0.0	0.000	0.000	0.000
