res	aa	Beta	Turn	Helix	Aggregation	Conc-Stab_Aggregation
01	  F	  1.2	  0.0	0.000	0.000	0.000
02	  I	  2.3	  0.0	0.000	0.000	0.000
03	  K	  2.5	  0.0	0.000	0.000	0.000
04	  Q	  1.6	  0.0	0.000	0.000	0.000
05	  V	  0.6	  0.0	0.000	0.000	0.000
06	  D	  0.5	 10.5	0.000	0.000	0.000
07	  E	  0.1	 11.5	0.000	0.000	0.000
08	  N	  0.0	 11.9	0.000	0.000	0.000
09	  G	  0.0	 11.9	0.000	0.000	0.000
10	  N	  0.3	  1.4	0.000	0.000	0.000
11	  L	  0.6	  0.4	0.000	0.000	0.000
12	  I	  3.1	  0.0	0.000	0.000	0.000
13	  D	  3.8	  0.0	1.053	0.000	0.000
14	  C	 14.0	  0.0	1.239	0.000	0.000
15	  C	 14.1	  0.0	1.552	0.000	0.000
16	  E	 13.3	  0.0	1.552	0.000	0.000
17	  I	  5.8	  0.0	1.552	0.000	0.000
18	  C	 12.2	  0.0	1.552	0.000	0.000
19	  C	 12.0	  0.0	1.369	0.000	0.000
20	  N	  9.4	  0.3	1.369	0.000	0.000
21	  P	  0.1	  0.3	0.000	0.000	0.000
22	  A	  0.2	  0.3	0.000	0.000	0.000
23	  C	  1.0	  0.9	0.000	0.000	0.000
24	  F	  1.5	  2.8	0.000	0.000	0.000
25	  G	  1.3	  2.8	0.000	0.000	0.000
26	  C	  1.4	  2.8	0.000	0.000	0.000
27	  L	  0.9	  2.2	0.000	0.000	0.000
28	  N	  0.9	  0.0	0.000	0.000	0.000
