res	aa	Beta	Turn	Helix	Aggregation	Conc-Stab_Aggregation
01	  A	  0.1	  0.2	0.000	0.000	0.000
02	  S	  0.1	  0.6	0.000	0.000	0.000
03	  G	  0.1	  0.7	0.000	0.000	0.000
04	  G	  0.0	  0.7	0.000	0.000	0.000
05	  T	  0.5	  0.6	0.000	0.130	0.130
06	  V	  0.6	  1.0	0.000	0.130	0.130
07	  G	  0.6	  1.2	0.242	0.130	0.130
08	  A	  0.2	  1.2	0.242	0.130	0.130
09	  Y	  0.3	  1.1	0.242	0.130	0.130
10	  G	  0.3	  0.3	0.489	0.000	0.000
11	  A	  0.4	  0.0	0.489	0.000	0.000
12	  W	  0.9	  0.0	0.489	0.000	0.000
13	  M	  1.5	  0.1	0.489	0.000	0.000
14	  R	  1.5	  0.1	0.489	0.000	0.000
15	  S	  3.8	  1.2	0.247	0.131	0.131
16	  A	  3.6	  1.2	0.118	1.177	1.177
17	  S	  3.7	  1.1	0.000	1.397	1.397
18	  L	  1.4	  1.1	0.000	3.752	3.752
19	  V	  2.8	  0.0	0.000	4.059	4.059
20	  S	  5.0	  0.7	0.000	4.059	4.059
21	  A	  4.4	  0.7	0.000	4.263	4.263
22	  S	  3.1	  0.7	0.000	4.504	4.504
23	  T	  9.4	  0.7	0.000	6.430	6.430
24	  I	 11.9	  0.1	0.000	6.430	6.430
25	  T	 14.3	  0.0	0.000	6.059	6.059
26	  T	 23.5	  0.0	0.000	5.835	5.835
27	  F	 20.9	  0.0	0.000	5.835	5.835
28	  S	 18.2	  0.0	0.000	0.000	0.000
