res	aa	Beta	Turn	Helix	Aggregation	Conc-Stab_Aggregation
01	  L	  0.1	  0.0	0.000	0.000	0.000
02	  A	  0.2	  0.1	0.000	0.000	0.000
03	  K	  0.4	  0.1	0.000	0.000	0.000
04	  R	  0.5	  0.6	0.000	0.000	0.000
05	  A	  0.5	  0.6	0.000	0.000	0.000
06	  D	  0.7	  0.6	0.000	0.000	0.000
07	  I	  1.8	  0.5	0.000	0.000	0.000
08	  C	  1.9	  0.0	0.000	0.000	0.000
09	  Q	  1.5	  1.8	0.000	0.000	0.000
10	  P	  0.2	  2.0	0.000	0.000	0.000
11	  G	  0.0	  2.1	0.000	0.000	0.000
12	  K	  0.2	  2.1	0.000	0.000	0.000
13	  T	  1.3	  0.4	0.000	0.000	0.000
14	  S	  2.0	  0.3	0.000	0.000	0.000
15	  Q	  1.9	  0.2	0.000	0.000	0.000
16	  R	  0.8	  0.2	0.000	0.000	0.000
17	  A	  0.2	  0.1	0.000	0.000	0.000
18	  C	  0.6	  0.0	0.000	0.000	0.000
19	  E	  0.6	  0.0	0.000	0.000	0.000
20	  T	  0.5	  0.0	0.000	0.000	0.000
