res	aa	Beta	Turn	Helix	Aggregation	Conc-Stab_Aggregation
01	  N	  0.0	  0.0	0.000	0.000	0.000
02	  G	  0.1	  0.0	0.000	0.000	0.000
03	  V	  0.7	  0.0	0.000	0.000	0.000
04	  K	  0.8	  0.0	0.000	0.000	0.000
05	  P	  0.7	  0.0	0.000	0.000	0.000
06	  E	  0.0	  0.0	0.000	0.000	0.000
07	  P	  0.0	  0.0	0.000	0.000	0.000
08	  R	  5.3	  0.0	0.000	0.000	0.000
09	  I	  7.4	  0.0	0.000	0.215	0.215
10	  T	  8.1	  0.0	0.000	0.215	0.215
11	  S	 12.4	  0.1	0.000	0.215	0.215
12	  V	 14.1	  0.2	0.000	0.346	0.346
13	  S	 13.8	  0.2	0.493	0.346	0.346
14	  L	  4.9	  0.2	0.493	0.346	0.346
15	  C	  2.8	  0.0	0.493	0.131	0.131
16	  T	  2.4	  0.3	0.493	0.131	0.131
17	  M	  2.6	  0.4	0.493	0.131	0.131
18	  G	  0.6	  0.4	0.493	0.000	0.000
19	  C	  0.5	  1.2	0.097	0.000	0.000
20	  Q	  0.1	  1.2	0.000	0.000	0.000
21	  G	  0.1	  1.0	0.000	0.000	0.000
22	  S	  0.2	  1.1	0.000	0.000	0.000
23	  K	  0.7	  0.3	0.000	0.000	0.000
24	  L	  0.7	  0.2	0.000	2.776	2.776
25	  Q	  0.9	  0.1	0.000	3.211	3.211
26	  T	  3.8	  0.0	0.000	28.932	28.932
27	  V	  6.3	  0.0	0.000	71.599	71.599
28	  I	  6.1	  0.0	0.000	74.996	74.996
29	  C	  3.3	  0.0	0.000	74.852	74.852
30	  N	  1.1	  0.0	0.000	74.807	74.807
31	  W	  1.8	  0.0	0.000	74.807	74.807
32	  V	  1.3	  0.0	0.000	72.541	72.541
33	  K	  0.8	  0.0	0.000	0.205	0.205
