res	aa	Beta	Turn	Helix	Aggregation	Conc-Stab_Aggregation
01	  K	  0.3	  0.0	0.000	0.000	0.000
02	  S	  1.3	  0.0	0.000	0.012	0.012
03	  H	  2.4	  0.4	0.000	0.051	0.051
04	  I	  2.1	  0.4	0.000	9.415	9.415
05	  G	  1.2	  0.4	0.251	10.227	10.227
06	  S	  0.7	  0.4	0.792	18.405	18.405
07	  W	  1.1	  0.0	0.792	83.483	83.483
08	  I	  4.2	  0.0	0.792	98.520	98.520
09	  L	  5.5	  0.0	0.792	99.803	99.803
10	  V	  6.4	  0.0	0.792	99.981	99.981
11	  L	  3.9	  0.0	0.792	99.989	99.989
12	  F	  4.4	  0.0	0.678	99.889	99.889
13	  V	  6.4	  0.0	0.342	98.326	98.326
14	  A	  5.9	  0.0	0.342	79.089	79.089
15	  M	  4.1	  0.0	0.342	62.689	62.689
16	  W	  0.8	  0.5	0.342	42.490	42.490
17	  S	  0.6	  0.5	0.246	4.801	4.801
18	  D	  0.2	  0.5	0.287	0.069	0.069
19	  V	  0.3	  0.6	0.287	0.069	0.069
20	  G	  0.3	  0.0	0.625	0.069	0.069
21	  L	  0.4	  0.0	0.625	0.069	0.069
22	  C	  0.5	  0.1	0.625	0.069	0.069
23	  K	  0.6	  0.1	0.625	0.069	0.069
24	  K	  0.5	  0.1	0.625	0.000	0.000
25	  R	  0.2	  0.1	0.338	0.000	0.000
26	  P	  0.1	  0.0	0.000	0.000	0.000
27	  K	  0.0	  0.0	0.000	0.000	0.000
28	  P	  0.0	  0.0	0.000	0.000	0.000
29	  G	  0.0	  0.0	0.000	0.000	0.000
