res	aa	Beta	Turn	Helix	Aggregation	Conc-Stab_Aggregation
01	  D	  0.1	  0.1	0.000	0.000	0.000
02	  Q	  0.6	  0.1	0.000	0.000	0.000
03	  C	  1.3	  0.1	0.000	0.000	0.000
04	  R	  1.7	  0.1	0.000	0.000	0.000
05	  F	  1.6	  0.1	0.000	0.000	0.000
06	  K	  1.0	  0.1	0.000	0.000	0.000
07	  K	  0.6	  0.1	0.000	0.000	0.000
08	  K	  0.6	  0.2	0.000	0.000	0.000
09	  R	  1.3	  0.1	0.000	0.000	0.000
10	  T	  3.6	  0.1	0.000	0.000	0.000
11	  I	  4.0	  0.0	0.000	0.000	0.000
12	  C	  4.3	  0.1	0.289	0.000	0.000
13	  R	  2.1	  0.1	0.289	0.000	0.000
14	  R	  1.3	  0.3	0.289	0.000	0.000
15	  A	  0.3	  0.4	0.289	0.000	0.000
16	  R	  0.2	  1.3	0.289	0.000	0.000
17	  G	  0.1	  1.3	0.289	0.000	0.000
18	  D	  0.1	  1.1	0.116	0.000	0.000
19	  N	  0.0	 11.6	0.191	0.000	0.000
20	  P	  0.0	 10.9	0.191	0.000	0.000
21	  D	  0.0	 11.1	0.315	0.000	0.000
22	  D	  0.0	 11.1	0.985	0.000	0.000
23	  R	  1.4	  0.4	0.985	0.000	0.000
24	  C	  1.7	  0.5	0.985	0.000	0.000
25	  T	  1.7	  0.4	0.794	0.000	0.000
26	  G	  0.4	  0.5	0.794	0.000	0.000
27	  Q	  0.1	  0.5	0.794	0.000	0.000
28	  S	  0.4	  4.5	0.000	0.000	0.000
29	  A	  0.5	  4.4	0.000	0.000	0.000
30	  D	  0.4	  4.2	0.000	0.000	0.000
31	  C	  0.1	  4.7	0.000	0.000	0.000
32	  P	  0.0	  0.7	0.000	0.000	0.000
33	  R	  0.1	  0.7	0.000	0.000	0.000
34	  N	  0.1	  0.7	0.000	0.000	0.000
35	  S	  0.1	  0.2	0.000	0.000	0.000
