res	aa	Beta	Turn	Helix	Aggregation	Conc-Stab_Aggregation
01	  M	  0.1	  0.2	0.000	0.000	0.000
02	  S	  0.1	  0.2	0.000	0.000	0.000
03	  D	  1.0	  0.9	0.000	0.000	0.000
04	  I	  1.9	  0.9	0.000	0.000	0.000
05	  N	  2.0	  0.9	0.000	0.000	0.000
06	  A	  1.2	  0.9	0.000	0.000	0.000
07	  T	  1.1	  0.2	0.000	0.000	0.000
08	  R	  1.1	  0.2	0.000	0.000	0.000
09	  L	  0.9	  0.0	0.000	0.000	0.000
10	  P	  0.1	  0.0	0.000	1.028	1.028
11	  F	  1.6	  0.0	0.000	93.270	93.270
12	  V	  7.3	  0.0	0.000	93.270	93.270
13	  F	  9.7	  0.0	0.000	93.270	93.270
14	  V	 12.0	  0.0	0.000	93.270	93.270
15	  A	  6.4	  0.0	0.000	92.714	92.714
16	  S	  3.8	  0.0	0.000	0.073	0.073
17	  P	  0.0	  0.1	0.000	0.000	0.000
18	  P	  0.0	  0.1	0.000	0.000	0.000
19	  C	  0.4	  0.4	0.000	0.000	0.000
20	  V	  0.4	  2.1	0.000	0.000	0.000
21	  G	  0.4	  2.2	0.000	0.000	0.000
22	  D	  0.1	  2.2	0.555	0.000	0.000
23	  D	  0.2	  1.9	1.235	0.000	0.000
24	  I	  2.9	  0.2	1.235	43.612	43.612
25	  A	  3.1	  0.0	1.235	46.982	46.982
26	  M	  5.3	  0.0	1.235	46.982	46.982
27	  V	  4.2	  0.0	1.235	46.982	46.982
28	  L	  4.0	  0.0	1.235	46.982	46.982
29	  T	  1.8	  0.2	0.951	19.759	19.759
30	  R	  0.3	  0.3	0.951	0.000	0.000
31	  G	  0.1	  0.7	0.307	0.000	0.000
32	  E	  0.1	  0.7	0.000	0.000	0.000
33	  N	  0.3	  0.5	0.000	0.000	0.000
34	  L	  0.3	  0.4	0.000	0.000	0.000
35	  C	  0.3	  0.0	0.000	0.000	0.000
