res	aa	Beta	Turn	Helix	Aggregation	Conc-Stab_Aggregation
01	  M	  0.0	  0.2	0.000	0.000	0.000
02	  S	  0.1	  0.2	0.000	0.000	0.000
03	  D	  0.8	  0.4	0.000	0.000	0.000
04	  I	 10.3	  0.4	0.000	0.000	0.000
05	  N	 13.1	  0.2	0.000	0.000	0.000
06	  V	 15.4	  0.2	0.000	0.000	0.000
07	  I	  9.0	  0.0	0.000	0.000	0.000
08	  R	  5.7	  0.0	0.000	0.000	0.000
09	  A	  2.7	  0.1	0.000	0.000	0.000
10	  P	  0.0	  0.1	0.000	0.474	0.474
11	  L	  0.8	  0.1	0.000	64.202	64.202
12	  L	  2.1	  0.1	0.000	74.407	74.407
13	  I	  3.4	  0.0	0.000	74.532	74.532
14	  L	  4.2	  0.0	0.000	74.532	74.532
15	  S	  3.5	  0.0	0.000	74.338	74.338
16	  I	  2.5	  0.0	0.000	69.590	69.590
17	  L	  0.9	  0.0	0.000	5.013	5.013
18	  P	  0.3	  0.0	0.000	2.667	2.667
19	  C	  0.4	  0.2	0.000	0.000	0.000
20	  V	  0.4	  1.7	0.000	0.000	0.000
21	  G	  0.4	  1.9	0.120	0.000	0.000
22	  D	  0.1	  1.9	1.856	0.000	0.000
23	  D	  1.5	  1.7	5.779	0.000	0.000
24	  I	  8.8	  0.2	6.543	0.000	0.000
25	  E	  9.1	  0.0	6.666	0.000	0.000
26	  V	  9.4	  0.0	6.666	0.000	0.000
27	  L	  2.2	  0.1	6.666	0.000	0.000
28	  R	  1.9	  0.2	6.548	0.000	0.000
29	  R	  0.3	  0.3	6.128	0.000	0.000
30	  G	  0.1	  0.6	3.316	0.000	0.000
31	  E	  0.0	  0.6	1.177	0.000	0.000
32	  G	  0.0	  0.4	0.000	0.000	0.000
33	  L	  0.0	  0.4	0.000	0.000	0.000
34	  S	  0.0	  0.1	0.000	0.000	0.000
