res	aa	Beta	Turn	Helix	Aggregation	Conc-Stab_Aggregation
01	  M	  0.1	  0.2	0.000	0.000	0.000
02	  S	  0.1	  0.2	0.000	0.000	0.000
03	  D	  1.0	  0.9	0.000	0.000	0.000
04	  I	  1.9	  0.9	0.000	0.000	0.000
05	  N	  2.0	  0.9	0.000	0.000	0.000
06	  A	  1.2	  0.9	0.000	0.000	0.000
07	  T	  1.1	  0.2	0.000	0.000	0.000
08	  R	  1.1	  0.2	0.000	0.000	0.000
09	  L	  0.9	  0.0	0.000	0.000	0.000
10	  P	  0.1	  0.0	0.000	0.000	0.000
11	  I	  0.7	  0.0	0.000	0.741	0.741
12	  W	  0.9	  0.1	0.000	0.741	0.741
13	  G	  0.9	  0.4	0.000	0.741	0.741
14	  I	  0.4	  1.5	0.000	0.741	0.741
15	  G	  0.3	  1.5	0.000	0.741	0.741
16	  C	  0.3	  1.4	0.000	0.452	0.452
17	  N	  0.2	  1.1	0.000	0.000	0.000
18	  P	  0.1	  0.0	0.000	0.000	0.000
19	  C	  0.4	  0.3	0.000	0.000	0.000
20	  V	  0.4	  1.9	0.000	0.000	0.000
21	  G	  0.4	  2.2	0.000	0.000	0.000
22	  D	  0.1	  2.2	0.258	0.000	0.000
23	  D	  1.1	  1.9	0.373	0.000	0.000
24	  V	  3.7	  0.2	0.373	5.910	5.910
25	  T	  4.5	  0.0	0.373	6.345	6.345
26	  S	  4.0	  0.0	0.846	6.345	6.345
27	  V	  2.9	  0.0	0.846	6.345	6.345
28	  L	  2.2	  0.0	0.846	6.345	6.345
29	  T	  1.8	  0.2	1.019	2.658	2.658
30	  R	  0.3	  0.3	1.019	0.000	0.000
31	  G	  0.2	  0.3	0.646	0.000	0.000
32	  E	  0.1	  0.3	0.173	0.000	0.000
33	  A	  0.2	  0.1	0.173	0.000	0.000
34	  L	  0.2	  0.0	0.173	0.000	0.000
35	  C	  0.1	  0.0	0.173	0.000	0.000
