res	aa	Beta	Turn	Helix	Aggregation	Conc-Stab_Aggregation
01	  M	  0.1	  0.0	0.000	0.000	0.000
02	  W	  0.7	  0.2	0.000	0.000	0.000
03	  E	  0.7	  0.2	0.000	0.000	0.000
04	  Q	  1.4	  0.2	0.000	0.000	0.000
05	  L	  1.1	  0.2	0.000	0.000	0.000
06	  T	  1.1	  0.1	4.543	0.000	0.000
07	  D	  0.3	  2.1	6.489	0.000	0.000
08	  A	  0.2	  2.1	6.489	0.000	0.000
09	  S	  0.2	  2.1	8.177	0.000	0.000
10	  R	  0.2	  2.1	8.177	0.000	0.000
11	  A	  0.2	  0.1	8.177	0.000	0.000
12	  A	  0.3	  0.1	7.762	0.000	0.000
13	  L	  0.6	  0.1	6.956	0.000	0.000
14	  N	  0.6	  1.5	5.571	0.000	0.000
15	  S	  0.5	  3.8	2.446	0.000	0.000
16	  S	  0.1	  4.9	0.571	0.000	0.000
17	  D	  0.1	  4.9	0.000	0.000	0.000
18	  N	  0.1	  4.0	0.000	0.000	0.000
19	  F	  0.2	  2.1	0.000	0.000	0.000
20	  G	  0.2	  0.9	0.000	0.000	0.000
21	  R	  0.3	  0.9	0.000	0.000	0.000
22	  A	  0.5	  0.4	0.000	0.000	0.000
23	  E	  0.6	  0.0	0.000	0.000	0.000
24	  V	  0.6	  0.0	0.000	0.000	0.000
25	  P	  0.2	  0.0	0.000	0.000	0.000
26	  F	  0.3	  0.3	0.000	0.000	0.000
27	  S	  0.3	  0.4	0.000	0.000	0.000
28	  D	  0.3	  0.5	0.000	0.000	0.000
29	  E	  0.2	  0.5	0.000	0.000	0.000
30	  K	  0.2	  0.3	0.000	0.000	0.000
31	  S	  0.2	  0.2	0.000	0.000	0.000
