res	aa	Beta	Turn	Helix	Aggregation	Conc-Stab_Aggregation
01	  M	  0.7	  0.0	0.000	0.000	0.000
02	  F	  1.6	  0.0	0.000	90.647	90.647
03	  Y	  2.7	  0.0	0.000	92.862	92.862
04	  I	  3.8	  0.0	0.000	92.862	92.862
05	  I	  6.6	  0.0	0.000	92.862	92.862
06	  S	 12.0	  0.3	0.000	92.862	92.862
07	  Y	 14.1	  0.3	0.000	74.119	74.119
08	  D	 10.7	  0.3	0.000	0.000	0.000
09	  I	  4.3	  0.6	1.320	0.000	0.000
10	  P	  0.1	  0.5	4.752	0.000	0.000
11	  D	  0.0	  0.6	19.093	0.000	0.000
12	  D	  0.0	  0.7	28.802	0.000	0.000
13	  K	  0.2	  0.4	28.881	0.000	0.000
14	  R	  0.5	  0.2	29.331	0.000	0.000
15	  R	  0.6	  0.2	29.448	0.000	0.000
16	  Q	  0.5	  0.1	29.731	0.000	0.000
17	  E	  0.7	  0.0	28.915	0.361	0.361
18	  I	  0.9	  0.0	26.930	0.361	0.361
19	  A	  1.0	  0.0	27.048	0.361	0.361
20	  K	  0.9	  0.0	25.939	0.361	0.361
21	  I	  2.6	  0.0	21.811	19.030	19.030
22	  L	  2.7	  0.2	21.730	19.030	19.030
23	  L	  3.5	  0.2	19.894	19.030	19.030
24	  N	  1.6	  0.4	16.806	18.939	18.939
25	  F	  1.3	  2.4	4.787	18.939	18.939
26	  G	  0.1	  2.3	0.394	0.666	0.666
27	  D	  0.1	  2.3	0.176	0.000	0.000
28	  R	  1.4	  2.0	0.176	0.000	0.000
29	  V	  4.6	  0.0	0.176	0.000	0.000
30	  Q	  5.9	  0.0	0.176	0.000	0.000
31	  Y	  4.6	  0.0	0.000	0.000	0.000
32	  S	  1.4	  0.0	0.000	0.000	0.000
