res	aa	Beta	Turn	Helix	Aggregation	Conc-Stab_Aggregation
01	  E	  0.0	  0.3	0.000	0.000	0.000
02	  G	  0.1	  0.3	0.000	0.000	0.000
03	  C	  9.1	  0.3	0.000	0.000	0.000
04	  C	  9.3	  0.3	0.000	0.000	0.000
05	  S	  9.2	  0.0	0.000	0.000	0.000
06	  N	  0.2	  0.3	0.275	0.000	0.000
07	  P	  0.0	  0.3	0.275	0.000	0.000
08	  A	  0.2	  0.3	0.275	0.000	0.000
09	  C	  0.3	  0.5	0.275	0.000	0.000
10	  R	  0.8	  0.2	0.275	0.000	0.000
11	  T	  0.9	  0.2	0.275	0.000	0.000
12	  N	  0.8	  0.2	0.275	0.000	0.000
13	  H	  0.3	  0.5	0.171	0.000	0.000
14	  P	  0.0	  0.4	0.000	0.000	0.000
15	  E	  0.9	  0.4	0.000	0.000	0.000
16	  V	  1.6	  0.4	0.000	0.000	0.000
17	  C	  1.6	  0.0	0.000	0.000	0.000
18	  D	  0.7	  0.0	0.000	0.000	0.000
